data/annprecip.asc
ncols        384
nrows        480
xllcorner    138.000000000000
yllcorner    -29.000000000000
cellsize     0.041666666667
NODATA_value -9999
[rows 266 to 303 of 480, columns 170 to 254 of 384]
661 666 671 668 662 663 656 660 642 643 642 656 666 656 658 686 684 685 682 650 660 680 677 693 705 701 676 675 775 693 699 673 668 678 668 682 671 677 666 691 683 691 701 709 719 742 737 738 758 777 780 819 839 891 850 840 847 873 888 890 890 887 915 1052 1188 983 964 942 1092 1126 985 996 1033 1103 1022 1013 1008 1071 -9999 -9999 1173 1199 1141 1105 2209
654 663 668 662 665 664 655 667 657 641 640 661 661 649 659 644 668 683 672 647 664 685 691 691 700 705 686 701 688 688 664 668 668 664 664 656 666 670 667 668 694 684 688 709 706 713 712 720 738 746 784 798 821 850 841 823 840 898 859 880 861 848 889 937 938 1015 970 941 1026 1069 991 985 1003 1054 1032 1015 1090 1143 1325 1374 1345 1268 1306 1194 1060
653 660 662 661 652 657 654 659 659 654 638 667 647 643 628 648 658 665 671 654 655 680 688 689 686 702 699 695 685 679 674 675 674 662 676 693 663 651 652 677 676 673 690 697 706 698 702 712 720 741 759 780 792 837 834 826 843 861 857 878 866 855 879 873 916 929 905 975 1074 979 997 1021 1034 1054 1033 1018 1057 1102 1116 1114 1125 1341 1573 1338 1241
647 656 661 659 661 658 664 651 642 661 656 651 651 630 635 660 674 676 656 652 667 681 690 699 692 688 679 673 671 674 670 680 680 654 641 665 668 650 671 667 672 666 675 697 681 688 711 717 703 706 737 784 799 830 853 832 827 835 840 860 844 857 855 886 886 928 900 956 1074 962 953 1004 991 1079 1088 1032 1146 1294 1198 1189 1131 1384 1839 1889 1766
648 654 659 655 657 651 645 658 656 660 650 639 638 639 644 641 653 645 646 651 661 674 673 674 691 682 683 682 679 662 673 664 668 664 660 673 677 666 668 672 675 673 682 675 672 681 682 684 689 702 730 757 777 797 818 816 817 810 810 814 819 837 853 856 865 880 869 866 908 923 923 957 1009 1065 1087 1071 1486 1644 1505 1298 1181 1352 1735 2011 2034
646 653 653 642 643 646 642 651 657 656 658 650 631 645 632 637 648 633 637 643 649 659 668 677 675 670 664 677 667 659 651 659 657 658 674 672 685 673 666 660 659 674 670 666 667 657 685 682 677 700 712 750 767 774 777 798 793 809 799 813 814 848 862 860 865 864 868 862 851 894 918 924 987 995 1011 1186 1342 1641 1803 1500 1286 1429 1632 1875 1994
634 637 641 638 636 640 642 651 649 652 649 652 649 638 645 657 663 641 653 655 658 662 666 665 667 668 652 643 655 654 639 642 654 668 666 658 671 671 674 668 664 673 667 663 673 670 678 691 673 679 688 729 722 741 756 766 760 806 777 776 782 831 840 850 841 855 834 885 880 877 859 885 942 1142 1298 1425 1468 1197 1310 1586 1456 1525 1648 1805 1806
622 640 645 635 645 641 646 647 640 642 653 654 655 653 646 654 658 639 656 646 660 646 655 649 634 631 634 628 660 673 664 676 664 700 651 657 666 663 671 661 679 678 671 656 666 664 658 666 672 678 679 688 686 701 732 757 736 753 758 779 810 806 805 824 836 846 832 795 871 883 863 900 1010 995 1106 1289 1446 1272 1238 1551 1631 1620 1571 1750 1825
613 629 633 635 635 644 637 636 635 645 651 646 646 655 655 652 653 641 637 640 627 636 633 626 648 643 650 627 637 657 666 660 644 651 654 662 644 656 661 659 669 659 659 658 660 655 665 654 659 664 668 679 681 692 721 738 716 718 744 775 814 829 817 832 813 820 818 784 821 867 867 887 1116 1040 1015 1215 1301 1426 1515 1478 1588 1469 1431 1526 1550
598 610 620 629 629 637 639 637 646 640 639 643 633 639 639 644 643 644 648 637 638 651 636 645 645 644 664 647 621 631 650 641 657 655 686 687 653 637 644 632 645 650 646 676 654 657 655 655 653 658 665 671 677 676 684 689 699 703 725 747 775 800 809 828 824 801 813 783 813 869 863 891 976 1225 1103 1249 1222 1430 1695 1705 1778 1551 1424 1266 1241
595 608 607 618 624 628 636 646 637 632 630 645 624 632 632 632 637 639 649 645 641 650 642 650 632 652 643 634 624 623 613 634 647 641 654 729 644 642 640 626 634 634 642 655 650 654 651 655 651 655 662 666 664 654 668 685 681 681 708 750 764 766 804 786 783 779 804 800 819 826 880 911 995 1217 1311 1215 1149 1491 1623 1764 1796 1622 1408 1164 1158
601 607 612 615 613 621 626 638 638 631 643 626 633 639 640 636 635 641 637 637 639 614 621 629 618 644 627 629 619 625 636 628 643 639 641 634 638 634 629 631 641 646 646 731 653 648 645 651 641 649 651 660 654 664 671 670 687 686 707 705 705 757 764 714 732 752 781 808 811 778 855 910 947 1080 1190 1134 1089 1553 1577 1532 1603 1478 1520 1321 1205
590 595 604 611 618 614 616 627 633 638 632 631 624 619 630 635 630 636 638 637 633 633 622 622 616 629 624 620 620 618 619 614 612 613 619 642 629 628 628 646 644 639 647 642 646 653 662 663 651 654 646 645 654 665 660 661 666 704 707 676 685 698 696 713 743 772 774 786 783 784 850 859 848 898 989 1219 1224 1378 1534 1594 1429 1411 1457 1397 1295
588 592 596 608 615 616 618 618 619 620 621 629 632 632 632 637 640 631 630 633 636 637 630 619 624 624 606 608 613 600 600 608 605 614 634 613 622 641 638 631 635 639 647 641 648 659 661 679 673 657 642 643 650 657 661 653 664 669 676 686 701 689 693 715 748 750 760 786 777 778 796 854 845 852 951 1072 1162 1229 1402 1342 1187 1224 1316 1461 1402
578 592 594 598 609 612 613 619 611 611 616 627 628 629 631 631 623 626 626 627 630 631 621 616 617 617 623 620 614 609 597 605 591 603 616 618 622 623 618 628 632 635 639 643 654 657 658 656 645 642 643 635 641 651 666 662 651 665 673 668 675 672 690 701 729 722 741 765 758 796 826 846 857 835 791 890 1104 1142 1178 1282 1359 1355 1275 1338 1381
574 581 589 575 590 605 603 609 606 605 614 623 623 618 617 621 628 626 620 620 617 620 621 623 609 611 616 601 617 611 596 585 602 614 611 618 613 621 627 627 628 640 646 649 654 659 635 634 629 643 640 631 636 638 657 657 636 656 658 670 671 664 686 695 709 698 723 754 771 743 811 844 816 864 834 786 872 906 999 1142 1387 1615 1396 1289 1423
572 575 575 578 582 583 587 592 600 609 616 614 613 608 614 616 622 626 626 618 609 621 623 615 594 594 603 604 615 610 604 613 614 625 617 607 611 627 621 608 626 625 647 654 665 636 631 622 621 622 621 620 625 634 629 633 641 642 650 655 649 687 681 706 696 704 715 726 722 749 789 761 774 782 782 862 824 859 890 1189 1139 1435 1540 1495 1456
556 572 569 569 577 580 589 586 583 593 600 605 603 608 604 613 617 616 611 609 608 605 610 610 601 588 604 600 605 620 600 610 620 621 612 610 611 613 611 615 622 640 649 653 633 609 616 619 616 618 618 623 626 625 628 634 639 647 657 650 643 645 643 682 671 707 706 711 724 733 751 738 754 770 827 849 798 802 952 1190 1133 1364 1483 1412 1483
561 571 560 561 568 575 579 578 579 589 593 593 600 603 603 604 607 604 614 606 598 604 599 600 607 611 600 592 612 612 599 606 611 618 627 604 615 609 614 615 620 636 636 634 626 615 597 604 613 607 621 622 613 634 622 636 636 632 639 640 636 629 647 674 697 690 700 708 724 724 742 720 783 766 791 755 767 750 786 969 1180 1183 1327 1590 1631
558 564 555 562 564 574 578 575 583 583 591 594 593 597 600 596 597 602 602 601 609 604 601 602 603 615 605 599 598 600 608 612 611 608 612 599 602 606 615 609 617 636 634 619 615 614 611 618 605 595 617 619 611 618 635 634 626 625 633 614 632 622 637 655 660 675 701 698 709 717 746 734 752 793 805 734 827 760 837 807 964 1036 1245 1448 1652
560 555 552 554 558 561 576 586 591 588 588 594 592 596 593 589 589 596 598 599 602 593 596 597 590 596 596 604 602 595 612 607 616 608 610 605 607 612 618 616 609 618 598 600 611 615 613 611 608 608 611 612 616 623 629 629 610 626 632 633 630 620 616 626 638 654 678 689 681 700 703 729 718 770 750 798 775 790 813 857 896 952 1234 1356 1564
555 559 551 549 556 562 566 580 583 586 585 583 582 585 590 583 594 591 596 598 599 583 590 586 585 599 606 601 610 596 594 600 598 602 608 594 600 618 603 608 611 603 600 610 609 609 607 609 617 615 613 618 612 624 630 618 620 619 646 626 622 630 642 643 641 624 630 672 705 689 716 694 714 750 738 841 848 742 797 808 942 1186 1214 1348 1656
554 550 547 548 552 558 567 578 575 575 583 579 581 583 583 590 594 593 594 591 595 587 589 584 562 579 579 587 589 580 582 601 595 602 603 596 591 604 599 609 615 606 595 591 603 611 610 609 603 612 603 620 629 622 629 619 621 622 625 624 611 636 648 636 636 644 625 674 664 699 692 670 701 688 739 776 768 752 744 779 1067 1105 1205 1458 1682
549 540 541 546 555 554 561 569 577 570 578 580 575 571 574 581 586 589 591 590 575 585 579 579 569 570 573 582 578 585 586 597 599 595 600 604 592 604 599 610 600 604 595 596 597 598 604 609 604 608 617 614 624 633 629 618 620 630 628 635 622 617 618 632 643 652 626 637 633 669 700 684 750 706 679 804 788 772 874 855 974 1076 1273 1569 1762
538 526 541 546 550 560 561 561 566 571 571 570 573 568 568 579 578 577 585 581 577 578 590 580 576 570 568 569 582 581 584 592 589 596 596 595 607 617 595 602 605 601 606 585 586 595 603 603 614 599 615 618 616 624 624 617 620 621 630 630 626 621 620 611 632 648 654 642 639 639 668 695 700 705 678 807 792 729 789 942 1001 1211 1521 1576 1619
536 527 540 543 548 554 557 550 560 569 569 577 570 572 570 575 578 578 584 577 579 570 564 565 571 576 575 571 578 588 576 596 591 589 589 600 610 628 607 600 611 597 598 591 577 595 601 608 602 603 605 597 602 607 613 596 594 611 630 621 617 614 621 603 637 659 634 624 626 638 678 682 682 680 698 705 755 769 769 1003 1044 1462 1518 1549 1667
539 529 534 547 546 554 552 557 556 560 564 569 565 569 565 567 566 575 571 585 578 570 567 570 573 579 584 584 590 584 582 593 590 594 587 594 611 606 608 599 598 599 596 591 592 595 597 789 710 604 601 602 604 606 615 589 604 609 604 604 617 602 602 605 624 648 636 616 611 629 653 665 668 705 684 720 692 738 758 905 1010 1117 1454 1608 1593
524 526 534 541 545 544 548 554 553 559 552 562 562 564 563 574 574 578 570 575 579 577 578 570 574 573 571 573 585 586 584 580 586 598 596 607 604 601 604 588 592 594 588 589 587 596 591 622 784 595 593 585 601 595 606 607 623 604 591 596 611 615 611 601 601 606 635 625 616 629 646 653 671 684 674 685 709 749 815 971 997 1078 1174 1509 1573
524 530 533 541 540 540 546 548 556 550 551 558 563 561 557 562 567 572 570 573 581 575 582 580 575 572 568 567 577 581 582 583 585 582 587 600 584 598 601 602 581 572 582 588 591 602 592 577 589 588 586 586 598 600 600 619 607 604 600 584 595 607 620 618 587 598 603 595 605 611 631 637 641 666 667 663 681 720 705 737 853 951 1210 1393 1474
523 525 524 524 532 538 541 546 554 555 550 550 556 560 561 567 572 571 576 576 580 568 575 586 573 569 568 577 579 579 579 587 577 584 585 600 580 601 608 608 587 585 590 597 595 590 584 587 589 586 592 593 601 594 598 610 612 599 604 583 580 581 611 613 589 602 608 594 591 615 617 604 618 644 653 656 706 705 710 735 803 1036 1011 1290 1429
513 517 521 532 533 538 537 537 539 548 555 553 550 549 553 556 560 568 574 576 568 573 569 572 578 570 573 581 578 577 573 562 588 601 592 605 590 594 608 605 580 591 596 605 604 585 571 590 584 580 586 579 602 579 581 596 606 605 599 586 591 594 594 625 587 579 606 584 589 602 600 619 622 611 619 635 659 686 710 713 750 822 906 1026 1300
502 507 528 520 520 529 535 537 539 544 545 541 550 556 557 561 574 576 562 560 577 578 569 570 581 583 580 582 579 573 585 578 579 580 570 581 591 583 599 608 581 584 596 604 590 587 581 588 581 583 590 592 596 592 585 588 606 607 599 601 601 606 612 586 583 587 571 568 576 604 619 617 649 619 626 670 668 704 710 731 747 767 860 899 1044
510 512 514 527 533 525 533 537 544 535 542 541 552 566 565 562 568 576 581 576 576 577 572 580 587 586 585 589 587 569 581 580 574 584 576 577 575 566 580 602 585 588 592 605 596 588 591 591 592 580 578 578 580 577 581 580 598 596 601 606 592 608 599 584 566 581 582 591 594 626 635 638 664 678 653 645 668 680 693 737 742 776 792 823 955
511 517 514 520 528 526 533 533 540 537 540 547 559 563 564 560 559 566 561 566 572 572 587 587 587 583 581 577 578 585 592 590 587 578 579 591 583 576 584 592 586 581 589 606 596 596 596 564 581 585 579 590 580 575 584 592 601 596 596 588 581 587 597 592 587 580 581 592 604 608 626 644 679 721 680 652 657 691 704 738 752 785 824 871 832
509 512 516 518 524 526 526 527 535 536 540 543 556 558 563 560 561 562 567 561 569 578 581 579 579 562 572 576 579 589 591 586 583 576 575 587 582 581 587 596 604 588 597 601 602 605 596 602 602 614 584 585 579 577 580 582 589 586 585 608 613 587 608 619 606 579 597 594 595 610 617 626 614 625 737 670 645 681 717 733 740 777 815 818 780
517 521 523 518 522 514 526 524 532 533 535 542 551 554 555 560 547 557 557 570 575 585 575 576 579 569 583 578 580 583 573 578 573 579 571 579 577 582 582 586 592 590 609 614 592 603 599 609 607 606 592 577 573 580 585 591 582 595 581 576 574 584 594 594 593 590 602 607 606 609 594 640 636 619 643 695 676 667 679 717 733 743 761 782 791
515 517 520 520 522 518 522 525 532 528 532 542 550 553 553 558 559 560 569 576 575 579 575 575 570 570 573 580 579 581 580 593 587 561 639 576 580 591 582 587 585 596 604 596 609 600 587 613 607 600 610 609 594 601 593 590 605 589 595 577 573 585 599 581 582 586 599 605 619 629 615 611 643 639 644 686 689 662 705 708 719 750 768 767 781
502 501 510 516 518 523 523 523 525 520 525 537 544 538 548 557 562 562 566 567 568 570 570 574 573 572 573 579 578 587 593 595 584 570 565 582 575 576 564 579 584 607 609 606 623 604 620 605 604 588 603 592 587 596 582 578 579 590 584 581 588 602 604 593 582 593 581 606 708 629 619 624 618 639 632 641 693 664 692 695 689 726 775 749 795
