data/annprecip.asc
ncols        384
nrows        480
xllcorner    138.000000000000
yllcorner    -29.000000000000
cellsize     0.041666666667
NODATA_value -9999
[rows 342 to 379 of 480, columns 170 to 254 of 384]
449 450 450 458 456 456 454 464 466 467 485 489 491 488 494 492 492 494 494 495 508 521 520 513 517 519 514 521 521 533 536 538 549 550 538 535 545 555 551 554 557 552 550 545 552 563 560 568 581 589 593 614 629 632 638 638 638 643 643 643 647 635 624 623 622 635 630 608 630 625 617 632 638 637 629 634 657 627 623 626 621 622 615 622 621
451 454 451 457 465 463 452 460 474 470 471 486 493 496 497 503 486 497 491 494 510 518 520 516 514 511 520 513 519 534 541 532 545 536 547 548 536 547 566 555 546 549 551 548 547 557 554 570 564 583 587 616 625 640 635 634 621 643 650 639 636 637 627 588 607 634 623 640 633 633 628 626 631 636 629 625 630 632 627 626 627 626 628 627 623
442 453 450 450 465 474 465 457 474 468 478 480 486 497 504 502 497 495 494 503 515 518 521 529 520 510 522 540 522 531 536 538 535 545 542 541 545 549 551 572 556 540 552 560 547 561 560 563 566 580 606 602 624 641 636 601 603 629 646 638 639 649 612 628 636 643 626 627 639 634 636 633 629 628 628 627 623 627 620 625 619 625 630 615 623
450 458 456 468 469 473 467 473 486 483 480 490 497 502 500 493 497 505 504 500 510 521 530 517 524 513 518 528 530 531 528 533 545 545 544 544 543 550 544 554 561 559 554 564 550 560 548 559 575 585 612 596 602 628 628 605 625 644 644 641 632 625 638 629 624 635 618 626 618 585 624 638 641 637 629 627 626 625 616 610 623 623 637 624 607
444 449 455 465 468 486 482 478 487 488 485 490 493 502 498 496 498 499 497 498 506 504 517 510 514 516 513 524 531 530 528 533 542 544 545 552 541 545 543 553 560 549 559 557 554 549 565 569 565 580 605 601 601 615 628 619 624 623 630 624 629 639 641 630 632 636 629 639 633 620 627 630 635 633 630 627 628 619 621 616 629 627 632 626 615
450 448 452 469 473 471 474 482 477 487 492 500 496 498 507 503 502 505 502 487 483 512 504 508 518 515 515 526 536 534 533 537 533 543 551 549 544 543 540 550 560 564 558 565 559 551 561 559 563 574 593 597 593 569 610 624 627 618 634 638 634 640 645 637 629 626 626 642 643 634 629 628 631 627 629 625 623 623 622 619 619 624 615 614 611
448 462 464 475 483 473 483 482 475 477 492 507 503 500 507 506 497 503 503 503 494 501 512 510 511 517 519 527 534 529 533 538 536 542 544 553 550 554 543 543 554 561 547 549 552 547 554 561 563 572 591 600 583 578 588 609 623 635 623 628 639 635 632 630 623 622 629 636 631 632 628 626 631 635 629 625 625 619 618 621 613 621 625 617 624
452 465 476 492 487 483 481 477 474 484 485 498 500 504 502 502 498 504 516 520 516 508 510 511 522 520 522 538 528 526 532 538 539 543 538 542 539 544 555 551 543 561 553 553 550 554 564 575 578 570 586 604 589 582 599 615 620 644 630 615 632 625 632 627 629 625 619 631 634 604 618 634 636 626 628 622 629 623 621 622 619 621 620 621 617
452 459 476 490 487 492 490 481 472 475 483 490 486 504 496 500 502 508 506 512 513 513 515 511 514 518 520 525 535 534 536 529 541 537 538 544 546 543 552 546 544 545 548 547 565 554 552 573 570 587 593 605 601 608 613 627 635 645 640 626 639 626 622 630 624 613 615 633 635 628 637 632 633 624 625 625 623 626 630 628 626 625 619 617 618
466 475 484 483 489 488 478 484 490 483 484 484 485 495 497 497 511 516 513 504 511 520 507 514 513 519 521 527 521 526 542 541 541 540 535 543 544 545 549 551 550 551 542 551 546 555 558 554 583 584 593 614 625 619 602 629 638 636 640 638 639 629 609 634 635 626 632 629 638 636 636 626 624 632 617 621 624 635 638 638 633 626 622 618 614
466 470 478 464 482 485 478 486 494 489 482 485 503 495 497 490 501 526 518 522 516 517 512 508 502 512 524 524 524 519 533 545 537 537 537 539 542 542 550 549 551 550 556 559 553 546 557 569 573 588 597 613 625 626 610 631 636 634 637 629 630 639 621 631 634 635 624 614 623 623 634 634 630 617 622 618 623 631 635 643 637 637 633 631 623
480 476 482 481 481 483 475 486 494 491 488 499 503 501 493 503 506 514 517 512 523 521 511 516 515 518 517 524 518 524 528 535 534 531 540 545 535 545 546 551 558 554 552 556 559 569 571 562 580 591 601 617 625 623 637 624 627 627 638 640 633 637 641 636 637 631 629 625 625 620 622 627 624 620 616 680 646 666 635 637 634 635 642 640 615
463 468 476 482 479 469 478 481 486 487 478 484 488 493 492 493 504 514 513 515 520 524 519 518 523 524 525 525 527 521 518 523 540 534 547 533 537 541 540 548 561 548 545 569 561 560 559 577 575 569 599 621 624 630 627 617 621 623 642 646 639 637 635 633 631 628 633 630 622 626 629 622 633 631 622 623 630 638 632 636 639 629 637 641 624
463 469 466 477 483 480 483 479 481 482 487 486 479 491 501 503 499 511 517 517 518 528 516 511 521 513 515 529 531 522 520 529 532 538 536 545 544 545 550 559 561 550 550 551 563 577 585 583 564 571 590 611 626 595 623 616 613 618 634 633 634 637 636 620 631 631 626 629 638 636 632 637 635 634 624 624 642 659 628 618 656 646 633 626 635
463 457 453 459 466 477 475 483 485 481 484 488 487 480 492 501 513 508 507 517 516 524 513 515 523 513 517 521 526 520 525 528 531 518 518 540 538 541 547 561 551 557 557 548 562 570 573 571 582 585 600 602 606 612 613 613 611 617 631 621 637 634 629 622 631 630 637 638 639 637 635 635 637 638 639 635 629 631 628 629 619 628 657 634 643
458 467 458 456 460 456 458 477 492 483 493 496 497 489 492 512 512 514 509 504 516 515 517 507 525 524 515 520 516 513 524 526 525 523 529 538 547 546 551 550 558 558 567 558 555 573 573 563 577 582 591 605 607 622 619 607 614 616 624 625 629 630 631 604 626 631 638 642 642 642 645 642 637 643 639 639 640 641 637 627 633 673 668 634 639
459 458 477 456 461 454 458 459 471 485 498 489 483 488 496 506 509 503 502 507 519 522 524 507 513 517 516 512 524 522 521 525 542 535 531 535 543 553 544 556 561 544 551 559 557 568 579 572 585 595 596 606 612 603 610 613 612 617 621 626 632 630 605 591 626 634 637 637 641 641 643 635 645 638 638 641 650 650 654 643 634 644 655 636 635
464 464 465 460 464 466 459 464 478 486 483 485 490 493 501 502 501 503 500 521 514 515 514 521 516 511 519 516 520 526 527 536 533 537 533 550 554 543 553 547 551 551 571 570 561 578 581 583 583 602 609 610 603 595 618 621 625 622 622 627 630 626 581 593 617 629 638 628 640 649 649 645 643 640 637 644 646 648 648 645 647 637 629 618 618
456 467 471 464 453 461 461 468 472 473 471 475 481 476 495 503 494 512 529 522 523 519 513 510 536 522 522 518 522 526 526 526 527 528 538 516 549 550 554 557 542 557 559 563 574 579 578 575 579 584 593 593 610 620 622 621 624 625 618 628 625 631 611 601 632 633 636 642 640 643 644 650 648 648 648 643 655 645 656 656 642 621 632 626 621
471 461 461 467 463 460 467 465 466 468 466 473 480 483 491 500 504 526 532 518 504 519 525 524 556 532 514 512 529 534 531 520 528 538 552 540 549 551 558 558 558 550 551 565 572 566 574 579 583 585 594 602 608 615 613 616 624 623 624 620 626 633 633 631 634 631 642 645 645 645 641 626 654 654 658 636 651 644 648 652 640 643 649 633 625
461 465 457 445 455 466 469 471 471 472 467 475 486 478 488 491 507 513 515 532 529 522 511 521 528 537 531 525 533 527 533 533 536 541 548 549 554 553 554 561 571 554 558 562 561 572 576 589 566 593 600 607 609 607 611 609 620 621 628 632 624 625 635 628 635 626 635 646 647 651 655 645 654 652 659 636 646 650 648 642 642 638 742 628 625
457 468 457 460 461 458 480 479 475 470 469 472 488 499 502 493 501 524 522 536 548 527 512 517 520 529 538 519 534 524 529 529 542 534 545 542 550 552 545 552 566 564 572 574 568 577 597 566 589 563 602 608 610 617 614 613 623 625 628 628 635 631 628 626 635 634 631 658 659 649 660 659 657 641 652 627 652 656 632 628 651 642 630 635 632
467 462 463 471 471 467 477 473 473 476 477 476 476 487 498 502 518 519 531 530 523 534 537 538 522 524 516 514 520 519 512 524 525 537 537 548 557 550 547 556 563 570 577 582 588 590 588 581 592 592 598 604 609 615 621 620 622 629 631 628 632 632 626 629 637 637 623 642 647 651 653 656 659 648 631 604 649 630 656 649 640 647 639 617 629
470 465 463 458 461 466 471 473 473 477 477 473 475 479 503 497 501 513 506 516 526 537 544 553 537 532 529 521 514 522 523 525 547 553 536 545 545 545 545 558 567 569 571 584 577 588 601 597 587 590 600 606 607 610 613 626 619 624 628 633 635 634 633 638 632 638 635 633 640 648 650 653 657 658 628 639 638 644 644 655 650 651 650 637 640
465 458 461 459 463 470 470 471 473 479 483 482 486 484 495 497 514 508 501 523 544 532 547 554 553 529 525 537 535 524 526 523 535 546 543 536 546 541 543 559 562 568 578 581 579 578 589 599 593 579 595 608 615 616 619 618 619 625 630 642 641 640 630 629 637 631 621 635 647 654 648 655 655 660 629 616 636 656 638 620 641 647 642 647 641
480 474 468 472 483 473 471 475 477 482 485 485 484 478 488 512 512 513 527 544 557 545 550 525 552 551 546 532 526 528 520 533 531 547 543 540 550 529 551 562 562 565 571 584 579 586 572 579 583 574 594 599 616 610 612 615 618 621 633 634 620 628 633 622 623 618 626 640 641 641 639 656 662 631 628 610 609 658 653 647 646 644 634 644 640
486 477 476 480 484 470 472 476 479 484 482 481 485 482 482 531 517 534 537 552 571 555 536 531 538 547 545 541 527 524 534 538 525 542 542 531 533 538 546 563 564 577 576 589 585 591 585 593 595 606 607 603 604 609 603 605 615 619 620 623 613 614 627 618 624 612 630 634 636 635 641 656 657 647 625 639 639 658 658 663 645 639 650 644 626
491 499 484 482 485 489 480 481 496 486 484 487 490 513 502 539 537 544 540 535 560 565 544 538 546 538 530 538 542 534 519 524 541 532 546 540 539 554 555 568 575 576 578 584 591 591 595 599 592 607 603 601 606 608 601 601 605 609 610 622 614 601 624 620 620 606 635 640 644 640 636 664 664 658 630 634 641 663 665 658 652 644 650 648 650
488 499 494 494 489 492 486 483 489 493 494 493 508 517 531 538 539 550 539 530 521 529 551 530 534 537 520 535 546 542 532 526 545 544 557 550 548 561 555 571 577 573 579 585 586 593 595 603 600 601 608 609 606 602 607 617 612 609 616 618 609 610 620 625 625 635 642 645 653 654 637 655 659 651 641 633 644 666 665 661 660 650 645 659 640
483 491 492 489 490 492 484 489 484 480 486 488 503 525 529 528 534 549 549 525 508 512 521 517 526 548 546 551 545 534 533 525 540 560 568 558 542 551 558 565 574 571 578 581 586 585 596 608 602 612 611 606 614 609 605 618 613 624 627 619 612 604 608 627 626 638 646 653 657 659 652 668 669 652 631 633 632 657 671 669 660 661 654 643 642
485 486 490 491 491 503 510 504 498 497 493 501 511 519 515 545 527 546 550 533 513 511 501 508 521 527 547 536 531 535 536 521 547 553 548 544 549 547 569 564 574 580 573 578 590 592 588 605 604 602 612 614 606 606 616 620 624 609 629 623 620 622 617 626 617 627 644 647 656 659 661 671 662 635 631 620 622 646 670 670 660 663 661 658 729
486 483 489 496 493 500 512 523 518 503 495 517 517 523 526 530 515 521 526 523 506 516 527 530 531 524 528 527 523 538 522 523 537 552 547 545 550 549 564 570 581 579 583 583 591 580 588 598 606 601 611 610 616 603 611 617 626 623 614 624 631 632 635 636 642 653 647 639 631 624 626 632 617 638 634 610 609 649 671 653 630 666 659 664 605
485 487 496 498 500 511 522 524 534 511 507 499 514 524 522 500 492 502 514 520 508 513 514 514 523 532 519 521 514 498 499 515 528 536 543 543 550 556 566 564 574 583 585 586 590 588 600 603 612 613 609 606 605 606 600 606 616 623 627 623 626 628 641 639 641 645 623 639 627 629 624 621 639 638 593 613 609 617 648 620 654 662 640 647 660
487 492 491 493 492 501 502 512 527 524 515 509 511 530 534 532 493 495 507 498 506 506 515 523 521 524 514 524 518 513 505 508 517 537 544 550 557 557 567 566 583 586 587 588 593 584 591 598 606 614 611 606 601 601 608 607 624 620 618 632 628 633 638 637 638 643 636 628 643 639 623 610 626 612 602 620 613 629 648 657 670 668 669 647 658
487 499 497 497 500 505 505 507 520 519 512 510 497 519 529 526 505 498 498 495 493 509 525 537 497 528 512 513 514 525 539 523 521 536 534 545 554 550 562 567 581 584 586 591 600 599 591 600 592 582 595 602 604 607 613 618 614 617 624 629 633 639 634 637 646 638 630 641 658 643 649 642 641 608 609 640 615 635 641 678 674 678 677 671 644
501 495 500 493 497 493 502 507 519 522 506 506 506 514 525 511 511 518 508 503 505 502 500 520 532 533 528 521 507 518 521 542 523 541 525 542 547 562 569 565 569 582 583 592 596 597 595 604 599 597 599 608 621 607 612 609 599 617 619 633 631 631 636 641 652 640 649 649 657 647 626 640 624 642 623 629 637 660 641 670 664 674 677 665 638
502 496 500 502 488 489 493 508 507 503 517 498 512 525 526 512 526 531 532 516 509 508 516 511 524 537 524 528 526 532 537 523 535 530 534 540 539 563 576 568 573 585 586 601 602 598 603 609 605 610 608 614 617 620 625 617 619 624 625 631 632 635 641 656 662 657 647 658 662 646 632 640 607 624 646 655 653 661 641 651 646 651 678 671 636
486 497 490 488 501 493 490 496 507 516 515 521 522 517 525 511 517 542 523 517 509 506 510 514 524 528 507 521 525 527 538 547 544 539 542 540 542 560 573 578 573 579 587 583 598 604 603 608 611 608 618 612 615 618 633 631 621 619 621 631 635 643 644 654 663 660 649 647 652 650 653 635 648 650 645 638 647 654 652 663 682 645 665 676 648
