data/annprecip.asc
ncols        384
nrows        480
xllcorner    138.000000000000
yllcorner    -29.000000000000
cellsize     0.041666666667
NODATA_value -9999
[rows 114 to 151 of 480, columns 85 to 169 of 384]
1529 1541 1542 1534 1531 1531 1521 1500 1491 1492 1489 1478 1468 1490 1454 1425 1394 1379 1396 1375 1363 1351 1352 1351 1347 1353 1390 1343 1329 1319 1319 1316 1310 1318 1305 1317 1305 1328 1330 1368 1392 1453 1514 1895 1864 1858 1691 1384 -9999 -9999 -9999 -9999 -9999 -9999 -9999 -9999 -9999 -9999 -9999 -9999 -9999 -9999 -9999 -9999 -9999 -9999 -9999 -9999 -9999 -9999 -9999 -9999 -9999 -9999 -9999 -9999 -9999 -9999 -9999 -9999 -9999 -9999 -9999 -9999 -9999
1520 1514 1527 1523 1522 1501 1494 1494 1489 1477 1471 1463 1496 1513 1493 1494 1460 1429 1421 1407 1370 1358 1354 1362 1359 1365 1368 1346 1334 1314 1324 1323 1339 1322 1321 1320 1332 1319 1333 1398 1484 1411 1716 1949 1877 1872 1808 1419 1375 -9999 -9999 -9999 -9999 -9999 -9999 -9999 -9999 -9999 -9999 -9999 -9999 -9999 -9999 -9999 -9999 -9999 -9999 -9999 -9999 -9999 -9999 -9999 -9999 -9999 -9999 -9999 -9999 -9999 -9999 -9999 -9999 -9999 -9999 -9999 -9999
1520 1513 1501 1504 1507 1495 1477 1483 1487 1476 1472 1461 1467 1503 1493 1496 1497 1460 1440 1458 1414 1430 1407 1375 1352 1359 1355 1336 1337 1327 1331 1328 1331 1296 1307 1331 1304 1306 1291 1315 1426 1384 1697 1923 1940 1924 1773 1425 1372 1388 -9999 -9999 1383 -9999 -9999 -9999 -9999 -9999 -9999 -9999 -9999 -9999 -9999 -9999 -9999 -9999 -9999 -9999 -9999 -9999 -9999 -9999 -9999 -9999 -9999 -9999 -9999 -9999 -9999 -9999 -9999 -9999 -9999 -9999 -9999
1495 1495 1482 1488 1492 1487 1478 1482 1473 1468 1453 1453 1491 1489 1482 1494 1468 1393 1427 1490 1448 1442 1448 1398 1374 1353 1339 1335 1339 1340 1338 1333 1322 1299 1283 1293 1283 1282 1336 1311 1350 1392 1675 1908 1950 1848 1560 1419 1360 1377 -9999 -9999 -9999 -9999 -9999 -9999 -9999 -9999 -9999 -9999 -9999 -9999 -9999 -9999 -9999 -9999 -9999 -9999 -9999 -9999 -9999 -9999 -9999 -9999 -9999 -9999 -9999 -9999 -9999 -9999 -9999 -9999 -9999 -9999 -9999
1491 1488 1480 1488 1486 1476 1477 1469 1472 1468 1449 1447 1455 1494 1481 1490 1450 1419 1468 1453 1413 1473 1460 1385 1374 1346 1334 1324 1324 1313 1315 1321 1309 1308 1286 1285 1269 1286 1305 1294 1337 1375 1521 1937 1830 1648 1593 1473 1380 1372 -9999 -9999 -9999 1519 -9999 -9999 -9999 -9999 -9999 -9999 -9999 -9999 -9999 -9999 -9999 -9999 -9999 -9999 -9999 -9999 -9999 -9999 -9999 -9999 -9999 -9999 -9999 -9999 -9999 -9999 -9999 -9999 -9999 -9999 -9999
1479 1486 1481 1477 1474 1462 1464 1459 1458 1457 1451 1432 1436 1484 1431 1406 1424 1463 1404 1413 1387 1467 1408 1395 1379 1359 1340 1344 1325 1323 1313 1327 1314 1288 1270 1264 1271 1290 1298 1302 1308 1402 1419 1747 1710 1525 1557 1449 1391 1349 1356 -9999 -9999 -9999 -9999 -9999 -9999 -9999 -9999 -9999 -9999 -9999 -9999 -9999 -9999 -9999 -9999 -9999 -9999 -9999 -9999 -9999 -9999 -9999 -9999 -9999 -9999 -9999 -9999 -9999 -9999 -9999 -9999 -9999 -9999
1469 1464 1458 1457 1466 1459 1463 1457 1453 1445 1445 1437 1424 1420 1409 1404 1395 1396 1430 1418 1449 1435 1405 1404 1383 1378 1368 1362 1335 1324 1317 1342 1313 1291 1269 1268 1281 1281 1373 1284 1329 1335 1404 1537 1680 1478 1414 1357 1343 1348 1313 1311 -9999 -9999 -9999 -9999 -9999 -9999 -9999 -9999 -9999 -9999 -9999 -9999 -9999 -9999 -9999 -9999 -9999 -9999 -9999 -9999 -9999 -9999 -9999 -9999 -9999 -9999 -9999 -9999 -9999 -9999 -9999 -9999 -9999
1479 1460 1467 1459 1457 1448 1440 1439 1431 1425 1422 1424 1425 1420 1413 1408 1401 1393 1391 1390 1417 1387 1387 1384 1378 1374 1373 1355 1340 1332 1324 1317 1310 1280 1270 1261 1270 1266 1302 1302 1372 1304 1326 1461 1484 1435 1371 1303 1326 1318 1335 1335 -9999 -9999 -9999 -9999 -9999 -9999 -9999 -9999 -9999 -9999 -9999 -9999 -9999 1770 -9999 -9999 -9999 -9999 -9999 -9999 -9999 -9999 -9999 -9999 -9999 -9999 -9999 -9999 -9999 -9999 -9999 -9999 -9999
-9999 1443 1452 1448 1443 1441 1433 1420 1408 1397 1402 1412 1414 1415 1406 1397 1400 1394 1386 1380 1383 1375 1379 1375 1355 1346 1355 1330 1325 1321 1316 1311 1299 1286 1273 1259 1255 1273 1263 1267 1286 1290 1317 1386 1385 1348 1315 1300 1287 1303 1315 1309 -9999 -9999 -9999 -9999 -9999 -9999 -9999 -9999 -9999 -9999 -9999 -9999 -9999 -9999 1305 1260 -9999 -9999 -9999 1344 -9999 -9999 -9999 -9999 -9999 -9999 -9999 -9999 -9999 -9999 -9999 -9999 -9999
-9999 1431 1435 1423 1403 1414 1416 1409 1406 1397 1394 1398 1398 1386 1397 1397 1392 1390 1381 1377 1372 1369 1374 1358 1352 1343 1340 1329 1330 1314 1319 1296 1295 1286 1272 1265 1261 1268 1254 1272 1265 1267 1283 1317 1328 1314 1290 1290 1355 1354 1317 1289 -9999 -9999 -9999 -9999 -9999 -9999 -9999 -9999 -9999 -9999 -9999 -9999 1352 1329 -9999 -9999 -9999 -9999 -9999 -9999 -9999 -9999 -9999 -9999 -9999 -9999 -9999 -9999 -9999 -9999 -9999 -9999 -9999
-9999 1421 1416 1406 1393 1395 1396 1402 1402 1389 1387 1384 1387 1386 1392 1387 1381 1379 1375 1368 1359 1354 1343 1345 1338 1344 1336 1323 1318 1304 1304 1296 1288 1289 1250 1251 1263 1263 1265 1259 1259 1264 1270 1297 1290 1270 1288 1271 1301 1302 1327 1294 -9999 -9999 -9999 -9999 -9999 -9999 -9999 -9999 -9999 -9999 -9999 -9999 1297 1281 -9999 -9999 -9999 -9999 1300 1331 -9999 -9999 -9999 -9999 -9999 -9999 -9999 -9999 -9999 -9999 -9999 -9999 -9999
-9999 1406 1407 1417 1404 1403 1391 1393 1389 1394 1383 1384 1377 1378 1373 1379 1370 1367 1366 1364 1344 1340 1338 1342 1333 1331 1320 1311 1296 1293 1292 1286 1276 1280 1261 1245 1261 1262 1265 1271 1277 1285 1277 1271 1273 1266 1353 1346 1338 1290 1322 1261 1254 -9999 -9999 -9999 -9999 -9999 -9999 -9999 -9999 -9999 -9999 1352 1324 1311 -9999 -9999 -9999 1302 1404 1523 1346 -9999 -9999 -9999 -9999 -9999 -9999 -9999 -9999 -9999 -9999 -9999 -9999
-9999 1401 1392 1405 1402 1402 1395 1389 1380 1376 1371 1377 1380 1377 1369 1363 1368 1364 1358 1353 1338 1331 1328 1329 1328 1322 1313 1285 1278 1283 1277 1282 1269 1278 1264 1245 1245 1259 1264 1273 1285 1277 1279 1277 1286 1262 1266 1275 1278 1295 1289 1248 1268 -9999 -9999 -9999 -9999 -9999 -9999 -9999 -9999 -9999 -9999 1354 1304 1343 -9999 1837 1298 1327 1526 1832 1421 1322 -9999 -9999 -9999 -9999 -9999 -9999 -9999 -9999 -9999 -9999 -9999
1384 1377 1373 1386 1389 1393 1391 1379 1381 1369 1364 1363 1372 1377 1369 1362 1361 1356 1352 1339 1332 1329 1317 1311 1308 1306 1288 1286 1275 1275 1266 1269 1246 1259 1259 1250 1249 1256 1253 1271 1264 1271 1273 1285 1291 1263 1263 1286 1268 1278 1280 1247 1244 -9999 -9999 -9999 -9999 -9999 -9999 -9999 -9999 -9999 -9999 1360 1318 1312 1324 1307 1334 1356 1655 1730 1364 1341 -9999 -9999 -9999 -9999 -9999 -9999 -9999 -9999 -9999 -9999 -9999
1382 1371 1380 1404 1397 1389 1379 1374 1371 1357 1362 1368 1362 1367 1362 1363 1361 1351 1348 1335 1324 1315 1305 1307 1299 1284 1281 1278 1267 1257 1249 1250 1243 1246 1262 1261 1255 1253 1256 1258 1263 1263 1259 1258 1278 1270 1280 1279 1277 1279 1294 1258 1252 1362 -9999 -9999 -9999 -9999 -9999 -9999 -9999 -9999 -9999 1316 1311 1332 1361 1316 1331 1343 1343 1355 1330 1298 1284 -9999 -9999 -9999 -9999 -9999 -9999 -9999 -9999 -9999 -9999
1365 1357 1377 1385 1395 1384 1370 1375 1361 1356 1353 1359 1364 1363 1356 1355 1350 1343 1337 1328 1314 1312 1303 1294 1290 1275 1260 1260 1250 1235 1234 1234 1227 1233 1251 1253 1249 1248 1248 1254 1253 1257 1256 1255 1253 1299 1331 1270 1258 1271 1269 1261 1263 1244 -9999 -9999 -9999 -9999 -9999 -9999 -9999 -9999 1277 1248 1276 1294 1313 1307 1323 1330 1324 1414 1459 1377 1352 -9999 -9999 -9999 -9999 -9999 -9999 -9999 -9999 -9999 -9999
1349 1358 1362 1377 1382 1375 1364 1358 1354 1356 1360 1367 1357 1353 1350 1344 1343 1329 1307 1304 1312 1306 1299 1287 1287 1272 1269 1261 1232 1230 1224 1221 1222 1219 1244 1263 1234 1234 1235 1242 1256 1248 1244 1251 1270 1280 1283 1262 1264 1273 1262 1291 1303 1235 1235 -9999 -9999 -9999 -9999 -9999 -9999 1241 1226 1237 1282 1313 1323 1289 1301 1327 1334 1317 1294 1317 -9999 -9999 -9999 -9999 1425 -9999 2124 -9999 -9999 -9999 -9999
1336 1341 1355 1366 1376 1365 1358 1359 1359 1355 1351 1352 1348 1346 1340 1334 1330 1322 1318 1316 1309 1309 1302 1293 1275 1270 1263 1252 1236 1227 1216 1217 1215 1219 1231 1270 1229 1228 1239 1236 1238 1240 1236 1238 1239 1244 1263 1286 1343 1300 1261 1283 1267 1248 1233 1221 1208 1241 1212 1224 1247 1251 1281 1277 1299 1327 1350 1304 1345 1344 1530 1607 1420 1328 1352 -9999 -9999 -9999 -9999 -9999 -9999 -9999 1276 -9999 -9999
1331 1326 1328 1345 1354 1351 1339 1334 1337 1338 1335 1342 1343 1337 1341 1331 1327 1324 1322 1310 1305 1299 1296 1288 1274 1277 1263 1260 1236 1226 1227 1214 1206 1217 1217 1223 1255 1234 1233 1231 1233 1225 1231 1229 1229 1230 1262 1300 1354 1328 1290 1278 1266 1259 1248 1250 1245 1227 1213 1211 1214 1260 1330 1305 1306 1318 1368 1343 1340 1428 1581 1670 1452 1471 1439 1417 -9999 -9999 -9999 -9999 1603 -9999 1316 -9999 -9999
1337 1315 1315 1338 1333 1333 1333 1330 1329 1321 1333 1335 1338 1329 1327 1323 1322 1315 1305 1303 1300 1289 1287 1266 1270 1276 1264 1256 1246 1239 1215 1216 1216 1221 1214 1211 1229 1230 1228 1230 1222 1223 1222 1228 1228 1227 1254 1256 1238 1241 1256 1267 1255 1267 1226 1268 1316 1276 1266 1238 1220 1253 1328 1295 1312 1308 1330 1359 1297 1292 1475 1533 1435 1639 1745 1452 1322 1290 -9999 -9999 2061 -9999 -9999 -9999 -9999
1326 1298 1313 1322 1321 1329 1340 1326 1320 1318 1347 1336 1320 1324 1318 1301 1289 1270 1277 1268 1263 1276 1271 1270 1273 1271 1257 1247 1233 1213 1212 1215 1214 1213 1210 1209 1214 1216 1223 1222 1226 1221 1222 1231 1233 1223 1244 1242 1227 1236 1266 1284 1274 1227 1231 1263 1268 1296 1281 1267 1253 1280 1300 1283 1269 1313 1327 1369 1366 1317 1345 1411 1487 1620 1545 1491 1366 1365 1345 1231 1222 1269 -9999 -9999 -9999
1322 1300 1301 1307 1310 1309 1308 1307 1295 1292 1291 1294 1296 1302 1310 1310 1297 1285 1258 1263 1258 1255 1261 1263 1261 1270 1267 1246 1237 1218 1223 1219 1208 1207 1203 1200 1209 1219 1221 1218 1220 1216 1214 1214 1216 1226 1233 1221 1211 1222 1261 1244 1230 1239 1234 1271 1244 1228 1215 1201 1206 1247 1264 1265 1232 1257 1296 1324 1358 1293 1435 1416 1491 1603 1517 1491 1363 1342 1349 1317 1262 1435 -9999 -9999 -9999
1317 1298 1285 1293 1290 1292 1297 1300 1294 1278 1303 1308 1314 1305 1306 1291 1272 1281 1278 1266 1271 1274 1269 1256 1254 1253 1261 1255 1246 1233 1222 1216 1216 1207 1197 1199 1196 1219 1215 1210 1201 1206 1213 1210 1212 1213 1213 1218 1220 1222 1220 1227 1213 1235 1215 1234 1210 1185 1186 1187 1207 1243 1276 1274 1279 1277 1293 1331 1326 1324 1324 1403 1415 1450 1571 1575 1531 1566 1490 1424 1288 1294 -9999 -9999 -9999
1306 1284 1279 1283 1285 1286 1293 1290 1283 1285 1303 1306 1299 1308 1288 1282 1264 1259 1267 1271 1261 1267 1265 1268 1256 1250 1256 1248 1241 1243 1230 1223 1216 1205 1201 1196 1194 1206 1210 1205 1198 1196 1201 1195 1200 1205 1220 1208 1207 1200 1226 1219 1206 1204 1211 1227 1195 1176 1189 1230 1226 1268 1270 1268 1283 1277 1267 1315 1339 1319 1301 1371 1413 1587 1617 1684 1659 1722 1882 1701 1485 1399 1418 -9999 -9999
1303 1275 1271 1271 1278 1284 1288 1285 1281 1287 1287 1286 1281 1269 1265 1258 1247 1254 1252 1268 1270 1250 1244 1229 1246 1257 1255 1244 1239 1243 1233 1215 1204 1203 1189 1181 1198 1201 1192 1189 1202 1195 1189 1185 1196 1196 1193 1201 1215 1198 1203 1198 1180 1187 1189 1178 1184 1176 1198 1196 1231 1244 1224 1285 1247 1289 1300 1303 1300 1285 1311 1373 1386 1576 1655 1698 1699 1667 1824 1755 1501 1477 1419 1519 -9999
-9999 1286 1278 1268 1269 1274 1273 1271 1272 1277 1271 1282 1279 1269 1257 1257 1265 1254 1266 1261 1279 1267 1261 1261 1260 1261 1257 1252 1243 1247 1229 1220 1214 1204 1200 1195 1189 1197 1186 1192 1203 1187 1188 1188 1185 1192 1198 1194 1197 1204 1203 1201 1195 1183 1179 1167 1176 1167 1187 1166 1189 1258 1243 1257 1278 1266 1244 1316 1315 1311 1341 1376 1404 1536 1677 1704 1738 1786 1728 1698 1567 1576 1719 1587 1518
-9999 1273 1266 1268 1267 1266 1269 1270 1274 1279 1283 1285 1288 1286 1277 1274 1273 1271 1267 1267 1249 1248 1250 1255 1241 1245 1247 1235 1223 1234 1233 1230 1219 1213 1210 1196 1194 1177 1170 1166 1172 1185 1191 1190 1187 1189 1188 1199 1192 1173 1177 1175 1172 1172 1161 1170 1158 1151 1155 1152 1153 1208 1243 1251 1273 1260 1283 1313 1248 1297 1314 1342 1387 1500 1701 1730 1744 1776 1725 1648 1618 1723 1718 1732 1499
-9999 1273 1253 1253 1258 1267 1262 1271 1265 1272 1287 1284 1277 1279 1274 1269 1275 1275 1269 1262 1261 1259 1259 1254 1235 1235 1238 1238 1242 1223 1218 1217 1219 1204 1208 1200 1180 1170 1172 1165 1170 1170 1182 1188 1191 1181 1185 1201 1192 1174 1167 1234 1199 1148 1151 1165 1155 1160 1167 1173 1173 1185 1237 1234 1219 1173 1244 1277 1248 1328 1321 1354 1341 1365 1446 1578 1688 1777 1748 1623 1555 1721 1710 1672 1857
-9999 1300 1260 1255 1247 1252 1252 1261 1264 1269 1270 1277 1266 1269 1269 1266 1267 1274 1260 1271 1265 1263 1253 1249 1241 1236 1238 1243 1226 1218 1215 1218 1216 1200 1198 1179 1182 1178 1167 1157 1171 1166 1173 1182 1179 1185 1181 1180 1176 1156 1142 1198 1149 1135 1151 1145 1145 1174 1174 1189 1204 1207 1238 1211 1212 1215 1225 1277 1280 1343 1321 1336 1359 1369 1400 1379 1467 1802 1782 1654 1561 1622 1634 1638 2208
-9999 -9999 1267 1257 1245 1256 1252 1260 1262 1261 1273 1284 1269 1268 1255 1253 1247 1249 1249 1258 1272 1244 1255 1257 1236 1237 1228 1230 1238 1230 1209 1203 1196 1187 1177 1174 1168 1164 1168 1153 1148 1158 1154 1176 1154 1175 1166 1173 1170 1144 1143 1166 1126 1135 1137 1122 1120 1141 1158 1188 1225 1179 1173 1204 1225 1203 1237 1263 1294 1331 1281 1310 1375 1347 1359 1369 1642 1769 1791 1756 1597 1720 1740 1903 2696
-9999 -9999 1306 1251 1242 1249 1252 1255 1247 1257 1264 1276 1274 1262 1245 1246 1242 1233 1239 1268 1261 1256 1244 1236 1229 1244 1237 1240 1232 1220 1204 1198 1196 1165 1170 1185 1181 1160 1154 1147 1147 1153 1142 1149 1159 1150 1139 1162 1156 1132 1130 1136 1137 1117 1123 1110 1114 1123 1163 1191 1200 1190 1169 1162 1186 1254 1263 1292 1313 1307 1327 1314 1339 1342 1376 1376 1614 1824 1801 1847 1602 1647 1801 2299 2630
-9999 -9999 1264 1252 1239 1239 1252 1247 1247 1253 1260 1258 1255 1254 1253 1239 1237 1232 1248 1267 1256 1240 1235 1231 1238 1245 1238 1229 1223 1215 1208 1184 1179 1164 1169 1157 1175 1171 1155 1151 1143 1135 1132 1130 1140 1140 1146 1127 1141 1123 1121 1138 1132 1143 1140 1114 1107 1114 1125 1167 1150 1146 1115 1130 1131 1158 1254 1221 1243 1273 1327 1351 1378 1394 1355 1348 1824 1767 1747 1771 1808 1591 1815 2208 2450
-9999 -9999 1242 1238 1255 1245 1251 1251 1254 1252 1252 1252 1250 1248 1249 1248 1249 1244 1254 1264 1250 1243 1247 1240 1249 1243 1234 1225 1215 1207 1203 1182 1178 1178 1174 1164 1172 1158 1155 1153 1150 1142 1127 1117 1122 1129 1116 1118 1122 1124 1112 1200 1195 1130 1112 1102 1105 1099 1112 1108 1104 1107 1117 1115 1108 1153 1322 1259 1196 1229 1317 1343 1361 1351 1345 1324 1711 1797 1784 1790 1825 1536 1873 2240 2105
-9999 -9999 1242 1248 1271 1241 1239 1258 1254 1246 1249 1251 1250 1250 1255 1262 1246 1254 1265 1253 1252 1252 1252 1246 1233 1222 1228 1218 1204 1199 1191 1185 1183 1173 1166 1169 1164 1159 1150 1157 1148 1143 1139 1131 1122 1124 1108 1115 1112 1110 1109 1127 1127 1109 1102 1103 1109 1115 1105 1086 1102 1100 1096 1101 1133 1218 1130 1296 1263 1222 1281 1334 1314 1279 1374 1336 1405 1684 1723 1780 1861 1696 1701 1878 1885
-9999 1248 1240 1262 1258 1240 1236 1262 1264 1258 1262 1261 1248 1258 1262 1253 1241 1252 1262 1255 1241 1232 1237 1231 1225 1219 1222 1212 1202 1191 1182 1162 1164 1179 1172 1156 1149 1154 1157 1154 1146 1136 1115 1121 1111 1101 1109 1114 1108 1107 1104 1103 1124 1114 1088 1093 1100 1092 1083 1086 1091 1090 1079 1086 1096 1167 1141 1208 1329 1344 1228 1211 1256 1223 1260 1303 1384 1771 1744 1829 1890 1829 1501 1679 1807
1276 1244 1256 1263 1253 1237 1240 1253 1262 1271 1257 1243 1257 1257 1240 1235 1225 1230 1237 1240 1238 1232 1224 1222 1230 1236 1221 1207 1183 1187 1170 1143 1165 1182 1172 1160 1156 1154 1154 1142 1133 1143 1122 1124 1110 1105 1109 1103 1104 1109 1109 1094 1095 1112 1101 1092 1104 1094 1080 1077 1079 1068 1068 1069 1086 1105 1137 1125 1139 1227 1404 1338 1359 1248 1276 1298 1289 1645 1773 1760 1911 1791 1449 1723 2174
1268 1239 1273 1267 1241 1246 1243 1239 1244 1255 1248 1245 1249 1240 1219 1218 1226 1234 1247 1247 1233 1236 1232 1227 1217 1213 1211 1197 1183 1183 1166 1164 1166 1170 1156 1165 1167 1157 1157 1148 1131 1135 1119 1116 1115 1105 1111 1107 1098 1107 1102 1092 1085 1080 1089 1083 1090 1101 1083 1077 1068 1065 1066 1074 1087 1092 1115 1147 1151 1213 1173 1313 1269 1322 1289 1284 1299 1434 1793 1897 1938 1852 1607 1836 2053
1242 1259 1278 1275 1263 1266 1256 1246 1255 1252 1243 1234 1247 1227 1233 1244 1231 1225 1228 1235 1241 1241 1244 1232 1211 1208 1202 1195 1183 1169 1154 1151 1147 1159 1151 1162 1163 1161 1159 1144 1137 1121 1114 1113 1112 1109 1108 1104 1096 1099 1099 1096 1089 1098 1088 1084 1085 1068 1070 1070 1076 1065 1072 1082 1083 1076 1099 1130 1118 1213 1111 1100 1147 1225 1286 1321 1232 1305 1759 1897 1882 1876 1679 1664 1888
