data/annprecip.asc
ncols        384
nrows        480
xllcorner    138.000000000000
yllcorner    -29.000000000000
cellsize     0.041666666667
NODATA_value -9999
[rows 380 to 417 of 480, columns 85 to 169 of 384]
249 253 253 260 263 264 265 271 274 271 283 294 300 303 300 296 300 302 300 305 313 315 323 329 325 329 334 328 333 337 340 339 336 329 330 332 328 329 334 342 353 349 354 363 367 370 372 374 376 375 376 386 383 384 389 401 397 405 396 409 402 401 415 417 420 431 433 436 458 467 477 466 448 453 457 461 477 489 494 495 492 484 496 495 485
249 250 255 263 269 266 265 271 274 281 285 294 299 303 303 302 299 301 305 315 322 322 320 324 322 325 328 333 327 325 328 329 325 328 329 333 331 327 335 348 358 359 359 365 367 370 373 374 379 375 379 385 387 385 394 396 401 407 399 400 395 402 402 411 417 430 434 450 459 464 477 448 447 460 451 450 467 485 475 486 490 490 475 474 485
249 252 249 257 263 263 263 272 273 283 289 288 293 300 304 309 308 304 307 316 320 320 325 325 327 328 330 332 330 328 330 328 326 332 332 335 329 330 333 342 346 349 352 361 369 368 367 373 378 376 372 375 382 394 395 393 405 405 405 402 405 404 407 412 415 423 422 444 473 475 480 470 453 452 455 451 458 470 478 489 475 484 470 472 478
252 250 253 260 262 265 264 269 277 280 288 295 300 299 307 309 309 310 310 309 313 324 328 323 324 332 334 339 338 328 323 325 321 325 330 336 330 333 329 334 344 348 351 362 362 368 370 376 374 367 366 371 379 385 390 391 392 400 410 408 410 422 414 418 412 424 426 438 462 465 466 466 466 474 478 464 467 475 472 477 469 467 478 489 488
250 249 257 260 262 266 268 271 279 285 293 295 299 301 304 306 305 308 307 310 313 318 315 320 328 336 335 336 334 332 330 321 321 330 333 327 324 326 331 328 334 346 348 357 357 358 364 367 371 373 366 369 377 376 372 377 387 394 399 405 413 420 431 418 429 435 437 450 454 445 458 457 471 475 486 474 484 462 467 478 478 483 486 477 479
252 255 254 262 262 267 274 281 285 290 295 297 299 302 300 302 303 311 308 316 316 316 316 321 333 333 335 328 330 326 331 323 323 324 323 323 323 322 329 333 338 339 342 348 355 356 354 361 359 363 366 371 376 380 384 377 386 396 404 406 415 421 435 419 421 433 435 444 446 453 456 461 471 481 488 483 480 465 476 488 483 476 489 488 492
250 255 253 264 263 274 279 278 285 293 293 299 302 303 303 303 306 310 311 321 316 316 321 319 334 334 338 342 333 335 330 327 321 324 325 329 333 327 328 330 332 332 342 350 349 347 353 362 367 363 361 367 371 374 377 378 389 395 395 406 407 417 422 428 429 418 433 445 438 448 457 468 462 462 468 472 470 470 474 482 474 476 490 494 495
251 252 258 261 264 269 270 277 284 291 290 297 300 298 298 302 304 301 312 319 320 318 319 327 335 335 330 335 338 332 322 322 325 328 326 330 332 327 331 334 334 330 335 343 350 358 362 362 360 357 364 369 370 373 382 381 385 394 398 404 409 402 410 413 423 436 436 449 452 440 456 455 449 461 472 453 459 464 460 471 474 475 487 485 492
251 251 256 263 267 267 271 279 284 283 288 292 296 296 304 304 307 310 313 317 325 318 321 322 334 330 330 343 335 331 324 328 327 327 326 328 327 331 330 330 334 340 337 339 351 351 353 355 364 364 364 367 370 386 378 385 394 395 403 404 408 410 415 420 426 419 418 423 441 444 435 437 451 460 452 450 458 460 466 471 473 466 471 479 474
253 249 256 263 265 263 269 282 288 289 289 292 295 300 299 305 303 309 318 316 321 320 323 317 326 324 328 331 329 326 324 321 321 319 319 319 323 331 326 329 328 335 334 341 344 348 352 355 358 362 367 370 365 377 384 381 389 397 398 409 412 413 417 417 419 418 429 429 438 438 436 436 453 449 449 446 447 464 466 470 471 472 476 474 478
253 252 255 262 264 269 269 282 287 286 288 290 293 300 299 305 304 310 315 313 317 319 321 318 323 321 325 326 321 323 321 316 312 313 316 321 322 323 322 325 328 333 335 336 344 350 351 353 357 365 365 368 373 369 374 388 392 391 398 408 410 405 406 408 426 416 423 420 439 434 439 435 435 441 446 434 441 454 460 469 466 464 467 472 470
247 250 257 255 260 266 270 279 284 284 288 290 293 296 297 304 309 311 310 313 315 314 314 316 319 318 314 315 319 307 311 310 310 313 316 320 323 326 326 330 332 337 340 337 346 348 352 353 364 368 371 370 370 376 378 383 394 391 392 402 405 398 400 407 415 425 422 421 431 440 442 450 443 443 438 441 441 450 466 453 457 460 464 463 462
248 250 250 252 260 258 268 279 286 289 287 291 296 298 299 299 304 303 304 307 313 309 316 310 313 309 316 312 311 316 310 309 306 311 321 319 321 323 323 328 331 336 340 339 345 350 352 354 363 370 368 373 373 371 376 383 389 391 391 396 393 401 410 410 422 429 419 431 441 433 447 448 443 430 436 443 444 459 457 444 446 458 458 464 465
246 246 246 255 258 262 271 276 280 284 284 287 289 288 295 294 298 300 298 303 308 308 307 310 308 310 314 314 314 318 313 318 315 318 317 314 315 322 326 333 335 338 344 343 349 352 355 354 356 364 373 372 374 376 377 384 388 390 397 405 405 402 406 415 426 426 417 426 428 436 442 440 434 438 434 435 451 443 452 445 459 449 460 465 467
247 247 249 251 263 268 270 274 280 282 279 278 281 283 285 290 293 295 296 299 304 300 302 306 310 310 312 311 313 313 316 311 310 311 314 319 323 323 325 328 335 337 340 344 346 351 352 352 360 363 369 370 377 377 379 383 390 393 397 401 400 401 406 418 427 410 419 415 418 423 433 424 434 433 426 437 450 447 445 448 451 451 459 458 472
245 243 248 248 258 263 263 267 273 275 276 272 278 282 286 288 289 292 293 293 296 296 298 303 306 306 306 311 308 310 305 305 309 307 313 316 325 324 329 328 332 337 339 342 346 351 357 355 360 366 367 372 376 378 384 393 390 390 394 398 400 408 413 415 425 416 414 416 412 411 419 425 427 431 432 428 435 442 450 442 448 452 453 457 468
247 248 250 253 257 258 258 266 270 273 274 277 278 277 285 288 285 287 290 291 292 292 295 298 302 304 299 301 304 308 303 306 307 310 312 317 321 326 334 340 335 332 341 343 347 351 357 358 359 366 367 369 377 381 387 392 389 390 390 400 399 400 408 410 415 422 419 423 418 418 416 416 421 430 435 425 431 440 443 437 437 439 451 461 460
249 251 249 249 251 251 253 259 266 269 272 275 275 277 278 284 280 283 282 286 287 292 290 289 292 297 295 298 301 297 300 298 305 310 308 314 315 326 331 334 340 337 340 343 342 351 353 361 359 364 368 367 371 378 387 389 392 390 395 398 396 390 394 393 403 401 408 410 414 417 408 406 418 421 428 438 425 427 432 444 438 446 458 450 446
246 251 249 248 246 249 250 257 263 267 271 270 269 273 274 279 277 277 283 286 283 285 288 293 292 293 295 294 297 296 293 299 302 304 310 312 316 318 328 336 336 338 338 338 342 353 354 355 353 356 362 365 369 376 382 382 390 395 394 400 394 396 394 405 399 400 401 408 405 407 407 411 419 428 420 416 429 430 437 442 436 441 443 448 460
241 245 248 244 250 251 251 255 257 263 267 267 267 273 275 276 274 275 276 280 278 275 281 286 285 287 287 293 295 290 294 296 295 300 302 306 314 318 328 334 336 331 334 335 340 346 347 351 354 352 359 361 369 373 367 379 381 390 396 397 393 393 396 396 405 409 406 400 396 403 409 415 416 416 409 412 417 427 441 452 438 445 441 449 447
242 243 249 252 251 251 248 254 251 256 260 262 261 265 271 272 271 274 275 274 277 275 279 281 282 281 283 286 288 285 285 293 293 293 296 300 312 314 321 327 331 330 331 338 336 336 338 345 352 353 352 358 361 365 370 375 383 385 390 391 395 393 397 394 401 405 406 406 390 401 407 412 413 420 422 418 423 425 441 435 441 440 444 448 447
242 246 244 248 249 249 247 248 250 252 257 257 258 263 264 267 271 272 270 268 272 273 274 275 276 276 277 280 281 282 284 285 291 291 297 299 308 308 317 323 331 331 334 334 329 333 334 336 343 348 347 355 357 360 366 372 378 379 386 386 389 391 390 397 400 403 399 399 402 398 405 406 406 414 421 414 423 423 428 429 440 443 431 439 445
241 245 243 245 245 245 244 247 250 247 249 251 255 257 260 262 263 267 270 269 269 270 271 272 272 274 277 273 274 276 281 282 287 289 293 298 300 301 309 318 325 334 336 333 336 336 336 336 341 346 344 352 355 355 359 365 371 375 378 385 382 387 386 391 394 394 393 396 403 405 413 415 413 411 414 409 431 425 431 424 438 443 438 440 445
240 242 242 244 243 241 237 240 243 244 248 251 252 255 258 258 262 263 266 266 265 269 268 269 270 272 273 271 267 273 278 276 277 278 280 282 293 298 305 313 320 326 332 331 330 331 331 334 337 341 345 348 356 353 361 363 366 368 375 382 381 385 380 388 385 388 390 389 396 398 406 413 416 415 426 418 428 427 432 431 436 434 436 444 432
238 242 242 244 242 242 238 237 238 240 245 246 251 250 253 254 258 259 258 262 261 262 265 269 267 266 269 267 268 266 275 276 279 276 281 290 294 298 307 308 311 320 324 327 327 331 333 338 339 346 343 345 353 356 360 357 364 364 374 376 375 377 379 383 382 386 389 393 398 398 397 406 403 409 421 421 418 421 433 437 430 427 433 430 434
237 237 240 240 239 239 237 236 239 239 245 246 246 248 249 252 255 257 259 259 258 261 262 265 266 262 262 269 266 263 267 273 280 283 280 290 291 298 303 310 312 317 322 329 326 333 335 334 339 342 343 344 352 354 357 356 363 364 368 374 374 377 368 372 378 384 384 382 389 396 394 406 403 405 415 423 423 427 422 431 442 437 432 431 429
237 236 237 236 234 236 235 238 239 241 245 243 246 248 252 255 252 254 256 257 258 258 260 261 261 262 262 265 265 264 265 269 275 277 285 288 289 294 302 307 313 322 324 327 331 334 336 334 334 336 341 343 347 351 353 356 356 361 367 373 375 370 375 373 378 375 378 375 384 384 395 397 405 402 412 422 416 413 416 422 431 443 437 429 428
234 233 235 235 234 236 237 237 241 241 242 242 245 245 246 247 251 252 255 257 260 258 263 263 261 260 267 267 266 265 265 266 274 280 288 288 293 296 299 307 310 318 324 324 328 331 332 335 335 338 342 344 344 346 350 360 357 353 363 369 371 373 373 376 378 372 375 382 381 383 384 393 395 403 412 414 421 409 421 427 441 445 444 432 432
230 232 231 233 232 236 236 237 239 240 241 241 242 247 247 247 247 249 251 258 260 265 265 263 260 264 269 270 269 268 267 269 277 280 281 290 294 299 300 305 310 318 319 322 324 327 329 333 333 337 337 337 342 345 344 352 359 357 365 367 369 367 370 367 367 372 375 375 380 381 385 391 396 409 412 412 403 413 422 429 442 437 439 439 436
231 228 229 229 232 239 236 234 235 239 239 239 244 245 247 248 246 246 251 254 257 263 268 269 269 273 271 269 269 270 272 274 273 276 281 289 295 296 300 305 310 313 318 324 325 329 327 326 331 334 337 341 342 345 349 350 351 360 367 368 364 366 367 375 368 371 374 376 385 381 386 394 393 400 409 415 416 418 430 437 432 428 433 438 427
230 227 227 231 236 234 232 233 234 236 238 240 242 244 247 246 244 249 248 251 258 265 269 269 276 277 273 269 274 275 276 277 277 279 283 290 294 298 301 302 308 315 319 322 323 324 325 327 331 334 338 336 340 342 350 352 351 354 360 361 359 361 363 369 374 373 376 379 380 383 382 383 392 392 402 411 415 416 430 438 434 429 435 432 424
230 230 231 231 237 232 230 233 234 235 237 236 238 244 243 247 247 246 249 250 258 265 267 275 273 273 275 272 273 278 278 283 281 279 280 286 292 297 299 305 308 313 314 317 323 323 322 328 329 333 336 333 337 340 344 347 352 357 360 360 358 358 365 369 370 371 371 377 381 385 389 388 389 391 397 408 410 419 425 434 428 433 429 430 423
227 228 231 231 231 233 233 231 234 233 233 237 238 241 244 247 249 249 249 251 256 263 264 270 271 271 278 276 275 277 280 285 286 285 282 288 294 296 302 302 309 310 313 316 321 322 325 330 331 333 335 337 341 338 343 346 353 358 360 360 359 359 365 368 369 370 368 372 381 383 391 390 395 395 401 406 410 422 428 428 424 425 425 422 431
226 226 228 230 228 230 233 232 232 233 235 235 237 240 241 244 243 245 248 254 257 261 262 265 268 272 278 277 275 279 282 290 290 287 287 290 292 300 302 305 308 312 313 315 319 321 325 329 334 334 336 339 342 342 345 349 350 352 358 361 363 358 363 369 371 369 366 367 373 381 383 384 391 391 402 404 406 414 424 428 425 421 429 428 428
232 231 230 231 233 232 234 234 232 232 235 234 236 237 240 242 245 247 249 253 257 258 261 266 267 270 274 276 275 280 283 288 291 289 290 288 292 296 304 303 309 312 311 314 319 320 329 329 332 337 337 336 342 342 347 348 350 352 355 358 357 360 363 369 372 369 369 374 376 377 382 384 391 395 398 403 410 411 412 422 428 420 425 419 428
233 230 228 229 228 229 229 231 233 234 233 233 234 241 241 242 245 249 248 253 259 261 262 268 267 269 274 279 282 285 285 292 294 298 297 295 296 295 302 306 307 306 309 317 320 321 327 327 333 334 333 338 338 340 343 349 351 351 355 358 359 362 364 366 371 369 370 372 379 380 383 387 389 391 392 398 399 408 414 416 420 421 421 422 417
228 226 226 226 227 228 230 233 233 233 233 234 234 235 239 243 244 248 247 253 260 261 262 264 265 270 278 278 285 293 290 293 295 298 297 297 297 296 302 307 308 308 311 315 318 318 325 328 330 332 337 338 336 338 344 347 353 353 358 360 363 362 366 367 371 373 376 374 383 378 384 388 392 394 394 400 401 402 409 416 412 420 423 422 420
225 226 223 226 227 226 228 231 233 230 232 233 233 235 238 243 246 246 247 252 257 258 263 264 266 271 276 286 292 292 288 293 292 298 298 299 296 299 302 302 308 309 313 318 319 322 325 329 330 335 340 340 342 346 347 347 351 354 358 360 364 364 367 369 369 371 376 373 376 381 381 384 387 395 395 399 402 399 410 416 412 418 420 419 418
