data/annrangetemp.asc
ncols        384
nrows        480
xllcorner    138.000000000000
yllcorner    -29.000000000000
cellsize     0.041666666667
NODATA_value -9999
[rows 440 to 461 of 480, columns 49 to 97 of 384]
32.215999603271484375 32 31.84799957275390625 31.983999252319335938 32.1360015869140625 32.308002471923828125 32.451999664306640625 32.476001739501953125 32.51200103759765625 32.423999786376953125 32.4160003662109375 32.4120025634765625 32.444000244140625 32.51599884033203125 32.644001007080078125 32.444000244140625 32.09200286865234375 31.728000640869140625 31.4120025634765625 31.260000228881835938 31.076002120971679688 30.799999237060546875 30.727998733520507813 30.891998291015625 30.979999542236328125 30.996002197265625 30.93199920654296875 30.864000320434570313 30.800001144409179688 30.90399932861328125 30.907999038696289063 31.024000167846679688 31.62000274658203125 32.312000274658203125 32.67600250244140625 32.908000946044921875 32.955997467041015625 32.979999542236328125 32.939998626708984375 32.840000152587890625 32.555999755859375 32.20800018310546875 31.95999908447265625 31.800001144409179688 31.736001968383789063 32.048000335693359375 32.700000762939453125 33.175998687744140625 33.076000213623046875
32.2440032958984375 32.159999847412109375 31.851999282836914063 31.967998504638671875 32.2480010986328125 32.4160003662109375 32.42800140380859375 32.40000152587890625 32.408000946044921875 32.40000152587890625 32.467998504638671875 32.45999908447265625 32.38800048828125 32.31600189208984375 32.20400238037109375 31.851999282836914063 31.364002227783203125 31.104000091552734375 31.0839996337890625 31.032001495361328125 30.94000244140625 31.007999420166015625 31.176000595092773438 31.411998748779296875 31.57199859619140625 31.475999832153320313 31.135999679565429688 30.992000579833984375 30.855998992919921875 31.135999679565429688 31.243999481201171875 31.4720001220703125 32.243999481201171875 32.79599761962890625 32.84000396728515625 32.904003143310546875 32.951995849609375 32.9199981689453125 32.864002227783203125 32.82399749755859375 32.61199951171875 32.280002593994140625 31.976001739501953125 31.904003143310546875 31.996002197265625 32.523998260498046875 32.784000396728515625 32.73600006103515625 32.62400054931640625
32.432003021240234375 32.4160003662109375 32.1959991455078125 32.14800262451171875 32.224002838134765625 32.336002349853515625 32.348003387451171875 32.348003387451171875 32.3639984130859375 32.384002685546875 32.408000946044921875 32.332000732421875 32.31600189208984375 32.279998779296875 31.996000289916992188 31.463998794555664063 31.052000045776367188 30.95999908447265625 31.104000091552734375 31.11199951171875 31.060001373291015625 31.324001312255859375 31.544002532958984375 31.48799896240234375 31.5 31.380001068115234375 31.104000091552734375 31.107997894287109375 31.288000106811523438 31.68000030517578125 31.94000244140625 32.187999725341796875 32.6439971923828125 32.883998870849609375 32.836002349853515625 32.848003387451171875 32.864002227783203125 32.88800048828125 32.827999114990234375 32.720001220703125 32.436000823974609375 31.963998794555664063 31.756000518798828125 31.787998199462890625 32 32.608001708984375 32.98400115966796875 32.883998870849609375 32.555999755859375
32.42800140380859375 32.432003021240234375 32.336002349853515625 32.33599853515625 32.26399993896484375 32.284000396728515625 32.384002685546875 32.40000152587890625 32.395999908447265625 32.436000823974609375 32.380001068115234375 32.37200164794921875 32.37200164794921875 32.200000762939453125 31.703998565673828125 31.208002090454101563 31.076000213623046875 31.0279998779296875 31.020000457763671875 31.09600067138671875 31.312000274658203125 31.5240020751953125 31.384002685546875 31.087999343872070313 31.100002288818359375 31.064001083374023438 31.1399993896484375 31.5 31.95999908447265625 32.3079986572265625 32.5839996337890625 32.71199798583984375 32.74399566650390625 32.752002716064453125 32.743999481201171875 32.7519989013671875 32.73600006103515625 32.78800201416015625 32.79599761962890625 32.65599822998046875 32.3280029296875 31.7760009765625 31.643999099731445313 31.779998779296875 31.992000579833984375 32.54399871826171875 33.135997772216796875 33.163997650146484375 32.595996856689453125
32.40399932861328125 32.51599884033203125 32.392002105712890625 32.292003631591796875 32.20800018310546875 32.29199981689453125 32.54000091552734375 32.5839996337890625 32.436000823974609375 32.380001068115234375 32.3000030517578125 32.3600006103515625 32.340000152587890625 31.908000946044921875 31.423999786376953125 31.200000762939453125 31.12400054931640625 31 30.812000274658203125 30.964000701904296875 31.312000274658203125 31.268001556396484375 30.95999908447265625 30.871997833251953125 31.003999710083007813 31.26399993896484375 31.57199859619140625 32.11199951171875 32.51200103759765625 32.520000457763671875 32.715999603271484375 32.787998199462890625 32.6719970703125 32.548000335693359375 32.436000823974609375 32.488002777099609375 32.631999969482421875 32.728000640869140625 32.7239990234375 32.65200042724609375 32.439998626708984375 31.996002197265625 31.944000244140625 32.200000762939453125 32.427997589111328125 32.90399932861328125 33.3600006103515625 33.324001312255859375 32.7559967041015625
32.29599761962890625 32.368000030517578125 32.2760009765625 32.167999267578125 32.011997222900390625 32.108001708984375 32.3560028076171875 32.408000946044921875 32.3639984130859375 32.33599853515625 32.364002227783203125 32.256000518798828125 32.131999969482421875 31.668001174926757813 31.420000076293945313 31.31999969482421875 31.120000839233398438 30.871997833251953125 30.7239990234375 30.7519989013671875 30.84799957275390625 30.879999160766601563 31.0279998779296875 31.1959991455078125 31.336000442504882813 31.535999298095703125 31.724000930786132813 32.224002838134765625 32.560001373291015625 32.71199798583984375 32.76799774169921875 32.6959991455078125 32.5800018310546875 32.40399932861328125 32.3040008544921875 32.43599700927734375 32.715999603271484375 32.843997955322265625 32.84799957275390625 32.784000396728515625 32.799999237060546875 32.660003662109375 32.855998992919921875 33.032001495361328125 32.979999542236328125 33.247997283935546875 33.563999176025390625 33.520000457763671875 33.063999176025390625
32.284000396728515625 32.203998565673828125 32.2480010986328125 32.212001800537109375 31.8600006103515625 31.831998825073242188 32.200000762939453125 32.3040008544921875 32.31999969482421875 32.296001434326171875 32.380001068115234375 32.332000732421875 32.2239990234375 31.95999908447265625 31.787998199462890625 31.703998565673828125 31.343997955322265625 30.98400115966796875 30.759998321533203125 30.651998519897460938 30.6959991455078125 30.951997756958007813 31.31999969482421875 31.464000701904296875 31.524000167846679688 31.496000289916992188 31.435998916625976563 31.684001922607421875 32.0240020751953125 32.40399932861328125 32.380001068115234375 32.203998565673828125 32.455997467041015625 32.87200164794921875 33.09600067138671875 33.179996490478515625 33.184001922607421875 33.151996612548828125 33.187999725341796875 32.98400115966796875 32.996002197265625 33.200000762939453125 33.2480010986328125 33.12000274658203125 33.144001007080078125 33.327999114990234375 33.56800079345703125 33.551998138427734375 33.26399993896484375
32.315998077392578125 32.04799652099609375 32.09600067138671875 32.3040008544921875 31.9720001220703125 31.631999969482421875 31.859998703002929688 32.196002960205078125 32.256000518798828125 32.37599945068359375 32.33599853515625 32.4160003662109375 32.327999114990234375 32.3000030517578125 32.31999969482421875 32.29199981689453125 31.727998733520507813 31.252000808715820313 30.943998336791992188 30.803998947143554688 30.992000579833984375 31.380001068115234375 31.68000030517578125 31.59600067138671875 31.523998260498046875 31.57199859619140625 31.43199920654296875 31.451999664306640625 31.507999420166015625 31.7519989013671875 31.783998489379882813 31.6399993896484375 31.79599761962890625 32.5 33.299999237060546875 33.520000457763671875 33.492000579833984375 33.4720001220703125 33.503997802734375 33.2480010986328125 33.079998016357421875 33.220001220703125 33.3600006103515625 33.38800048828125 33.483997344970703125 33.5839996337890625 33.5800018310546875 33.479999542236328125 33.371997833251953125
32.184001922607421875 31.895999908447265625 31.836000442504882813 32.116001129150390625 32.26000213623046875 32.04000091552734375 31.964000701904296875 32.18000030517578125 32.296001434326171875 32.4759979248046875 32.37999725341796875 32.411998748779296875 32.3040008544921875 32.3600006103515625 32.411998748779296875 32.3040008544921875 31.792001724243164063 31.395999908447265625 31.284000396728515625 31.284000396728515625 31.479999542236328125 31.939998626708984375 32.10399627685546875 31.927999496459960938 31.739999771118164063 31.607999801635742188 31.735996246337890625 31.643999099731445313 31.496002197265625 31.336000442504882813 31.411998748779296875 31.3000030517578125 31.23600006103515625 31.803998947143554688 32.712001800537109375 33.33599853515625 33.54399871826171875 33.504001617431640625 33.479999542236328125 33.3280029296875 33.1399993896484375 33.4160003662109375 33.520000457763671875 33.604000091552734375 33.76000213623046875 33.76399993896484375 33.600002288818359375 33.391998291015625 33.284000396728515625
32.40399932861328125 32.115997314453125 31.991998672485351563 32.048000335693359375 32.352001190185546875 32.228000640869140625 31.855998992919921875 31.95999908447265625 32.2760009765625 32.608001708984375 32.560001373291015625 32.45600128173828125 32.315998077392578125 32.28800201416015625 32.268001556396484375 32.15200042724609375 31.76799774169921875 31.408000946044921875 31.368000030517578125 31.544002532958984375 32.108001708984375 32.71199798583984375 32.39599609375 32.052001953125 31.715997695922851563 31.388002395629882813 31.516002655029296875 31.468000411987304688 31.16400146484375 30.9759979248046875 31.008001327514648438 31.084001541137695313 31.224000930786132813 31.503999710083007813 32.032001495361328125 32.895999908447265625 33.42800140380859375 33.37599945068359375 33.37200164794921875 33.4160003662109375 33.4720001220703125 33.640003204345703125 33.68000030517578125 33.73200225830078125 33.799999237060546875 33.7519989013671875 33.444000244140625 33.06800079345703125 32.859996795654296875
32.644001007080078125 32.427997589111328125 32.355998992919921875 32.439998626708984375 32.6920013427734375 32.6320037841796875 32.3600006103515625 32.308002471923828125 32.3280029296875 32.464000701904296875 32.444000244140625 32.33599853515625 32.200000762939453125 32.1439971923828125 32.115997314453125 32.0319976806640625 31.827999114990234375 31.420000076293945313 31.51200103759765625 31.920000076293945313 32.308002471923828125 32.476001739501953125 32.26000213623046875 31.979997634887695313 31.544000625610351563 31.104000091552734375 31.09600067138671875 30.995998382568359375 30.827999114990234375 30.8040008544921875 30.795999526977539063 31.035999298095703125 31.479999542236328125 31.848001480102539063 32.007999420166015625 32.36800384521484375 32.883998870849609375 33.26000213623046875 33.395999908447265625 33.391998291015625 33.48400115966796875 33.57199859619140625 33.479999542236328125 33.5279998779296875 33.532001495361328125 33.48400115966796875 33.104000091552734375 32.71199798583984375 32.4160003662109375
32.45600128173828125 32.479999542236328125 32.451999664306640625 32.604000091552734375 32.87599945068359375 32.855998992919921875 32.719997406005859375 32.71199798583984375 32.600002288818359375 32.576000213623046875 32.576000213623046875 32.48400115966796875 32.332000732421875 32.32399749755859375 32.275997161865234375 32.187999725341796875 32.01200103759765625 31.64800262451171875 31.800001144409179688 32.18000030517578125 32.315998077392578125 32.3560028076171875 32.1920013427734375 31.819997787475585938 31.187999725341796875 30.948001861572265625 30.892002105712890625 30.736001968383789063 30.65200042724609375 30.720001220703125 30.868000030517578125 31.063999176025390625 31.54399871826171875 31.908002853393554688 32.007999420166015625 32.12400054931640625 32.464000701904296875 32.85199737548828125 33.29199981689453125 33.55999755859375 33.552001953125 33.395999908447265625 33.23999786376953125 33.359996795654296875 33.33599853515625 33.203998565673828125 32.955997467041015625 32.576000213623046875 32.108001708984375
32.187999725341796875 32.447998046875 32.444000244140625 32.4720001220703125 32.53600311279296875 32.51200103759765625 32.56800079345703125 32.608001708984375 32.45600128173828125 32.476001739501953125 32.635997772216796875 32.504001617431640625 32.399997711181640625 32.37999725341796875 32.315998077392578125 32.24399566650390625 32.05999755859375 31.883998870849609375 31.996000289916992188 32.16400146484375 32.184001922607421875 32.21199798583984375 32.1719970703125 31.7519989013671875 31.107997894287109375 31.108001708984375 31.024000167846679688 30.815999984741210938 30.6999969482421875 30.7519989013671875 30.90399932861328125 31.151996612548828125 31.588001251220703125 31.887998580932617188 31.93199920654296875 32.0279998779296875 32.200000762939453125 32.4160003662109375 32.83599853515625 33.40000152587890625 33.464000701904296875 33.228000640869140625 33.011997222900390625 33.048000335693359375 32.9759979248046875 32.911998748779296875 32.720001220703125 32.2760009765625 31.952001571655273438
32.15200042724609375 32.43599700927734375 32.527996063232421875 32.608001708984375 32.579998016357421875 32.576000213623046875 32.731998443603515625 32.78800201416015625 32.62799835205078125 32.6920013427734375 32.6959991455078125 32.523998260498046875 32.31999969482421875 32.26399993896484375 32.231998443603515625 32.119998931884765625 31.968000411987304688 31.947998046875 31.943998336791992188 31.979999542236328125 31.979999542236328125 32.04000091552734375 32.108001708984375 31.784000396728515625 31.219999313354492188 31.06800079345703125 30.995998382568359375 30.9759979248046875 31.016000747680664063 31.232000350952148438 31.3600006103515625 31.5279998779296875 31.76000213623046875 31.843997955322265625 31.803997039794921875 31.832000732421875 32.05999755859375 32.252002716064453125 32.532001495361328125 33.06800079345703125 33.29199981689453125 33.119998931884765625 32.9720001220703125 32.78800201416015625 32.651996612548828125 32.6959991455078125 32.411998748779296875 32.004001617431640625 31.964002609252929688
32.455997467041015625 32.511997222900390625 32.535999298095703125 32.73600006103515625 32.908000946044921875 32.839996337890625 32.768001556396484375 32.759998321533203125 32.55999755859375 32.619998931884765625 32.59600067138671875 32.619998931884765625 32.448001861572265625 32.3000030517578125 32.15200042724609375 31.940000534057617188 31.852001190185546875 31.812000274658203125 31.820001602172851563 31.90000152587890625 31.9759979248046875 32.0800018310546875 32.156002044677734375 32.0240020751953125 31.663997650146484375 31.383998870849609375 31.267999649047851563 31.492000579833984375 31.608001708984375 31.81999969482421875 31.899997711181640625 31.927999496459960938 31.76000213623046875 31.488002777099609375 31.383998870849609375 31.54399871826171875 31.93199920654296875 32.131999969482421875 32.312000274658203125 32.523998260498046875 32.68000030517578125 32.551998138427734375 32.5 32.240001678466796875 32.135997772216796875 32.119998931884765625 32.06400299072265625 32.05999755859375 32.11199951171875
32.51599884033203125 32.411998748779296875 32.327999114990234375 32.51200103759765625 32.779998779296875 32.728000640869140625 32.503997802734375 32.368000030517578125 32.2239990234375 32.287998199462890625 32.51200103759765625 32.675998687744140625 32.551998138427734375 32.31999969482421875 32.06800079345703125 31.84400177001953125 31.812002182006835938 31.81600189208984375 31.9199981689453125 32.076000213623046875 32.203998565673828125 32.271999359130859375 32.28800201416015625 32.23999786376953125 32.06800079345703125 31.8600006103515625 31.643999099731445313 31.884000778198242188 32.04000091552734375 32.09999847412109375 32.09999847412109375 32.0839996337890625 31.787998199462890625 31.356000900268554688 31.21600341796875 31.49199676513671875 31.9160003662109375 32.0839996337890625 32.1999969482421875 32.108001708984375 32.076000213623046875 31.999998092651367188 31.908000946044921875 31.836000442504882813 31.79599761962890625 31.752002716064453125 31.912000656127929688 32.119998931884765625 32.144001007080078125
32.175998687744140625 32.0839996337890625 32.104000091552734375 32.24399566650390625 32.37200164794921875 32.444000244140625 32.3679962158203125 32.203998565673828125 32.23600006103515625 32.296001434326171875 32.467998504638671875 32.5800018310546875 32.427997589111328125 32.116001129150390625 31.976001739501953125 31.848003387451171875 31.90000152587890625 31.976001739501953125 32.0800018310546875 32.14800262451171875 32.220001220703125 32.29199981689453125 32.2760009765625 32.20800018310546875 32.032001495361328125 31.840000152587890625 31.57199859619140625 31.756000518798828125 31.923999786376953125 32.091999053955078125 32.104000091552734375 32.09999847412109375 32.011997222900390625 31.743999481201171875 31.555999755859375 31.676000595092773438 31.979997634887695313 32.088001251220703125 32.1360015869140625 32.051998138427734375 32.01200103759765625 32.007999420166015625 31.892002105712890625 31.896001815795898438 31.9680023193359375 31.983999252319335938 32.0240020751953125 32.0800018310546875 32.01200103759765625
32.203998565673828125 32.16400146484375 32.11199951171875 32.147998809814453125 32.243999481201171875 32.28399658203125 32.279998779296875 32.212001800537109375 32.159999847412109375 32.220001220703125 32.252002716064453125 32.31999969482421875 32.28800201416015625 32.0279998779296875 31.892000198364257813 31.90000152587890625 31.984003067016601563 32.072002410888671875 32.088001251220703125 32.0240020751953125 32.0839996337890625 32.184001922607421875 32.172000885009765625 32.088001251220703125 31.98400115966796875 31.79199981689453125 31.436000823974609375 31.54000091552734375 31.700000762939453125 31.971998214721679688 32.01999664306640625 32.0279998779296875 32.035999298095703125 31.940000534057617188 31.788000106811523438 31.799999237060546875 31.943998336791992188 32.06800079345703125 32.128002166748046875 32.0319976806640625 32.03600311279296875 32.1399993896484375 32.0839996337890625 32.09600067138671875 32.15200042724609375 32.18000030517578125 32.215999603271484375 32.203998565673828125 32.12799835205078125
32.1880035400390625 32.259998321533203125 32.2480010986328125 32.112003326416015625 32.12400054931640625 32.299999237060546875 32.327999114990234375 32.215999603271484375 32.1920013427734375 32.284000396728515625 32.3000030517578125 32.320003509521484375 32.340000152587890625 32 31.948001861572265625 31.952001571655273438 32.03600311279296875 32.156002044677734375 32.055999755859375 31.895999908447265625 31.9759979248046875 32.108001708984375 32.091999053955078125 32.09600067138671875 32.063999176025390625 31.90799713134765625 31.635999679565429688 31.524000167846679688 31.5 31.744001388549804688 31.895998001098632813 31.976001739501953125 32.0279998779296875 32.01599884033203125 32.020000457763671875 31.968000411987304688 31.9720001220703125 32.04399871826171875 32.1399993896484375 32.18399810791015625 32.1999969482421875 32.21199798583984375 32.119998931884765625 32.187999725341796875 32.1999969482421875 32.243999481201171875 32.38800048828125 32.523998260498046875 32.384002685546875
32.200000762939453125 32.140003204345703125 32.060001373291015625 32.07199859619140625 32.04000091552734375 32.088001251220703125 32.187999725341796875 32.187999725341796875 32.2519989013671875 32.343997955322265625 32.336002349853515625 32.391998291015625 32.264003753662109375 32.01599884033203125 32 32 32.04000091552734375 32.084003448486328125 31.972002029418945313 31.891998291015625 31.995998382568359375 32.12000274658203125 32.147998809814453125 32.17600250244140625 32.108001708984375 32.035999298095703125 31.923997879028320313 31.71199798583984375 31.604000091552734375 31.8639984130859375 31.992000579833984375 32 32.01200103759765625 32.048000335693359375 32.039997100830078125 32.035999298095703125 31.944004058837890625 31.868000030517578125 32.060001373291015625 32.18000030517578125 32.1999969482421875 32.191997528076171875 32.09999847412109375 32.131999969482421875 32.15599822998046875 32.179996490478515625 32.420001983642578125 32.479999542236328125 32.2480010986328125
32.147998809814453125 32.119998931884765625 32.088001251220703125 32.04000091552734375 32.01200103759765625 32.048000335693359375 32.09999847412109375 32.156002044677734375 32.2480010986328125 32.40399932861328125 32.3560028076171875 32.243999481201171875 32.07199859619140625 31.923997879028320313 31.9759979248046875 31.964002609252929688 32.0279998779296875 32.0839996337890625 32.088001251220703125 32.07199859619140625 32.104000091552734375 32.1959991455078125 32.2239990234375 32.200000762939453125 32.1959991455078125 32.131999969482421875 32.091999053955078125 32.04000091552734375 31.991998672485351563 32.004001617431640625 32.0240020751953125 32.048000335693359375 32.15599822998046875 32.11199951171875 32.180004119873046875 32.14800262451171875 32.020000457763671875 31.759998321533203125 31.951999664306640625 32.1399993896484375 32.18399810791015625 32.108001708984375 32.072002410888671875 32.11199951171875 32.115997314453125 32.09999847412109375 32.31999969482421875 32.264003753662109375 31.83599853515625
32.15599822998046875 32.215999603271484375 32.243999481201171875 32.159999847412109375 32.084003448486328125 32.06800079345703125 32.12799835205078125 32.23200225830078125 32.28800201416015625 32.28400421142578125 32.203998565673828125 32.100002288818359375 31.939998626708984375 31.923999786376953125 31.899999618530273438 31.983997344970703125 32.128002166748046875 32.12400054931640625 32.144001007080078125 32.1399993896484375 32.100002288818359375 32.18000030517578125 32.2480010986328125 32.21600341796875 32.184001922607421875 32.055999755859375 31.992000579833984375 31.947998046875 32.003997802734375 32.04000091552734375 32.04000091552734375 32.084003448486328125 32.163997650146484375 32.115997314453125 32.135997772216796875 32.200000762939453125 32.16400146484375 32.063999176025390625 32.119998931884765625 32.06800079345703125 32.01999664306640625 32.016002655029296875 31.996000289916992188 32.131999969482421875 32.1959991455078125 32.1360015869140625 32.09999847412109375 31.923999786376953125 31.439998626708984375
