data/annrangetemp.asc
ncols        384
nrows        480
xllcorner    138.000000000000
yllcorner    -29.000000000000
cellsize     0.041666666667
NODATA_value -9999
[rows 352 to 373 of 480, columns 49 to 97 of 384]
31.619998931884765625 31.555999755859375 31.591999053955078125 31.548000335693359375 31.388002395629882813 31.0800018310546875 30.787998199462890625 30.663997650146484375 30.671998977661132813 30.768001556396484375 31.000001907348632813 31.035999298095703125 31.0279998779296875 31.20800018310546875 31.352001190185546875 31.43599700927734375 31.196001052856445313 30.9199981689453125 30.88800048828125 30.795999526977539063 30.715999603271484375 30.7519989013671875 30.700000762939453125 30.871999740600585938 30.700000762939453125 29.9160003662109375 29.851999282836914063 30.412000656127929688 30.90399932861328125 31.016000747680664063 30.995998382568359375 30.771999359130859375 30.332000732421875 30 30.024000167846679688 30.135997772216796875 30.220001220703125 30.176000595092773438 30.031999588012695313 30.07199859619140625 30.112001419067382813 29.9160003662109375 29.579998016357421875 29.37599945068359375 29.547998428344726563 29.979999542236328125 30.024000167846679688 29.827999114990234375 29.855998992919921875
31.7239990234375 31.828001022338867188 31.852001190185546875 31.663999557495117188 31.3639984130859375 31.048000335693359375 30.771999359130859375 30.552000045776367188 30.532001495361328125 30.740001678466796875 30.960002899169921875 31.0839996337890625 31.188001632690429688 31.311998367309570313 31.299999237060546875 31.196001052856445313 31.059999465942382813 30.783998489379882813 30.600002288818359375 30.624002456665039063 30.711999893188476563 30.715999603271484375 30.631999969482421875 30.588001251220703125 30.5839996337890625 30.295999526977539063 30.308002471923828125 30.572000503540039063 31.151998519897460938 31.54000091552734375 31.368000030517578125 30.94000244140625 30.119998931884765625 29.575998306274414063 29.61199951171875 29.84799957275390625 30.175998687744140625 30.268001556396484375 30.023998260498046875 29.796001434326171875 29.927999496459960938 29.696001052856445313 29.4720001220703125 29.6719970703125 29.968000411987304688 30.203998565673828125 30.06800079345703125 29.832000732421875 29.8000030517578125
31.7239990234375 31.843999862670898438 31.796003341674804688 31.57199859619140625 31.272001266479492188 30.947999954223632813 30.755998611450195313 30.548000335693359375 30.460000991821289063 30.660001754760742188 30.955999374389648438 31.17600250244140625 31.255998611450195313 31.299999237060546875 31.34799957275390625 31.31999969482421875 31.2519989013671875 30.808002471923828125 30.5800018310546875 30.628002166748046875 30.70800018310546875 30.643999099731445313 30.608001708984375 30.59999847412109375 30.548000335693359375 30.635999679565429688 30.752002716064453125 30.859998703002929688 31.295999526977539063 31.283998489379882813 30.920000076293945313 30.7239990234375 30.115997314453125 29.520000457763671875 29.45999908447265625 29.548000335693359375 29.68000030517578125 29.947998046875 29.743999481201171875 29.356000900268554688 29.4759979248046875 29.491998672485351563 29.691997528076171875 30.092000961303710938 30.391998291015625 30.423999786376953125 30.135999679565429688 29.864002227783203125 29.787998199462890625
31.611997604370117188 31.5279998779296875 31.51200103759765625 31.472002029418945313 31.244001388549804688 30.9720001220703125 30.763996124267578125 30.628000259399414063 30.532001495361328125 30.600002288818359375 31.048000335693359375 31.271999359130859375 31.399999618530273438 31.379999160766601563 31.34400177001953125 31.2519989013671875 31.12799835205078125 30.780000686645507813 30.70400238037109375 30.771997451782226563 30.776002883911132813 30.687999725341796875 30.579999923706054688 30.56800079345703125 30.579999923706054688 30.759998321533203125 30.808002471923828125 30.996002197265625 31.348003387451171875 31.064001083374023438 30.735998153686523438 30.659999847412109375 30.20800018310546875 29.6360015869140625 29.51599884033203125 29.616001129150390625 29.656002044677734375 29.760000228881835938 29.588001251220703125 29.359998703002929688 29.667999267578125 29.851999282836914063 30.06400299072265625 30.263998031616210938 30.340000152587890625 30.312000274658203125 29.988000869750976563 29.704000473022460938 29.659999847412109375
31.643999099731445313 31.575998306274414063 31.687997817993164063 31.62400054931640625 31.404001235961914063 31.17600250244140625 31.0279998779296875 30.951999664306640625 30.880001068115234375 30.944000244140625 31.255998611450195313 31.383998870849609375 31.507999420166015625 31.440000534057617188 31.300001144409179688 31.176000595092773438 31.1920013427734375 31.055999755859375 30.880001068115234375 30.783998489379882813 30.712001800537109375 30.684000015258789063 30.575998306274414063 30.4680023193359375 30.43199920654296875 30.6399993896484375 30.79199981689453125 30.903997421264648438 31.004001617431640625 30.836000442504882813 30.73200225830078125 30.648000717163085938 30.327999114990234375 29.891998291015625 29.7239990234375 29.791996002197265625 29.864002227783203125 29.84400177001953125 29.667997360229492188 29.631998062133789063 29.932001113891601563 30.1399993896484375 30.23999786376953125 30.224000930786132813 30.2440032958984375 30.12400054931640625 29.828001022338867188 29.608001708984375 29.615999221801757813
31.70800018310546875 31.635999679565429688 31.775999069213867188 31.712001800537109375 31.535999298095703125 31.368000030517578125 31.328001022338867188 31.331998825073242188 31.308002471923828125 31.42800140380859375 31.560001373291015625 31.628000259399414063 31.628000259399414063 31.45600128173828125 31.364000320434570313 31.32399749755859375 31.29199981689453125 31.148000717163085938 30.852001190185546875 30.656002044677734375 30.70800018310546875 30.716001510620117188 30.635999679565429688 30.547998428344726563 30.468000411987304688 30.564001083374023438 30.8040008544921875 30.736001968383789063 30.852001190185546875 30.9680023193359375 30.983997344970703125 30.9720001220703125 30.59999847412109375 30.187999725341796875 30.01200103759765625 30.060001373291015625 30.059999465942382813 29.9199981689453125 29.8639984130859375 29.951999664306640625 30.06800079345703125 30.11199951171875 30.048000335693359375 29.95999908447265625 29.947998046875 29.939998626708984375 29.739999771118164063 29.587999343872070313 29.552001953125
31.715999603271484375 31.563999176025390625 31.676000595092773438 31.66400146484375 31.575998306274414063 31.520000457763671875 31.48400115966796875 31.567998886108398438 31.68000030517578125 31.7519989013671875 31.787998199462890625 31.812002182006835938 31.73600006103515625 31.520000457763671875 31.48799896240234375 31.444000244140625 31.380001068115234375 31.204000473022460938 30.756000518798828125 30.5839996337890625 30.7519989013671875 30.796001434326171875 30.771999359130859375 30.788000106811523438 30.672002792358398438 30.579999923706054688 30.78800201416015625 30.820001602172851563 30.904001235961914063 31.05999755859375 31.11199951171875 31.09999847412109375 30.7760009765625 30.332000732421875 30.163997650146484375 30.15200042724609375 30.088001251220703125 29.955997467041015625 29.95999908447265625 30.107999801635742188 30.175998687744140625 30.088001251220703125 30.052000045776367188 30.04399871826171875 29.95600128173828125 29.883998870849609375 29.771999359130859375 29.7239990234375 29.620000839233398438
31.608001708984375 31.535999298095703125 31.600000381469726563 31.59600067138671875 31.607999801635742188 31.5839996337890625 31.564001083374023438 31.743999481201171875 31.979997634887695313 32.020000457763671875 31.936000823974609375 31.87200164794921875 31.760000228881835938 31.656002044677734375 31.616003036499023438 31.608001708984375 31.620000839233398438 31.5279998779296875 30.968000411987304688 30.631999969482421875 30.728002548217773438 30.8040008544921875 30.960000991821289063 30.951999664306640625 30.71199798583984375 30.56800079345703125 30.783998489379882813 31.023998260498046875 30.84400177001953125 30.920001983642578125 31.039999008178710938 31.0839996337890625 30.828001022338867188 30.476001739501953125 30.279998779296875 30.119998931884765625 30.0839996337890625 30.06800079345703125 30.0279998779296875 30.131999969482421875 30.1959991455078125 30.1399993896484375 30.34799957275390625 30.51200103759765625 30.40000152587890625 30.107997894287109375 30 30.008001327514648438 29.87599945068359375
31.423999786376953125 31.34400177001953125 31.336000442504882813 31.392002105712890625 31.576000213623046875 31.632001876831054688 31.631999969482421875 31.840000152587890625 32.16400146484375 32.296001434326171875 32.0800018310546875 31.896001815795898438 31.868000030517578125 31.880001068115234375 31.808002471923828125 31.76000213623046875 31.87599945068359375 31.884000778198242188 31.311998367309570313 30.815999984741210938 30.856000900268554688 30.988000869750976563 31.108001708984375 30.927999496459960938 30.6360015869140625 30.59600067138671875 30.7480010986328125 30.955997467041015625 30.840000152587890625 30.90399932861328125 31.100000381469726563 31.1360015869140625 30.883998870849609375 30.560001373291015625 30.299999237060546875 30.156000137329101563 30.203998565673828125 30.16400146484375 30.107999801635742188 30.052001953125 30.16400146484375 30.072000503540039063 30.37599945068359375 30.70400238037109375 30.740001678466796875 30.444000244140625 30.287998199462890625 30.184000015258789063 30.0839996337890625
31.35199737548828125 31.37599945068359375 31.34799957275390625 31.332000732421875 31.552001953125 31.699998855590820313 31.703998565673828125 31.932001113891601563 32.3079986572265625 32.272003173828125 32.076000213623046875 31.864000320434570313 31.975999832153320313 32.016002655029296875 31.972002029418945313 31.927999496459960938 31.920000076293945313 32.007999420166015625 31.575998306274414063 31.063997268676757813 31.023998260498046875 31.20400238037109375 31.1399993896484375 30.927999496459960938 30.647998809814453125 30.719999313354492188 30.9720001220703125 31.100000381469726563 31.024000167846679688 30.95999908447265625 31.044000625610351563 31.067998886108398438 30.787998199462890625 30.352001190185546875 30.039997100830078125 30.044002532958984375 30.179998397827148438 30.103998184204101563 30.079998016357421875 30.04399871826171875 30.187999725341796875 30.160001754760742188 30.368000030517578125 30.656000137329101563 30.8040008544921875 30.640001296997070313 30.460000991821289063 30.391998291015625 30.352001190185546875
31.6880035400390625 31.884002685546875 31.90399932861328125 31.755998611450195313 31.783998489379882813 31.880001068115234375 31.920001983642578125 32.1360015869140625 32.40000152587890625 32.272003173828125 32.12000274658203125 31.92800140380859375 32.076000213623046875 32.131999969482421875 32.0800018310546875 32.032001495361328125 32.12400054931640625 32.27199554443359375 31.884000778198242188 31.3600006103515625 31.163999557495117188 31.147998809814453125 31.087999343872070313 30.951999664306640625 30.728000640869140625 31.076002120971679688 31.672000885009765625 31.899999618530273438 31.743999481201171875 31.56800079345703125 31.45999908447265625 31.135999679565429688 30.651998519897460938 30.3280029296875 30.15200042724609375 29.988000869750976563 30.01599884033203125 29.979999542236328125 30.032001495361328125 30.12400054931640625 30.15200042724609375 30.12799835205078125 30.511999130249023438 30.71600341796875 30.880001068115234375 30.7440032958984375 30.604001998901367188 30.591999053955078125 30.531999588012695313
31.6959991455078125 31.923997879028320313 32.095996856689453125 31.995998382568359375 31.911998748779296875 31.936000823974609375 32.01200103759765625 32.21600341796875 32.40000152587890625 32.299999237060546875 32.28800201416015625 32.292003631591796875 32.31999969482421875 32.256000518798828125 32.167999267578125 32.1959991455078125 32.2760009765625 32.439998626708984375 32.091999053955078125 31.531999588012695313 31.172000885009765625 31.12000274658203125 31.15200042724609375 30.95600128173828125 30.660001754760742188 31.199998855590820313 31.767999649047851563 31.880001068115234375 31.840000152587890625 31.7760009765625 31.628002166748046875 31.212001800537109375 30.687997817993164063 30.535999298095703125 30.535999298095703125 30.3600006103515625 30.271999359130859375 30.175998687744140625 30.148000717163085938 30.2480010986328125 30.252000808715820313 30.255998611450195313 30.607997894287109375 30.771999359130859375 30.868000030517578125 30.87200164794921875 30.820001602172851563 30.772001266479492188 30.703998565673828125
31.6399993896484375 31.811998367309570313 32.067996978759765625 32.035999298095703125 31.9199981689453125 31.904001235961914063 32 32.17600250244140625 32.332000732421875 32.3280029296875 32.436000823974609375 32.432003021240234375 32.528003692626953125 32.380001068115234375 32.42800140380859375 32.5279998779296875 32.4720001220703125 32.479999542236328125 32.12400054931640625 31.551998138427734375 31.159999847412109375 31.116001129150390625 31.200000762939453125 30.887998580932617188 30.608001708984375 31.156002044677734375 31.607997894287109375 31.703998565673828125 31.560001373291015625 31.464000701904296875 31.511999130249023438 31.284000396728515625 30.868000030517578125 30.588001251220703125 30.563999176025390625 30.520002365112304688 30.416002273559570313 30.548000335693359375 30.684001922607421875 30.628002166748046875 30.34799957275390625 30.332002639770507813 30.628000259399414063 30.66400146484375 30.676000595092773438 30.708002090454101563 30.752002716064453125 30.73200225830078125 30.64800262451171875
31.659999847412109375 31.663999557495117188 31.879999160766601563 31.939998626708984375 31.87599945068359375 31.88800048828125 32.11199951171875 32.376003265380859375 32.551998138427734375 32.539997100830078125 32.479999542236328125 32.4120025634765625 32.54000091552734375 32.51200103759765625 32.520000457763671875 32.59999847412109375 32.45999908447265625 32.48799896240234375 32.051998138427734375 31.523998260498046875 31.340000152587890625 31.200000762939453125 31.052000045776367188 30.739999771118164063 30.667999267578125 31.11199951171875 31.560001373291015625 31.843999862670898438 31.708002090454101563 31.300001144409179688 31.3079986572265625 31.399999618530273438 31.163997650146484375 30.883998870849609375 30.815999984741210938 30.964000701904296875 31.11199951171875 31.09600067138671875 30.855998992919921875 30.711999893188476563 30.423999786376953125 30.324001312255859375 30.492000579833984375 30.49199676513671875 30.452001571655273438 30.523998260498046875 30.6399993896484375 30.6399993896484375 30.552001953125
31.719999313354492188 31.7239990234375 31.955997467041015625 32.079998016357421875 32.156002044677734375 32.331996917724609375 32.45600128173828125 32.548000335693359375 32.6719970703125 32.6959991455078125 32.651996612548828125 32.563999176025390625 32.61199951171875 32.675998687744140625 32.672000885009765625 32.62400054931640625 32.616001129150390625 32.61199951171875 32.020000457763671875 31.42800140380859375 31.351999282836914063 31.26799774169921875 30.98799896240234375 30.772001266479492188 30.964000701904296875 31.387998580932617188 31.563999176025390625 31.7760009765625 31.784000396728515625 31.507999420166015625 31.511999130249023438 31.563999176025390625 31.26000213623046875 30.880001068115234375 30.815998077392578125 31.064001083374023438 31.348001480102539063 31.23600006103515625 30.87599945068359375 30.8560028076171875 30.779998779296875 30.523998260498046875 30.447999954223632813 30.48400115966796875 30.4120025634765625 30.404003143310546875 30.531999588012695313 30.535999298095703125 30.35199737548828125
31.936000823974609375 31.920000076293945313 32.0319976806640625 32.219997406005859375 32.384002685546875 32.5839996337890625 32.7239990234375 32.73600006103515625 32.73999786376953125 32.779998779296875 32.7480010986328125 32.61199951171875 32.644001007080078125 32.66400146484375 32.65999603271484375 32.59999847412109375 32.65200042724609375 32.54399871826171875 32.01599884033203125 31.516000747680664063 31.35199737548828125 31.271999359130859375 30.951999664306640625 30.87599945068359375 31.411998748779296875 31.840000152587890625 31.840000152587890625 31.70800018310546875 31.659999847412109375 31.604001998901367188 31.68399810791015625 31.607999801635742188 31.172000885009765625 30.752002716064453125 30.676000595092773438 30.923999786376953125 31.252000808715820313 31.135997772216796875 31.004001617431640625 31.120000839233398438 30.996000289916992188 30.656000137329101563 30.492000579833984375 30.455997467041015625 30.436000823974609375 30.384002685546875 30.320001602172851563 30.284000396728515625 30.312000274658203125
31.939998626708984375 31.90399932861328125 32.04799652099609375 32.315998077392578125 32.539997100830078125 32.6959991455078125 32.7760009765625 32.75600433349609375 32.687999725341796875 32.5879974365234375 32.62799835205078125 32.667999267578125 32.672000885009765625 32.71199798583984375 32.73600006103515625 32.64800262451171875 32.555999755859375 32.107997894287109375 31.7480010986328125 31.392000198364257813 31.135999679565429688 31.01200103759765625 30.936000823974609375 31.1920013427734375 31.812000274658203125 32.104000091552734375 32.11199951171875 32.0240020751953125 31.812000274658203125 31.6360015869140625 31.631999969482421875 31.631999969482421875 31.300001144409179688 31.027997970581054688 31.167997360229492188 31.492000579833984375 31.671998977661132813 31.560001373291015625 31.37999725341796875 31.23600006103515625 31.252000808715820313 31.04000091552734375 30.691999435424804688 30.415998458862304688 30.247999191284179688 30.167999267578125 29.944000244140625 30.01200103759765625 30.48400115966796875
31.84799957275390625 31.911998748779296875 32.104000091552734375 32.3639984130859375 32.62799835205078125 32.719997406005859375 32.64800262451171875 32.5800018310546875 32.496002197265625 32.444000244140625 32.504001617431640625 32.56800079345703125 32.532001495361328125 32.552001953125 32.612003326416015625 32.604000091552734375 32.423999786376953125 31.960000991821289063 31.45600128173828125 30.923999786376953125 30.70400238037109375 30.84400177001953125 31.18399810791015625 31.703998565673828125 32.227996826171875 32.35199737548828125 32.35199737548828125 32.26399993896484375 32.11199951171875 31.88800048828125 31.808002471923828125 31.803998947143554688 31.81999969482421875 31.820001602172851563 31.784000396728515625 31.855998992919921875 31.84799957275390625 31.743999481201171875 31.511999130249023438 31.243999481201171875 31.391998291015625 31.203998565673828125 30.76399993896484375 30.332000732421875 30.172000885009765625 30.244001388549804688 30.07199859619140625 30.140003204345703125 30.6399993896484375
31.743999481201171875 31.939998626708984375 32.11199951171875 32.43199920654296875 32.700000762939453125 32.62000274658203125 32.4759979248046875 32.3639984130859375 32.280002593994140625 32.3639984130859375 32.555999755859375 32.635997772216796875 32.59999847412109375 32.57599639892578125 32.591999053955078125 32.408000946044921875 32.147998809814453125 31.827999114990234375 31.027997970581054688 30.612001419067382813 30.660001754760742188 31.1399993896484375 31.707998275756835938 32.108001708984375 32.231998443603515625 32.3079986572265625 32.31999969482421875 32.259998321533203125 32.175998687744140625 32.0279998779296875 31.940000534057617188 31.787998199462890625 31.983999252319335938 32.14800262451171875 31.964000701904296875 31.767999649047851563 31.759998321533203125 31.64800262451171875 31.2760009765625 31.004001617431640625 31.100000381469726563 31.016002655029296875 30.803998947143554688 30.567998886108398438 30.471998214721679688 30.503997802734375 30.2760009765625 30.252002716064453125 30.667999267578125
31.704000473022460938 31.84799957275390625 31.915998458862304688 32.107997894287109375 32.23600006103515625 32.228000640869140625 32.0240020751953125 31.820001602172851563 31.827999114990234375 31.975999832153320313 32.147998809814453125 32.26799774169921875 32.40799713134765625 32.507999420166015625 32.447998046875 32.091999053955078125 31.603998184204101563 31.31999969482421875 30.920000076293945313 30.8600006103515625 31.215999603271484375 31.791997909545898438 32.172000885009765625 32.15200042724609375 32.076000213623046875 32.1719970703125 32.231998443603515625 32.23600006103515625 32.147998809814453125 32.135997772216796875 32.0800018310546875 32.044002532958984375 32.076000213623046875 32.09600067138671875 31.9680023193359375 31.768001556396484375 31.503999710083007813 31.29199981689453125 31.104000091552734375 30.947999954223632813 30.9160003662109375 31.0279998779296875 31.023998260498046875 30.95600128173828125 30.848001480102539063 30.6920013427734375 30.26799774169921875 30.0839996337890625 30.288000106811523438
31.548000335693359375 31.516002655029296875 31.511999130249023438 31.61199951171875 31.724000930786132813 31.880001068115234375 31.784000396728515625 31.5279998779296875 31.520000457763671875 31.5319976806640625 31.668003082275390625 31.788000106811523438 32.03600311279296875 32.228000640869140625 32.023998260498046875 31.647998809814453125 31.2760009765625 31.064001083374023438 31.064001083374023438 31.379999160766601563 31.880001068115234375 32.355998992919921875 32.268001556396484375 32.104000091552734375 32.023998260498046875 32.09999847412109375 32.1920013427734375 32.3119964599609375 32.2519989013671875 32.368000030517578125 32.436000823974609375 32.479999542236328125 32.3600006103515625 32.048000335693359375 31.800001144409179688 31.552001953125 31.203998565673828125 30.980001449584960938 31.06800079345703125 31.176000595092773438 31.16400146484375 31.227998733520507813 31.191997528076171875 31.084001541137695313 30.880001068115234375 30.644001007080078125 30.176000595092773438 29.880001068115234375 29.82399749755859375
31.243999481201171875 31.20400238037109375 31.252000808715820313 31.383998870849609375 31.552001953125 31.799999237060546875 31.899997711181640625 31.796001434326171875 31.6399993896484375 31.604000091552734375 31.656002044677734375 31.800001144409179688 31.995998382568359375 31.9160003662109375 31.548000335693359375 31.3639984130859375 31.4199981689453125 31.307996749877929688 31.260000228881835938 31.64800262451171875 32.29599761962890625 32.43199920654296875 32.3639984130859375 32.256000518798828125 32.18000030517578125 32.12400054931640625 32.215999603271484375 32.332000732421875 32.420001983642578125 32.628002166748046875 32.6920013427734375 32.684001922607421875 32.420001983642578125 31.904003143310546875 31.427997589111328125 31.203998565673828125 31.103998184204101563 30.940000534057617188 31.088001251220703125 31.260000228881835938 31.3040008544921875 31.176000595092773438 30.944000244140625 30.823999404907226563 30.687999725341796875 30.548000335693359375 30.2519989013671875 29.95600128173828125 29.740001678466796875
