data/annrangetemp.asc
ncols        384
nrows        480
xllcorner    138.000000000000
yllcorner    -29.000000000000
cellsize     0.041666666667
NODATA_value -9999
[rows 440 to 461 of 480, columns 0 to 48 of 384]
32.06400299072265625 32.256000518798828125 32.1959991455078125 31.94000244140625 31.84799957275390625 31.672000885009765625 31.84400177001953125 32.1959991455078125 32.3600006103515625 32.520000457763671875 32.631999969482421875 32.59999847412109375 32.492000579833984375 32.34799957275390625 32.20800018310546875 32.15200042724609375 32.220001220703125 32.284000396728515625 32.33599853515625 32.18000030517578125 32.243999481201171875 32.292003631591796875 32.20400238037109375 32.144001007080078125 32.091999053955078125 32.007999420166015625 32.104000091552734375 32.272003173828125 32.324001312255859375 32.38800048828125 32.483997344970703125 32.49199676513671875 32.399997711181640625 32.464000701904296875 32.635997772216796875 32.740001678466796875 32.600002288818359375 32.35199737548828125 32.1959991455078125 32.048000335693359375 31.88800048828125 31.812000274658203125 31.8639984130859375 31.947998046875 31.999998092651367188 32.26000213623046875 32.2760009765625 32.40399932861328125 32.32399749755859375
32.2519989013671875 32.2440032958984375 32.43599700927734375 32.327999114990234375 32.1399993896484375 31.727998733520507813 32.007999420166015625 32.427997589111328125 32.488002777099609375 32.548000335693359375 32.560001373291015625 32.488002777099609375 32.411998748779296875 32.2760009765625 32.167999267578125 32.163997650146484375 32.268001556396484375 32.324001312255859375 32.327999114990234375 32.228000640869140625 32.23200225830078125 32.332004547119140625 32.439998626708984375 32.308002471923828125 32.06800079345703125 31.871997833251953125 32.119998931884765625 32.4759979248046875 32.479999542236328125 32.444000244140625 32.383998870849609375 32.355998992919921875 32.395999908447265625 32.464000701904296875 32.595996856689453125 32.591999053955078125 32.464000701904296875 32.31999969482421875 32.063995361328125 31.892000198364257813 31.827999114990234375 31.827999114990234375 31.952001571655273438 32.144001007080078125 32.160003662109375 32.324001312255859375 32.380001068115234375 32.411998748779296875 32.320003509521484375
32.0879974365234375 32.219997406005859375 32.45999908447265625 32.332004547119140625 32.1920013427734375 32.1719970703125 32.2760009765625 32.496002197265625 32.520000457763671875 32.520000457763671875 32.5279998779296875 32.616001129150390625 32.479999542236328125 32.383998870849609375 32.3639984130859375 32.37200164794921875 32.408000946044921875 32.376003265380859375 32.21600341796875 32.076000213623046875 32.18000030517578125 32.312000274658203125 32.38800048828125 32.3639984130859375 32.191997528076171875 31.975999832153320313 32.1719970703125 32.55999755859375 32.667999267578125 32.5839996337890625 32.423999786376953125 32.380001068115234375 32.4720001220703125 32.5800018310546875 32.59999847412109375 32.4680023193359375 32.37599945068359375 32.227996826171875 31.979999542236328125 31.871999740600585938 31.967998504638671875 32.104000091552734375 32.2519989013671875 32.2559967041015625 32.296001434326171875 32.352001190185546875 32.4720001220703125 32.40000152587890625 32.4199981689453125
31.927997589111328125 32.175998687744140625 32.408000946044921875 32.408000946044921875 32.2480010986328125 32.23600006103515625 32.327999114990234375 32.439998626708984375 32.411998748779296875 32.43199920654296875 32.49199676513671875 32.555999755859375 32.507999420166015625 32.464000701904296875 32.492000579833984375 32.464000701904296875 32.451999664306640625 32.384002685546875 32.296001434326171875 32.2760009765625 32.34400177001953125 32.364002227783203125 32.336002349853515625 32.40000152587890625 32.39600372314453125 32.355998992919921875 32.411998748779296875 32.5839996337890625 32.6959991455078125 32.672000885009765625 32.591999053955078125 32.59999847412109375 32.65599822998046875 32.700000762939453125 32.61199951171875 32.40399932861328125 32.215999603271484375 32.123996734619140625 32.00799560546875 31.920000076293945313 32.051998138427734375 32.215999603271484375 32.2239990234375 32.131999969482421875 32.2480010986328125 32.2519989013671875 32.4199981689453125 32.368000030517578125 32.37200164794921875
32.091999053955078125 32.088001251220703125 32.1959991455078125 32.271999359130859375 32.20400238037109375 32.09999847412109375 32.2239990234375 32.447998046875 32.507999420166015625 32.427997589111328125 32.340000152587890625 32.327999114990234375 32.34000396728515625 32.4160003662109375 32.48799896240234375 32.54399871826171875 32.51200103759765625 32.371997833251953125 32.268001556396484375 32.299999237060546875 32.383998870849609375 32.3639984130859375 32.348003387451171875 32.42400360107421875 32.504001617431640625 32.495998382568359375 32.548000335693359375 32.62799835205078125 32.700000762939453125 32.70800018310546875 32.6320037841796875 32.62000274658203125 32.65200042724609375 32.663997650146484375 32.551998138427734375 32.40399932861328125 32.16400146484375 32.044002532958984375 31.968000411987304688 32.01599884033203125 32.11199951171875 32.18399810791015625 32.11199951171875 32.076000213623046875 32.220001220703125 32.2760009765625 32.33599853515625 32.296001434326171875 32.2760009765625
32.05999755859375 31.868000030517578125 31.88800048828125 31.991998672485351563 32.0839996337890625 32.035999298095703125 32.108001708984375 32.312000274658203125 32.488002777099609375 32.408000946044921875 32.327999114990234375 32.236003875732421875 32.200000762939453125 32.29199981689453125 32.555999755859375 32.728000640869140625 32.628002166748046875 32.43199920654296875 32.2519989013671875 32.203998565673828125 32.37599945068359375 32.4759979248046875 32.464000701904296875 32.600002288818359375 32.68000030517578125 32.616001129150390625 32.5839996337890625 32.65599822998046875 32.70800018310546875 32.715999603271484375 32.703998565673828125 32.628002166748046875 32.68399810791015625 32.54000091552734375 32.43599700927734375 32.312000274658203125 32.135997772216796875 31.980001449584960938 31.979999542236328125 32.063999176025390625 32.116001129150390625 32.20800018310546875 32.2239990234375 32.243999481201171875 32.287998199462890625 32.4120025634765625 32.4720001220703125 32.40000152587890625 32.26000213623046875
32.23600006103515625 31.999998092651367188 31.952001571655273438 32.12799835205078125 32.2960052490234375 32.37200164794921875 32.31600189208984375 32.42800140380859375 32.43199920654296875 32.36800384521484375 32.38800048828125 32.332000732421875 32.259998321533203125 32.34799957275390625 32.628002166748046875 32.79599761962890625 32.6920013427734375 32.736003875732421875 32.59999847412109375 32.488002777099609375 32.404003143310546875 32.40000152587890625 32.392002105712890625 32.48799896240234375 32.608001708984375 32.61199951171875 32.619998931884765625 32.696002960205078125 32.700000762939453125 32.687999725341796875 32.73600006103515625 32.719997406005859375 32.6999969482421875 32.59999847412109375 32.464000701904296875 32.35199737548828125 32.044002532958984375 31.672000885009765625 31.735998153686523438 31.899999618530273438 31.979999542236328125 32.0800018310546875 32.175998687744140625 32.21599578857421875 32.312000274658203125 32.572002410888671875 32.684001922607421875 32.619998931884765625 32.4120025634765625
32.31999969482421875 32.1360015869140625 31.979999542236328125 32.172000885009765625 32.42800140380859375 32.555999755859375 32.51599884033203125 32.488002777099609375 32.48799896240234375 32.31999969482421875 32.39599609375 32.43199920654296875 32.315998077392578125 32.31999969482421875 32.544002532958984375 32.51200103759765625 32.391998291015625 32.70400238037109375 32.78800201416015625 32.684001922607421875 32.479999542236328125 32.451999664306640625 32.420001983642578125 32.408000946044921875 32.51200103759765625 32.572002410888671875 32.560001373291015625 32.62400054931640625 32.647998809814453125 32.756000518798828125 32.8600006103515625 32.83599853515625 32.728000640869140625 32.535999298095703125 32.37999725341796875 32.32399749755859375 31.967998504638671875 31.380001068115234375 31.411998748779296875 31.700000762939453125 31.81600189208984375 31.927999496459960938 32.11199951171875 32.21199798583984375 32.34799957275390625 32.532001495361328125 32.59200286865234375 32.479999542236328125 32.4160003662109375
32.34400177001953125 32.23600006103515625 32.26000213623046875 32.392002105712890625 32.563999176025390625 32.591999053955078125 32.448001861572265625 32.3280029296875 32.2480010986328125 32.20800018310546875 32.28399658203125 32.371997833251953125 32.256000518798828125 32.23600006103515625 32.368000030517578125 32.399997711181640625 32.4120025634765625 32.79599761962890625 32.864002227783203125 32.808002471923828125 32.68399810791015625 32.62000274658203125 32.4720001220703125 32.37200164794921875 32.45999908447265625 32.507999420166015625 32.520000457763671875 32.551998138427734375 32.604000091552734375 32.759998321533203125 32.81600189208984375 32.843997955322265625 32.667999267578125 32.391998291015625 32.3040008544921875 32.256000518798828125 32.039997100830078125 31.732000350952148438 31.616001129150390625 31.779998779296875 31.864000320434570313 31.87599945068359375 32.0279998779296875 32.167999267578125 32.147998809814453125 32.20800018310546875 32.383998870849609375 32.464000701904296875 32.391998291015625
32.520000457763671875 32.496002197265625 32.5 32.54000091552734375 32.560001373291015625 32.40399932861328125 32.231998443603515625 32.224002838134765625 32.16400146484375 32.228000640869140625 32.29199981689453125 32.303997039794921875 32.256000518798828125 32.28800201416015625 32.4120025634765625 32.563999176025390625 32.70800018310546875 32.824001312255859375 32.920001983642578125 32.824001312255859375 32.73200225830078125 32.787998199462890625 32.631999969482421875 32.54399871826171875 32.520000457763671875 32.45999908447265625 32.42400360107421875 32.476001739501953125 32.5279998779296875 32.65599822998046875 32.780002593994140625 32.684001922607421875 32.496002197265625 32.3079986572265625 32.12000274658203125 31.968000411987304688 31.879999160766601563 31.503997802734375 31.5279998779296875 31.696001052856445313 31.871999740600585938 32.05999755859375 32.147998809814453125 32.18399810791015625 32.051998138427734375 32.135997772216796875 32.324001312255859375 32.427997589111328125 32.560001373291015625
32.516002655029296875 32.619998931884765625 32.520000457763671875 32.48000335693359375 32.45600128173828125 32.31999969482421875 32.17600250244140625 32.284000396728515625 32.23600006103515625 32.259998321533203125 32.2760009765625 32.247997283935546875 32.3040008544921875 32.40000152587890625 32.532001495361328125 32.663997650146484375 32.771999359130859375 32.840000152587890625 32.827999114990234375 32.76000213623046875 32.6959991455078125 32.7519989013671875 32.675998687744140625 32.56800079345703125 32.5 32.51200103759765625 32.555999755859375 32.53600311279296875 32.54000091552734375 32.6959991455078125 32.79199981689453125 32.623996734619140625 32.26000213623046875 31.876001358032226563 31.87599945068359375 31.808002471923828125 31.635999679565429688 31.467998504638671875 31.68000030517578125 31.771999359130859375 31.95600128173828125 32.21199798583984375 32.228000640869140625 32.26799774169921875 32.191997528076171875 32.2039947509765625 32.231998443603515625 32.2239990234375 32.423999786376953125
32.28800201416015625 32.37599945068359375 32.271999359130859375 32.284000396728515625 32.3280029296875 32.256000518798828125 32.16400146484375 32.331996917724609375 32.340000152587890625 32.340000152587890625 32.33599853515625 32.279998779296875 32.327999114990234375 32.420001983642578125 32.5279998779296875 32.647998809814453125 32.691997528076171875 32.720001220703125 32.7239990234375 32.608001708984375 32.62400054931640625 32.5839996337890625 32.56800079345703125 32.520000457763671875 32.48400115966796875 32.5279998779296875 32.600002288818359375 32.61199951171875 32.619998931884765625 32.70400238037109375 32.5839996337890625 32.51599884033203125 32.215999603271484375 31.775999069213867188 31.839998245239257813 31.796001434326171875 31.7440032958984375 31.892002105712890625 31.967998504638671875 31.979999542236328125 32.135997772216796875 32.291996002197265625 32.31999969482421875 32.380001068115234375 32.287998199462890625 32.3079986572265625 32.312000274658203125 32.116001129150390625 32.16400146484375
32.1920013427734375 32.215999603271484375 32.256000518798828125 32.26799774169921875 32.312000274658203125 32.296001434326171875 32.231998443603515625 32.40000152587890625 32.460002899169921875 32.44000244140625 32.464000701904296875 32.34799957275390625 32.2760009765625 32.275997161865234375 32.371997833251953125 32.5319976806640625 32.560001373291015625 32.608001708984375 32.5800018310546875 32.488002777099609375 32.4160003662109375 32.447998046875 32.48400115966796875 32.447998046875 32.45600128173828125 32.507999420166015625 32.576000213623046875 32.65999603271484375 32.71199798583984375 32.712001800537109375 32.45999908447265625 32.408000946044921875 32.336002349853515625 32.116001129150390625 32.0240020751953125 31.880001068115234375 31.992000579833984375 32.23600006103515625 32.259998321533203125 32.16400146484375 32.196002960205078125 32.29199981689453125 32.299999237060546875 32.40000152587890625 32.34799957275390625 32.384002685546875 32.39599609375 32.18399810791015625 32.00800323486328125
32.11199951171875 32.147998809814453125 32.26399993896484375 32.29599761962890625 32.332000732421875 32.37200164794921875 32.34799957275390625 32.50800323486328125 32.5279998779296875 32.507999420166015625 32.48799896240234375 32.34799957275390625 32.18000030517578125 32.144001007080078125 32.2239990234375 32.275997161865234375 32.31999969482421875 32.391998291015625 32.444000244140625 32.355998992919921875 32.1959991455078125 32.332000732421875 32.391998291015625 32.38800048828125 32.45999908447265625 32.495998382568359375 32.5760040283203125 32.68799591064453125 32.799999237060546875 32.73200225830078125 32.54000091552734375 32.40000152587890625 32.31600189208984375 32.268001556396484375 32.12400054931640625 32.003997802734375 32.1399993896484375 32.332000732421875 32.40399932861328125 32.3079986572265625 32.228000640869140625 32.2559967041015625 32.3040008544921875 32.324001312255859375 32.355998992919921875 32.3600006103515625 32.355998992919921875 32.227996826171875 32.0839996337890625
31.98400115966796875 31.907999038696289063 31.971998214721679688 32.23600006103515625 32.327999114990234375 32.408000946044921875 32.460002899169921875 32.532001495361328125 32.5839996337890625 32.560001373291015625 32.48000335693359375 32.371997833251953125 32.23600006103515625 32.14800262451171875 32.131999969482421875 32.128002166748046875 32.172000885009765625 32.26399993896484375 32.280002593994140625 32.15599822998046875 32.09999847412109375 32.20400238037109375 32.26399993896484375 32.352001190185546875 32.43199920654296875 32.5319976806640625 32.667999267578125 32.82399749755859375 32.8639984130859375 32.728000640869140625 32.54799652099609375 32.38800048828125 32.2519989013671875 32.200000762939453125 32.212001800537109375 32.15200042724609375 32.271999359130859375 32.37200164794921875 32.37999725341796875 32.391998291015625 32.383998870849609375 32.315998077392578125 32.34799957275390625 32.29199981689453125 32.31600189208984375 32.3040008544921875 32.340000152587890625 32.368000030517578125 32.327999114990234375
31.811998367309570313 31.40399932861328125 31.503997802734375 32.115997314453125 32.220001220703125 32.368000030517578125 32.355998992919921875 32.383998870849609375 32.5800018310546875 32.59600067138671875 32.504001617431640625 32.439998626708984375 32.33599853515625 32.23600006103515625 32.159999847412109375 32.12000274658203125 32.1999969482421875 32.280002593994140625 32.15200042724609375 32.016002655029296875 32.055999755859375 32.172000885009765625 32.256000518798828125 32.37599945068359375 32.48400115966796875 32.619998931884765625 32.836002349853515625 32.98000335693359375 32.868000030517578125 32.70800018310546875 32.496002197265625 32.332000732421875 32.312000274658203125 32.256000518798828125 32.340000152587890625 32.34400177001953125 32.384002685546875 32.383998870849609375 32.3600006103515625 32.395999908447265625 32.411998748779296875 32.37599945068359375 32.33599853515625 32.315998077392578125 32.287998199462890625 32.23999786376953125 32.355998992919921875 32.427997589111328125 32.411998748779296875
31.747999191284179688 31.29199981689453125 31.359998703002929688 31.859998703002929688 31.951999664306640625 32.0240020751953125 31.883998870849609375 32.055995941162109375 32.48400115966796875 32.555999755859375 32.492000579833984375 32.439998626708984375 32.35199737548828125 32.2760009765625 32.26399993896484375 32.203998565673828125 32.20800018310546875 32.167999267578125 31.98799896240234375 32.003997802734375 32.167999267578125 32.31999969482421875 32.408000946044921875 32.483997344970703125 32.57199859619140625 32.715999603271484375 32.85199737548828125 32.859996795654296875 32.812000274658203125 32.659999847412109375 32.44000244140625 32.31200408935546875 32.45600128173828125 32.448001861572265625 32.4160003662109375 32.48400115966796875 32.40000152587890625 32.3560028076171875 32.383998870849609375 32.42800140380859375 32.46399688720703125 32.391998291015625 32.359996795654296875 32.34400177001953125 32.3119964599609375 32.26399993896484375 32.23200225830078125 32.3000030517578125 32.26799774169921875
31.703998565673828125 31.656000137329101563 31.6959991455078125 31.61199951171875 31.755998611450195313 31.724000930786132813 31.340000152587890625 31.763998031616210938 32.40000152587890625 32.588001251220703125 32.5800018310546875 32.4680023193359375 32.312000274658203125 32.271999359130859375 32.279998779296875 32.1920013427734375 32.140003204345703125 31.979999542236328125 31.911998748779296875 32.131999969482421875 32.28800201416015625 32.423999786376953125 32.51200103759765625 32.591999053955078125 32.68399810791015625 32.7519989013671875 32.76799774169921875 32.7239990234375 32.68000030517578125 32.5800018310546875 32.3040008544921875 32.26399993896484375 32.436000823974609375 32.50800323486328125 32.4720001220703125 32.48400115966796875 32.42800140380859375 32.43199920654296875 32.44000244140625 32.42800140380859375 32.427997589111328125 32.399997711181640625 32.38800048828125 32.340000152587890625 32.3040008544921875 32.3119964599609375 32.22800445556640625 32.240001678466796875 32.228000640869140625
31.535999298095703125 31.711999893188476563 31.9759979248046875 31.79599761962890625 32.048000335693359375 32.12400054931640625 31.68000030517578125 31.940000534057617188 32.40399932861328125 32.535999298095703125 32.6399993896484375 32.539997100830078125 32.35199737548828125 32.2480010986328125 32.21199798583984375 32.1399993896484375 32.06800079345703125 32.01200103759765625 32.076000213623046875 32.3079986572265625 32.447998046875 32.532001495361328125 32.608001708984375 32.6920013427734375 32.7480010986328125 32.7519989013671875 32.728000640869140625 32.768001556396484375 32.644001007080078125 32.5279998779296875 32.3040008544921875 32.383998870849609375 32.45600128173828125 32.555999755859375 32.5 32.476001739501953125 32.4680023193359375 32.420001983642578125 32.45999908447265625 32.427997589111328125 32.443996429443359375 32.40799713134765625 32.399997711181640625 32.35199737548828125 32.3079986572265625 32.327999114990234375 32.3079986572265625 32.1959991455078125 32.14800262451171875
32.2239990234375 32.31999969482421875 32.23200225830078125 32.01599884033203125 32.01999664306640625 32.332000732421875 32.380001068115234375 32.4160003662109375 32.48400115966796875 32.57199859619140625 32.61199951171875 32.644001007080078125 32.43199920654296875 32.240001678466796875 32.200000762939453125 32.191997528076171875 32.144001007080078125 32.224002838134765625 32.3040008544921875 32.507999420166015625 32.6439971923828125 32.62799835205078125 32.667999267578125 32.768001556396484375 32.799999237060546875 32.73999786376953125 32.73600006103515625 32.70800018310546875 32.552001953125 32.423999786376953125 32.268001556396484375 32.23600006103515625 32.3600006103515625 32.495998382568359375 32.51200103759765625 32.492000579833984375 32.495998382568359375 32.496002197265625 32.432003021240234375 32.45999908447265625 32.479999542236328125 32.427997589111328125 32.3639984130859375 32.31999969482421875 32.287998199462890625 32.271999359130859375 32.228000640869140625 32.23200225830078125 32.14800262451171875
32.34400177001953125 32.408000946044921875 32.26399993896484375 32.1199951171875 32.31600189208984375 32.42800140380859375 32.48000335693359375 32.54399871826171875 32.51599884033203125 32.59600067138671875 32.59999847412109375 32.644001007080078125 32.46399688720703125 32.256000518798828125 32.187999725341796875 32.203998565673828125 32.275997161865234375 32.376003265380859375 32.432003021240234375 32.659999847412109375 32.787998199462890625 32.772003173828125 32.7480010986328125 32.787998199462890625 32.799999237060546875 32.743999481201171875 32.667999267578125 32.492000579833984375 32.312000274658203125 32.299999237060546875 32.131999969482421875 31.719999313354492188 32.21600341796875 32.48799896240234375 32.551998138427734375 32.588001251220703125 32.54000091552734375 32.45999908447265625 32.4120025634765625 32.460002899169921875 32.476001739501953125 32.411998748779296875 32.383998870849609375 32.340000152587890625 32.21600341796875 32.2440032958984375 32.23200225830078125 32.259998321533203125 32.15599822998046875
32.271999359130859375 32.2559967041015625 32.0279998779296875 31.815999984741210938 32.28800201416015625 32.444000244140625 32.4759979248046875 32.563999176025390625 32.576000213623046875 32.604000091552734375 32.59999847412109375 32.607997894287109375 32.4680023193359375 32.215999603271484375 32.119998931884765625 32.18000030517578125 32.37599945068359375 32.5240020751953125 32.579998016357421875 32.728000640869140625 32.8079986572265625 32.83599853515625 32.8000030517578125 32.799999237060546875 32.79199981689453125 32.687999725341796875 32.495998382568359375 32.1959991455078125 32.15599822998046875 32.31999969482421875 32.31999969482421875 32.23200225830078125 32.38800048828125 32.588001251220703125 32.61199951171875 32.616001129150390625 32.675998687744140625 32.61199951171875 32.56800079345703125 32.59999847412109375 32.563999176025390625 32.4720001220703125 32.439998626708984375 32.3600006103515625 32.280002593994140625 32.256000518798828125 32.107997894287109375 32.14800262451171875 32.1959991455078125
