data/annrangetemp.asc
ncols        384
nrows        480
xllcorner    138.000000000000
yllcorner    -29.000000000000
cellsize     0.041666666667
NODATA_value -9999
[rows 440 to 461 of 480, columns 245 to 293 of 384]
30.147998809814453125 30.167997360229492188 30.247999191284179688 30.376001358032226563 30.40399932861328125 30.436000823974609375 30.728000640869140625 30.752000808715820313 30.61199951171875 30.579998016357421875 30.659999847412109375 30.635997772216796875 30.736001968383789063 30.9160003662109375 30.6360015869140625 30.368000030517578125 30.535999298095703125 30.520000457763671875 29.87599945068359375 29.355998992919921875 29.644001007080078125 29.763998031616210938 29.791997909545898438 29.728000640869140625 29.59999847412109375 28.8639984130859375 28.551998138427734375 28.968000411987304688 29.62799835205078125 29.76000213623046875 29.668001174926757813 29.608001708984375 29.495998382568359375 29.424001693725585938 29.503999710083007813 29.479999542236328125 29.668001174926757813 29.792001724243164063 29.831998825073242188 29.648000717163085938 29.539999008178710938 29.600002288818359375 29.679998397827148438 29.676000595092773438 29.743997573852539063 29.808000564575195313 29.65599822998046875 29.451997756958007813 29.444000244140625
30.263998031616210938 30.311998367309570313 30.368000030517578125 30.464000701904296875 30.644001007080078125 30.784000396728515625 30.944000244140625 31.016002655029296875 30.848001480102539063 30.704000473022460938 30.783998489379882813 30.684000015258789063 30.796001434326171875 31.064001083374023438 30.731998443603515625 30.256000518798828125 30.147998809814453125 29.756000518798828125 28.84799957275390625 28.732000350952148438 29.8079986572265625 30.092000961303710938 29.715999603271484375 29.256000518798828125 29.128002166748046875 28.84799957275390625 28.615999221801757813 28.887998580932617188 29.491998672485351563 29.711999893188476563 29.591999053955078125 29.444000244140625 29.3600006103515625 29.29199981689453125 29.196001052856445313 29.423999786376953125 29.663997650146484375 29.731998443603515625 29.6959991455078125 29.559999465942382813 29.447998046875 29.503997802734375 29.524000167846679688 29.479999542236328125 29.548000335693359375 29.6399993896484375 29.535999298095703125 29.415996551513671875 29.371999740600585938
30.3639984130859375 30.51599884033203125 30.663999557495117188 30.784000396728515625 30.899999618530273438 30.836002349853515625 30.896001815795898438 30.947998046875 30.839998245239257813 30.768001556396484375 30.659999847412109375 30.523998260498046875 30.451997756958007813 30.611997604370117188 30.688001632690429688 30.464000701904296875 30.239999771118164063 29.752002716064453125 28.851999282836914063 28.775999069213867188 29.715999603271484375 30.06800079345703125 29.672000885009765625 28.98400115966796875 28.719999313354492188 28.511999130249023438 28.964000701904296875 29.40399932861328125 29.912000656127929688 30.12000274658203125 29.784000396728515625 29.37599945068359375 29.228000640869140625 28.908000946044921875 28.791997909545898438 29.23600006103515625 29.408000946044921875 29.504001617431640625 29.503999710083007813 29.5 29.427997589111328125 29.42800140380859375 29.43199920654296875 29.324001312255859375 29.339998245239257813 29.48400115966796875 29.471998214721679688 29.464000701904296875 29.447999954223632813
30.172000885009765625 30.259998321533203125 30.479997634887695313 30.76000213623046875 30.896001815795898438 30.84400177001953125 30.81999969482421875 30.755998611450195313 30.644001007080078125 30.700000762939453125 30.475999832153320313 30.15200042724609375 30.07199859619140625 30.2239990234375 30.444000244140625 30.343997955322265625 30.175998687744140625 29.92800140380859375 29.38800048828125 29.072000503540039063 29.476001739501953125 29.76399993896484375 29.432001113891601563 29.01599884033203125 28.82399749755859375 28.587999343872070313 28.87599945068359375 29.256000518798828125 29.940000534057617188 30.200000762939453125 29.920001983642578125 29.640001296997070313 29.460000991821289063 29.151998519897460938 28.991998672485351563 29.423997879028320313 29.411998748779296875 29.420000076293945313 29.35199737548828125 29.2480010986328125 29.3639984130859375 29.455997467041015625 29.299999237060546875 29.1360015869140625 29.167999267578125 29.200000762939453125 29.332000732421875 29.61199951171875 29.604000091552734375
30.355998992919921875 30.463998794555664063 30.6920013427734375 30.8600006103515625 30.932001113891601563 30.90000152587890625 30.840002059936523438 30.916002273559570313 30.70400238037109375 30.720001220703125 30.492000579833984375 30.131999969482421875 30.092000961303710938 30.31999969482421875 30.315999984741210938 30.300001144409179688 30.104001998901367188 29.947998046875 29.843997955322265625 29.451999664306640625 29.29199981689453125 29.331996917724609375 28.760000228881835938 28.104001998901367188 27.90399932861328125 28.340000152587890625 28.591999053955078125 28.83599853515625 29.587999343872070313 29.8079986572265625 29.759998321533203125 29.951999664306640625 30.052000045776367188 29.923997879028320313 29.812002182006835938 29.920000076293945313 29.6959991455078125 29.591999053955078125 29.364000320434570313 29.091999053955078125 29.4160003662109375 29.672000885009765625 29.380001068115234375 29.087999343872070313 28.927999496459960938 28.864002227783203125 29.104000091552734375 29.49199676513671875 29.535999298095703125
30.752000808715820313 31.0319976806640625 31.067996978759765625 30.88800048828125 30.78800201416015625 30.775999069213867188 30.7519989013671875 30.779998779296875 30.768001556396484375 30.739999771118164063 30.70800018310546875 30.119998931884765625 30.243997573852539063 30.404001235961914063 30.34400177001953125 30.259998321533203125 29.9720001220703125 29.812000274658203125 29.895999908447265625 29.743999481201171875 29.61199951171875 29.59600067138671875 29.187997817993164063 28.447999954223632813 27.9199981689453125 28.535999298095703125 28.999998092651367188 29.119998931884765625 29.496000289916992188 29.352001190185546875 29.368000030517578125 29.732000350952148438 29.979997634887695313 30.04399871826171875 30.076000213623046875 30.148000717163085938 29.979999542236328125 29.95999908447265625 29.759998321533203125 29.644001007080078125 29.9160003662109375 29.879999160766601563 29.491998672485351563 29.31600189208984375 29.0839996337890625 29.04399871826171875 29.227998733520507813 29.044002532958984375 29.2239990234375
30.6920013427734375 30.980001449584960938 31.100002288818359375 31.064001083374023438 30.783998489379882813 30.552000045776367188 30.563999176025390625 30.703998565673828125 30.779998779296875 30.752002716064453125 30.780000686645507813 30.427999496459960938 30.219999313354492188 30.368000030517578125 30.324001312255859375 30.287998199462890625 29.932001113891601563 29.439998626708984375 29.336000442504882813 29.352001190185546875 29.300001144409179688 29.455999374389648438 28.8600006103515625 28.239999771118164063 28.059999465942382813 28.299999237060546875 29.359998703002929688 29.668001174926757813 29.8600006103515625 29.796001434326171875 29.380001068115234375 29.2760009765625 29.759998321533203125 29.95999908447265625 30.07199859619140625 30.260000228881835938 30.232000350952148438 30.072002410888671875 29.8600006103515625 29.932001113891601563 29.904001235961914063 29.70800018310546875 29.376001358032226563 29.283998489379882813 29.308000564575195313 29.28800201416015625 29.252000808715820313 29.032001495361328125 29.167999267578125
30.563999176025390625 30.368000030517578125 30.54000091552734375 30.90000152587890625 30.947999954223632813 30.680002212524414063 30.352001190185546875 30.527997970581054688 30.875997543334960938 31 30.932001113891601563 30.647998809814453125 30.287998199462890625 30.356000900268554688 30.323999404907226563 30.224000930786132813 29.883998870849609375 29.156000137329101563 28.712001800537109375 28.70800018310546875 28.647998809814453125 28.971998214721679688 28.343999862670898438 28.175998687744140625 28.432001113891601563 28.576000213623046875 29.348001480102539063 29.9160003662109375 30.076002120971679688 30.056001663208007813 29.4720001220703125 29.171998977661132813 29.6959991455078125 29.9720001220703125 30.104000091552734375 30.188001632690429688 30.260000228881835938 30.191999435424804688 30.175998687744140625 29.95600128173828125 29.803998947143554688 29.760000228881835938 29.70400238037109375 29.632001876831054688 29.480001449584960938 29.4160003662109375 29.564001083374023438 29.452001571655273438 29.18399810791015625
30.48400115966796875 30.384000778198242188 30.48400115966796875 30.719999313354492188 30.884000778198242188 30.687999725341796875 30.3600006103515625 30.407999038696289063 30.56400299072265625 30.675998687744140625 30.50800323486328125 30.371997833251953125 30.1439971923828125 30.387998580932617188 30.415998458862304688 30.312000274658203125 29.7760009765625 29.104000091552734375 28.620000839233398438 28.16400146484375 27.963998794555664063 28.172000885009765625 28.539999008178710938 29.135999679565429688 29.43199920654296875 29.4160003662109375 29.100002288818359375 29.3079986572265625 29.812000274658203125 29.992000579833984375 29.452001571655273438 29.240001678466796875 29.784000396728515625 30.0839996337890625 30.200002670288085938 30.17600250244140625 30.011999130249023438 29.808000564575195313 29.975999832153320313 29.647998809814453125 29.57199859619140625 29.66400146484375 29.70800018310546875 29.651998519897460938 29.572002410888671875 29.452001571655273438 29.455997467041015625 29.332000732421875 28.976001739501953125
30.54399871826171875 30.539999008178710938 30.727998733520507813 30.920001983642578125 30.844003677368164063 30.612001419067382813 30.440000534057617188 30.479999542236328125 30.3079986572265625 30.244001388549804688 30.315999984741210938 30.40399932861328125 30.147998809814453125 30.184000015258789063 30.3079986572265625 30.296001434326171875 29.45600128173828125 28.464000701904296875 28.232000350952148438 28.100002288818359375 28.175998687744140625 28.055997848510742188 28.48799896240234375 29.460000991821289063 29.976001739501953125 29.996000289916992188 29.356000900268554688 29.172000885009765625 29.7239990234375 29.992000579833984375 29.8079986572265625 29.7519989013671875 29.899999618530273438 30.14800262451171875 30.188001632690429688 30.092000961303710938 30.09200286865234375 29.812000274658203125 29.940000534057617188 29.51200103759765625 29.392000198364257813 29.423999786376953125 29.600000381469726563 29.760000228881835938 29.587999343872070313 29.160001754760742188 28.944000244140625 28.972002029418945313 28.904001235961914063
30.51599884033203125 30.092000961303710938 30.336000442504882813 30.780000686645507813 30.771999359130859375 30.5279998779296875 30.26799774169921875 30.227998733520507813 29.899999618530273438 29.976001739501953125 30.12799835205078125 29.768001556396484375 29.508001327514648438 29.687999725341796875 29.760000228881835938 29.920000076293945313 29.239999771118164063 28.66400146484375 28.983999252319335938 28.979999542236328125 28.684001922607421875 28.187999725341796875 28.224000930786132813 28.5240020751953125 29.215997695922851563 29.976001739501953125 29.676000595092773438 29.200000762939453125 29.6360015869140625 29.967998504638671875 29.963998794555664063 29.923999786376953125 30.064001083374023438 30.352001190185546875 30.28800201416015625 30.124002456665039063 30.011999130249023438 29.712001800537109375 29.768001556396484375 29.423999786376953125 29.252002716064453125 29.156002044677734375 29.31600189208984375 29.57199859619140625 29.463998794555664063 29.167999267578125 29.115999221801757813 29.12799835205078125 28.907999038696289063
30.371997833251953125 30.176000595092773438 30.436000823974609375 30.7760009765625 30.7480010986328125 30.45600128173828125 30.203996658325195313 30.272001266479492188 29.975999832153320313 29.552000045776367188 29.228000640869140625 29.028001785278320313 29.3600006103515625 29.499998092651367188 29.420001983642578125 29.411998748779296875 29.439998626708984375 29.379999160766601563 29.26399993896484375 28.951999664306640625 28.544000625610351563 28.09600067138671875 28.311998367309570313 28.864000320434570313 29.299999237060546875 29.939998626708984375 30.09600067138671875 30.008001327514648438 29.899997711181640625 29.799999237060546875 29.815998077392578125 29.951997756958007813 30.200000762939453125 30.343999862670898438 30.131999969482421875 29.980001449584960938 29.796001434326171875 29.704000473022460938 29.59999847412109375 29.3040008544921875 29.396001815795898438 29.544000625610351563 29.728002548217773438 29.64800262451171875 28.7480010986328125 27.840002059936523438 28.131999969482421875 28.952001571655273438 29.132001876831054688
29.908000946044921875 29.90399932861328125 30.34799957275390625 30.687997817993164063 30.71199798583984375 30.45999908447265625 30.324001312255859375 30.492000579833984375 30.243999481201171875 29.40399932861328125 28.867998123168945313 29.055999755859375 29.352001190185546875 29.444000244140625 29.651998519897460938 29.731998443603515625 29.740001678466796875 29.73200225830078125 29.423997879028320313 28.827999114990234375 28.507999420166015625 28.128000259399414063 28.151998519897460938 28.576000213623046875 28.83599853515625 29.51599884033203125 30.175998687744140625 30.380001068115234375 30.115997314453125 29.908000946044921875 29.920001983642578125 30.0839996337890625 30.160001754760742188 30.0279998779296875 29.755998611450195313 29.70800018310546875 29.619998931884765625 29.535999298095703125 29.51200103759765625 29.488000869750976563 29.507999420166015625 29.532001495361328125 29.539999008178710938 29.159999847412109375 28.495998382568359375 28.079998016357421875 28.44000244140625 29.16400146484375 29.423999786376953125
30.15200042724609375 29.864000320434570313 30.364000320434570313 30.799999237060546875 30.755998611450195313 30.563999176025390625 30.45999908447265625 30.407999038696289063 30.036001205444335938 29.279998779296875 28.892000198364257813 29.376001358032226563 29.520002365112304688 29.507999420166015625 29.5279998779296875 29.631998062133789063 29.787998199462890625 29.960000991821289063 29.76000213623046875 29.100002288818359375 28.9720001220703125 28.831998825073242188 28.508001327514648438 28.516002655029296875 28.960000991821289063 29.644001007080078125 30.220001220703125 30.34400177001953125 30.055999755859375 29.848003387451171875 29.884000778198242188 29.8639984130859375 29.667999267578125 29.476001739501953125 29.315998077392578125 29.439998626708984375 29.4759979248046875 29.371997833251953125 29.020002365112304688 29.096002578735351563 28.843999862670898438 28.407999038696289063 28.447998046875 28.568002700805664063 28.824001312255859375 29.12799835205078125 29.160001754760742188 29.451997756958007813 29.576002120971679688
30.4759979248046875 30.231998443603515625 30.503999710083007813 30.767999649047851563 30.731998443603515625 30.607997894287109375 30.555999755859375 30.308000564575195313 29.744001388549804688 29.59600067138671875 29.451997756958007813 29.560001373291015625 29.492000579833984375 29.299999237060546875 29.176000595092773438 29.38800048828125 29.644001007080078125 29.880001068115234375 29.983999252319335938 29.7239990234375 29.612001419067382813 29.6399993896484375 29.423999786376953125 29.292001724243164063 29.496000289916992188 29.812000274658203125 29.915998458862304688 29.8600006103515625 29.548002243041992188 29.3040008544921875 29.103998184204101563 29.052001953125 29.18000030517578125 29.215999603271484375 29.444000244140625 29.576000213623046875 29.6399993896484375 29.483997344970703125 28.936000823974609375 28.9160003662109375 28.711999893188476563 28.479999542236328125 28.68399810791015625 28.964000701904296875 29.384000778198242188 29.607999801635742188 29.299999237060546875 29.01200103759765625 29.092000961303710938
30.5839996337890625 30.61199951171875 30.579999923706054688 30.54399871826171875 30.671998977661132813 30.615999221801757813 30.559999465942382813 30.287998199462890625 29.64800262451171875 29.9199981689453125 30.135999679565429688 29.927999496459960938 29.451999664306640625 29.17600250244140625 29.247999191284179688 29.607997894287109375 29.868001937866210938 30.003997802734375 30.1399993896484375 30.184001922607421875 30.115999221801757813 30.059999465942382813 29.95999908447265625 29.851999282836914063 29.799999237060546875 29.796001434326171875 29.51200103759765625 29.203998565673828125 29.175998687744140625 29.216001510620117188 28.79199981689453125 28.760000228881835938 29.247999191284179688 29.43199920654296875 29.780000686645507813 29.955997467041015625 29.83599853515625 29.672000885009765625 29.40399932861328125 29.355998992919921875 29.23600006103515625 29.371999740600585938 29.5279998779296875 29.463998794555664063 29.544000625610351563 29.54399871826171875 29.064001083374023438 28.684000015258789063 28.891998291015625
30.57199859619140625 30.59600067138671875 30.51200103759765625 30.496000289916992188 30.612001419067382813 30.519998550415039063 30.216001510620117188 30.120000839233398438 29.73600006103515625 29.940000534057617188 30.0839996337890625 30.09999847412109375 29.803998947143554688 29.840000152587890625 29.93199920654296875 30.1360015869140625 30.336002349853515625 30.336002349853515625 30.284000396728515625 30.231998443603515625 30.184001922607421875 30.007999420166015625 29.836000442504882813 29.808000564575195313 29.747999191284179688 29.7239990234375 29.267999649047851563 28.720001220703125 29.159999847412109375 29.524000167846679688 29.26399993896484375 29.200000762939453125 29.54399871826171875 29.73600006103515625 29.81999969482421875 30.016000747680664063 29.843999862670898438 29.70800018310546875 29.712001800537109375 29.720001220703125 29.563999176025390625 29.539999008178710938 29.576000213623046875 29.523998260498046875 29.5 29.260000228881835938 28.843997955322265625 28.840000152587890625 29.144001007080078125
30.231998443603515625 30.280000686645507813 30.29199981689453125 30.444000244140625 30.68399810791015625 30.364000320434570313 29.851999282836914063 29.767999649047851563 29.90799713134765625 29.947999954223632813 29.59999847412109375 29.560001373291015625 29.895999908447265625 30.399997711181640625 30.66400146484375 30.668001174926757813 30.436000823974609375 30.224000930786132813 30.131999969482421875 30.104000091552734375 29.971998214721679688 29.5879974365234375 29.4720001220703125 29.623998641967773438 29.464000701904296875 29.45600128173828125 29.104000091552734375 28.584001541137695313 28.92800140380859375 29.243997573852539063 29.175998687744140625 29.179996490478515625 29.483997344970703125 29.727998733520507813 29.767999649047851563 29.944002151489257813 29.79199981689453125 29.619998931884765625 29.691997528076171875 29.711999893188476563 29.6959991455078125 29.616001129150390625 29.631999969482421875 29.84799957275390625 29.659999847412109375 29.163999557495117188 28.988000869750976563 29.023998260498046875 29.1959991455078125
30.236001968383789063 30.244001388549804688 30.244001388549804688 30.504001617431640625 30.843997955322265625 30.528001785278320313 30.048000335693359375 29.600000381469726563 29.751996994018554688 29.740001678466796875 29.384000778198242188 29.036001205444335938 29.247999191284179688 29.8079986572265625 30.447998046875 30.663997650146484375 30.435998916625976563 30.1399993896484375 30.135997772216796875 30.211999893188476563 30 29.7519989013671875 29.59999847412109375 29.464000701904296875 29.579999923706054688 29.731998443603515625 29.567998886108398438 29.044002532958984375 28.87200164794921875 29.191999435424804688 29.116001129150390625 29.031999588012695313 29.380001068115234375 29.427999496459960938 29.479997634887695313 29.799999237060546875 29.711999893188476563 29.5879974365234375 29.535999298095703125 29.439998626708984375 29.488000869750976563 29.587999343872070313 29.575998306274414063 29.747999191284179688 29.496000289916992188 29.048002243041992188 29.187999725341796875 29.54000091552734375 29.812000274658203125
30.40000152587890625 30.256000518798828125 30.239999771118164063 30.500001907348632813 30.864000320434570313 30.747997283935546875 30.308000564575195313 29.81999969482421875 29.759998321533203125 30.04000091552734375 29.800001144409179688 29.267999649047851563 29.144001007080078125 29.743999481201171875 30.387998580932617188 30.55999755859375 30.320001602172851563 30.232000350952148438 30.460000991821289063 30.62000274658203125 30.523998260498046875 30.348001480102539063 30.055999755859375 29.727998733520507813 29.6920013427734375 29.815998077392578125 29.887998580932617188 29.739999771118164063 29.54000091552734375 29.38800048828125 29.243999481201171875 29.283998489379882813 29.535999298095703125 29.43599700927734375 29.340000152587890625 29.656000137329101563 29.856000900268554688 29.94000244140625 29.888002395629882813 29.848001480102539063 29.84799957275390625 29.852001190185546875 29.628000259399414063 29.555999755859375 29.104001998901367188 28.84400177001953125 29.40399932861328125 29.6959991455078125 29.66400146484375
30.640003204345703125 30.37200164794921875 30.2239990234375 30.395999908447265625 30.691999435424804688 30.608001708984375 30.315999984741210938 30.123998641967773438 30.039999008178710938 30.379999160766601563 30.495998382568359375 29.856000900268554688 29.392000198364257813 29.9120025634765625 30.235998153686523438 30.332000732421875 30.156000137329101563 30.196001052856445313 30.608001708984375 30.712001800537109375 30.464000701904296875 30.151998519897460938 30.104000091552734375 30.09999847412109375 29.8040008544921875 29.804002761840820313 29.98799896240234375 29.868000030517578125 29.740001678466796875 29.56800079345703125 29.4160003662109375 29.567998886108398438 29.944000244140625 29.951999664306640625 29.98799896240234375 30.039999008178710938 30.0279998779296875 30.012002944946289063 29.904003143310546875 29.924001693725585938 29.855998992919921875 29.643999099731445313 29.34400177001953125 29.200002670288085938 29.091999053955078125 29.239999771118164063 29.5240020751953125 29.43199920654296875 29.243999481201171875
30.672000885009765625 30.64800262451171875 30.411998748779296875 30.296001434326171875 30.40399932861328125 30.383998870849609375 30.3079986572265625 30.343999862670898438 30.34400177001953125 30.535999298095703125 30.83599853515625 30.576002120971679688 30.039999008178710938 30.147998809814453125 30.260000228881835938 30.340000152587890625 30.095998764038085938 30.176000595092773438 30.800001144409179688 30.920000076293945313 30.62000274658203125 30.148000717163085938 30.064001083374023438 30.23600006103515625 29.81600189208984375 29.803998947143554688 29.951999664306640625 29.819997787475585938 29.547998428344726563 29.371999740600585938 29.647998809814453125 30.09600067138671875 30.260000228881835938 30.2480010986328125 30.256000518798828125 30.212001800537109375 29.995998382568359375 29.859998703002929688 29.7239990234375 29.62799835205078125 29.464000701904296875 29.31999969482421875 29.107997894287109375 28.851999282836914063 28.775999069213867188 28.843997955322265625 28.788000106811523438 28.672000885009765625 28.780000686645507813
