data/anntemp.asc
ncols        384
nrows        480
xllcorner    138.000000000000
yllcorner    -29.000000000000
cellsize     0.041666666667
NODATA_value -9999
[rows 308 to 329 of 480, columns 0 to 48 of 384]
24.718999862670898438 24.699499130249023438 24.673999786376953125 24.654333114624023438 24.623666763305664063 24.61299896240234375 24.616832733154296875 24.621999740600585938 24.622333526611328125 24.668500900268554688 24.725667953491210938 24.676000595092773438 24.696332931518554688 24.761667251586914063 24.729999542236328125 24.59600067138671875 24.522832870483398438 24.55933380126953125 24.606332778930664063 24.600000381469726563 24.559000015258789063 24.560832977294921875 24.58950042724609375 24.6464996337890625 24.649166107177734375 24.644001007080078125 24.587167739868164063 24.439332962036132813 24.267499923706054688 24.218000411987304688 24.1100006103515625 24.107000350952148438 24.199832916259765625 24.243000030517578125 24.292499542236328125 24.262500762939453125 24.247165679931640625 24.197834014892578125 24.185167312622070313 24.240667343139648438 24.376832962036132813 24.41583251953125 24.219165802001953125 24.229166030883789063 24.227666854858398438 24.239833831787109375 24.308000564575195313 24.31150054931640625 24.30266571044921875
24.6638336181640625 24.71866607666015625 24.748666763305664063 24.746000289916992188 24.686000823974609375 24.63466644287109375 24.572666168212890625 24.572500228881835938 24.622833251953125 24.685333251953125 24.706666946411132813 24.687833786010742188 24.668500900268554688 24.710332870483398438 24.684665679931640625 24.570333480834960938 24.527334213256835938 24.564666748046875 24.597333908081054688 24.574832916259765625 24.547000885009765625 24.592166900634765625 24.614833831787109375 24.683666229248046875 24.708833694458007813 24.634500503540039063 24.591833114624023438 24.53033447265625 24.405666351318359375 24.230833053588867188 24.11083221435546875 24.141332626342773438 24.164167404174804688 24.24900054931640625 24.322834014892578125 24.25550079345703125 24.22083282470703125 24.134166717529296875 24.231166839599609375 24.2693328857421875 24.31783294677734375 24.4288330078125 24.238332748413085938 24.2306671142578125 24.214834213256835938 24.223333358764648438 24.274999618530273438 24.28983306884765625 24.326999664306640625
24.57649993896484375 24.652666091918945313 24.74900054931640625 24.791334152221679688 24.78116607666015625 24.732000350952148438 24.7154998779296875 24.717166900634765625 24.739833831787109375 24.724834442138671875 24.671667098999023438 24.651332855224609375 24.638500213623046875 24.652500152587890625 24.63050079345703125 24.563999176025390625 24.548334121704101563 24.586500167846679688 24.589000701904296875 24.5904998779296875 24.585500717163085938 24.600666046142578125 24.649499893188476563 24.714000701904296875 24.680334091186523438 24.643833160400390625 24.555166244506835938 24.5323333740234375 24.425167083740234375 24.176500320434570313 24.063999176025390625 24.123500823974609375 24.200834274291992188 24.25749969482421875 24.314832687377929688 24.291833877563476563 24.271999359130859375 24.203832626342773438 24.25099945068359375 24.291666030883789063 24.330499649047851563 24.43650054931640625 24.293333053588867188 24.275501251220703125 24.276166915893554688 24.298833847045898438 24.306333541870117188 24.33083343505859375 24.449167251586914063
24.61966705322265625 24.656000137329101563 24.714166641235351563 24.769666671752929688 24.790666580200195313 24.8040008544921875 24.794832229614257813 24.791334152221679688 24.810167312622070313 24.795499801635742188 24.672166824340820313 24.635499954223632813 24.646333694458007813 24.614833831787109375 24.559667587280273438 24.535167694091796875 24.545499801635742188 24.594333648681640625 24.568166732788085938 24.609333038330078125 24.655832290649414063 24.624500274658203125 24.67133331298828125 24.6938323974609375 24.66699981689453125 24.67133331298828125 24.529666900634765625 24.446498870849609375 24.388166427612304688 24.127832412719726563 24.182500839233398438 24.08083343505859375 24.124500274658203125 24.195833206176757813 24.2649993896484375 24.334833145141601563 24.34166717529296875 24.262332916259765625 24.299333572387695313 24.333333969116210938 24.34366607666015625 24.43199920654296875 24.341833114624023438 24.32433319091796875 24.306499481201171875 24.3878326416015625 24.4288330078125 24.415332794189453125 24.491167068481445313
24.637500762939453125 24.653167724609375 24.679500579833984375 24.74466705322265625 24.764165878295898438 24.778499603271484375 24.786167144775390625 24.762500762939453125 24.735834121704101563 24.73166656494140625 24.654500961303710938 24.655000686645507813 24.694000244140625 24.650667190551757813 24.578166961669921875 24.541334152221679688 24.548666000366210938 24.5948333740234375 24.619333267211914063 24.6703338623046875 24.683000564575195313 24.675167083740234375 24.675832748413085938 24.6703338623046875 24.667333602905273438 24.645666122436523438 24.532167434692382813 24.471666336059570313 24.399000167846679688 24.302000045776367188 24.2975006103515625 24.1334991455078125 24.173166275024414063 24.233667373657226563 24.294834136962890625 24.300832748413085938 24.302165985107421875 24.326999664306640625 24.353666305541992188 24.395666122436523438 24.396165847778320313 24.414499282836914063 24.405500411987304688 24.366666793823242188 24.381834030151367188 24.457500457763671875 24.489665985107421875 24.494333267211914063 24.447666168212890625
24.62816619873046875 24.620832443237304688 24.609832763671875 24.630666732788085938 24.660833358764648438 24.693500518798828125 24.67983245849609375 24.679500579833984375 24.645334243774414063 24.659999847412109375 24.651332855224609375 24.6616668701171875 24.646833419799804688 24.65716552734375 24.649499893188476563 24.581499099731445313 24.569499969482421875 24.630167007446289063 24.656999588012695313 24.6660003662109375 24.625333786010742188 24.615499496459960938 24.633832931518554688 24.657999038696289063 24.642665863037109375 24.562665939331054688 24.414999008178710938 24.390666961669921875 24.417165756225585938 24.418666839599609375 24.30483245849609375 24.201166152954101563 24.059499740600585938 24.082000732421875 24.2068328857421875 24.256000518798828125 24.315166473388671875 24.319000244140625 24.360834121704101563 24.44083404541015625 24.455667495727539063 24.395000457763671875 24.385334014892578125 24.36533355712890625 24.386333465576171875 24.4611663818359375 24.501667022705078125 24.500833511352539063 24.378833770751953125
24.62599945068359375 24.641834259033203125 24.58733367919921875 24.5538330078125 24.525333404541015625 24.512500762939453125 24.51399993896484375 24.517499923706054688 24.510166168212890625 24.537166595458984375 24.573499679565429688 24.572500228881835938 24.579833984375 24.605333328247070313 24.637166976928710938 24.630666732788085938 24.6421661376953125 24.681499481201171875 24.661167144775390625 24.63683319091796875 24.588666915893554688 24.604166030883789063 24.637332916259765625 24.656833648681640625 24.631334304809570313 24.47949981689453125 24.31366729736328125 24.359832763671875 24.472833633422851563 24.391834259033203125 24.168500900268554688 23.97316741943359375 23.914167404174804688 23.99233245849609375 24.039499282836914063 24.112333297729492188 24.1961669921875 24.313333511352539063 24.353000640869140625 24.377834320068359375 24.432500839233398438 24.435333251953125 24.390499114990234375 24.36100006103515625 24.362333297729492188 24.41049957275390625 24.45583343505859375 24.456333160400390625 24.444000244140625
24.592500686645507813 24.636667251586914063 24.542667388916015625 24.491498947143554688 24.453166961669921875 24.41699981689453125 24.423666000366210938 24.3899993896484375 24.396999359130859375 24.408832550048828125 24.453500747680664063 24.474834442138671875 24.549165725708007813 24.602167129516601563 24.615667343139648438 24.622667312622070313 24.693666458129882813 24.704166412353515625 24.629833221435546875 24.60233306884765625 24.602666854858398438 24.622499465942382813 24.655500411987304688 24.66916656494140625 24.600999832153320313 24.469333648681640625 24.412000656127929688 24.398834228515625 24.493333816528320313 24.39116668701171875 24.164499282836914063 23.962499618530273438 23.915666580200195313 24.040666580200195313 23.9976654052734375 24.04633331298828125 24.141666412353515625 24.276666641235351563 24.320833206176757813 24.281833648681640625 24.3083343505859375 24.4010009765625 24.423166275024414063 24.420000076293945313 24.381500244140625 24.412332534790039063 24.45149993896484375 24.448499679565429688 24.446832656860351563
24.551500320434570313 24.594333648681640625 24.513500213623046875 24.43849945068359375 24.411832809448242188 24.39749908447265625 24.446832656860351563 24.418500900268554688 24.336500167846679688 24.319833755493164063 24.354665756225585938 24.4225006103515625 24.523834228515625 24.637500762939453125 24.624500274658203125 24.602666854858398438 24.655666351318359375 24.672332763671875 24.61199951171875 24.631166458129882813 24.652500152587890625 24.66699981689453125 24.714834213256835938 24.708665847778320313 24.65183258056640625 24.589666366577148438 24.590000152587890625 24.5883331298828125 24.556833267211914063 24.376501083374023438 24.11949920654296875 24.103166580200195313 24.09600067138671875 24.1703338623046875 24.09383392333984375 24.016500473022460938 24.0796661376953125 24.110332489013671875 24.203500747680664063 24.29199981689453125 24.3665008544921875 24.401166915893554688 24.403499603271484375 24.45800018310546875 24.44733428955078125 24.43199920654296875 24.447999954223632813 24.471500396728515625 24.46883392333984375
24.47299957275390625 24.489000320434570313 24.481500625610351563 24.482166290283203125 24.463167190551757813 24.438333511352539063 24.518999099731445313 24.49683380126953125 24.371166229248046875 24.354999542236328125 24.353166580200195313 24.374666213989257813 24.46883392333984375 24.537500381469726563 24.554332733154296875 24.55933380126953125 24.567333221435546875 24.606000900268554688 24.604000091552734375 24.68633270263671875 24.707666397094726563 24.724000930786132813 24.777666091918945313 24.7693328857421875 24.7024993896484375 24.658666610717773438 24.695333480834960938 24.687665939331054688 24.586334228515625 24.411832809448242188 24.17983245849609375 24.207666397094726563 24.268667221069335938 24.293832778930664063 24.221666336059570313 24.11100006103515625 24.10883331298828125 24.045499801635742188 24.09366607666015625 24.288665771484375 24.407499313354492188 24.35466766357421875 24.299833297729492188 24.422332763671875 24.47083282470703125 24.434499740600585938 24.430334091186523438 24.4763336181640625 24.47100067138671875
24.4828338623046875 24.482332229614257813 24.460832595825195313 24.486499786376953125 24.473833084106445313 24.462999343872070313 24.558834075927734375 24.533666610717773438 24.472333908081054688 24.420166015625 24.404499053955078125 24.38700103759765625 24.463167190551757813 24.513334274291992188 24.5431671142578125 24.542499542236328125 24.55266571044921875 24.579166412353515625 24.569665908813476563 24.652500152587890625 24.7024993896484375 24.736665725708007813 24.806833267211914063 24.76616668701171875 24.722667694091796875 24.65833282470703125 24.655834197998046875 24.625 24.517333984375 24.351667404174804688 24.15200042724609375 24.159999847412109375 24.242832183837890625 24.348833084106445313 24.327167510986328125 24.2801666259765625 24.248500823974609375 24.128833770751953125 24.074499130249023438 24.238332748413085938 24.409999847412109375 24.393167495727539063 24.330165863037109375 24.298666000366210938 24.356832504272460938 24.441499710083007813 24.415332794189453125 24.44950103759765625 24.455667495727539063
24.462167739868164063 24.478666305541992188 24.472499847412109375 24.424333572387695313 24.381666183471679688 24.416166305541992188 24.52700042724609375 24.52033233642578125 24.473833084106445313 24.410999298095703125 24.410333633422851563 24.448333740234375 24.493833541870117188 24.583833694458007813 24.588167190551757813 24.584667205810546875 24.568500518798828125 24.582332611083984375 24.52033233642578125 24.56366729736328125 24.641666412353515625 24.701333999633789063 24.741167068481445313 24.690999984741210938 24.6378326416015625 24.630666732788085938 24.63899993896484375 24.611499786376953125 24.521833419799804688 24.354000091552734375 24.278833389282226563 24.233167648315429688 24.288499832153320313 24.362833023071289063 24.41716766357421875 24.36100006103515625 24.3470001220703125 24.232500076293945313 24.144832611083984375 24.185499191284179688 24.310333251953125 24.364000320434570313 24.323999404907226563 24.24883270263671875 24.253000259399414063 24.440332412719726563 24.4311676025390625 24.447999954223632813 24.501499176025390625
24.348667144775390625 24.395166397094726563 24.475000381469726563 24.504833221435546875 24.46783447265625 24.4739990234375 24.512500762939453125 24.47933197021484375 24.428333282470703125 24.392833709716796875 24.425500869750976563 24.470666885375976563 24.555999755859375 24.662500381469726563 24.650667190551757813 24.590333938598632813 24.5605010986328125 24.574832916259765625 24.549333572387695313 24.501333236694335938 24.624332427978515625 24.675500869750976563 24.683834075927734375 24.636333465576171875 24.618165969848632813 24.640333175659179688 24.62400054931640625 24.55916595458984375 24.5171661376953125 24.407499313354492188 24.316999435424804688 24.294332504272460938 24.29199981689453125 24.369832992553710938 24.468332290649414063 24.461666107177734375 24.459333419799804688 24.358167648315429688 24.244998931884765625 24.220499038696289063 24.204833984375 24.204999923706054688 24.205333709716796875 24.2003326416015625 24.2241668701171875 24.411333084106445313 24.4871673583984375 24.52266693115234375 24.5475006103515625
24.38466644287109375 24.351499557495117188 24.407501220703125 24.472833633422851563 24.531999588012695313 24.534334182739257813 24.541166305541992188 24.504999160766601563 24.479999542236328125 24.440999984741210938 24.45916748046875 24.480167388916015625 24.56366729736328125 24.616167068481445313 24.607166290283203125 24.565166473388671875 24.582666397094726563 24.6165008544921875 24.600666046142578125 24.586000442504882813 24.653499603271484375 24.667165756225585938 24.68416595458984375 24.64983367919921875 24.633167266845703125 24.6573333740234375 24.63800048828125 24.582000732421875 24.541334152221679688 24.464166641235351563 24.375667572021484375 24.295000076293945313 24.298833847045898438 24.362667083740234375 24.490667343139648438 24.53983306884765625 24.487833023071289063 24.363666534423828125 24.260334014892578125 24.26833343505859375 24.211833953857421875 24.156999588012695313 24.214834213256835938 24.255832672119140625 24.200166702270507813 24.377666473388671875 24.502332687377929688 24.582000732421875 24.527500152587890625
24.444833755493164063 24.413999557495117188 24.408000946044921875 24.414667129516601563 24.410167694091796875 24.472333908081054688 24.5279998779296875 24.519832611083984375 24.484666824340820313 24.447500228881835938 24.4095001220703125 24.422166824340820313 24.504167556762695313 24.59383392333984375 24.56583404541015625 24.56566619873046875 24.616167068481445313 24.594333648681640625 24.633832931518554688 24.629499435424804688 24.660833358764648438 24.68416595458984375 24.698833465576171875 24.668498992919921875 24.61733245849609375 24.651332855224609375 24.619832992553710938 24.532833099365234375 24.5063323974609375 24.487667083740234375 24.41699981689453125 24.305334091186523438 24.309999465942382813 24.401166915893554688 24.520166397094726563 24.532833099365234375 24.418498992919921875 24.340999603271484375 24.291500091552734375 24.328166961669921875 24.251667022705078125 24.132165908813476563 24.167667388916015625 24.241167068481445313 24.247833251953125 24.37816619873046875 24.50116729736328125 24.587499618530273438 24.508333206176757813
24.462167739868164063 24.48166656494140625 24.4481658935546875 24.425167083740234375 24.368833541870117188 24.417499542236328125 24.498666763305664063 24.505001068115234375 24.48183441162109375 24.4311676025390625 24.402833938598632813 24.4268341064453125 24.502832412719726563 24.580999374389648438 24.567667007446289063 24.58716583251953125 24.568666458129882813 24.58950042724609375 24.638500213623046875 24.638833999633789063 24.62166595458984375 24.639833450317382813 24.6529998779296875 24.63249969482421875 24.64666748046875 24.653333663940429688 24.505832672119140625 24.3339996337890625 24.358165740966796875 24.327667236328125 24.24033355712890625 24.2089996337890625 24.343166351318359375 24.403667449951171875 24.516500473022460938 24.477666854858398438 24.444166183471679688 24.390832901000976563 24.30916595458984375 24.340999603271484375 24.297832489013671875 24.268167495727539063 24.260000228881835938 24.277166366577148438 24.2241668701171875 24.291332244873046875 24.434499740600585938 24.530332565307617188 24.414499282836914063
24.45366668701171875 24.459333419799804688 24.476833343505859375 24.454000473022460938 24.440000534057617188 24.475500106811523438 24.519666671752929688 24.504167556762695313 24.485166549682617188 24.46866607666015625 24.459833145141601563 24.432666778564453125 24.487667083740234375 24.562000274658203125 24.600500106811523438 24.610834121704101563 24.5345001220703125 24.538999557495117188 24.536167144775390625 24.542499542236328125 24.553499221801757813 24.620332717895507813 24.66699981689453125 24.656000137329101563 24.628999710083007813 24.547666549682617188 24.329166412353515625 24.167667388916015625 24.221834182739257813 24.27050018310546875 24.209333419799804688 24.226999282836914063 24.357000350952148438 24.396165847778320313 24.4893341064453125 24.470167160034179688 24.454332351684570313 24.385334014892578125 24.284999847412109375 24.33083343505859375 24.3578338623046875 24.402500152587890625 24.39116668701171875 24.336833953857421875 24.305665969848632813 24.319665908813476563 24.441165924072265625 24.512166976928710938 24.44066619873046875
24.338499069213867188 24.392665863037109375 24.437166213989257813 24.467332839965820313 24.482166290283203125 24.506834030151367188 24.518999099731445313 24.480499267578125 24.437665939331054688 24.431833267211914063 24.452999114990234375 24.482334136962890625 24.49900054931640625 24.525499343872070313 24.596500396728515625 24.5861663818359375 24.526666641235351563 24.501832962036132813 24.4850006103515625 24.500833511352539063 24.531000137329101563 24.587833404541015625 24.6508331298828125 24.6703338623046875 24.618999481201171875 24.513166427612304688 24.2306671142578125 24.071666717529296875 24.191333770751953125 24.269832611083984375 24.22100067138671875 24.205667495727539063 24.32016754150390625 24.4375 24.444499969482421875 24.416500091552734375 24.447834014892578125 24.382999420166015625 24.222499847412109375 24.278333663940429688 24.389833450317382813 24.460332870483398438 24.446666717529296875 24.375667572021484375 24.329166412353515625 24.378000259399414063 24.497999191284179688 24.58716583251953125 24.531499862670898438
24.289167404174804688 24.326833724975585938 24.34149932861328125 24.3556671142578125 24.39766693115234375 24.439666748046875 24.486499786376953125 24.505167007446289063 24.47533416748046875 24.454833984375 24.4459991455078125 24.442499160766601563 24.417499542236328125 24.478834152221679688 24.5364990234375 24.534332275390625 24.504999160766601563 24.485666275024414063 24.484500885009765625 24.502332687377929688 24.51616668701171875 24.601833343505859375 24.647167205810546875 24.642999649047851563 24.594333648681640625 24.480167388916015625 24.292833328247070313 24.212665557861328125 24.289333343505859375 24.34366607666015625 24.258167266845703125 24.118165969848632813 24.129499435424804688 24.36516571044921875 24.421833038330078125 24.407667160034179688 24.420999526977539063 24.330165863037109375 24.224666595458984375 24.227666854858398438 24.345167160034179688 24.440500259399414063 24.441999435424804688 24.373332977294921875 24.317333221435546875 24.367000579833984375 24.492166519165039063 24.5796661376953125 24.568332672119140625
24.166166305541992188 24.196500778198242188 24.20366668701171875 24.244167327880859375 24.302000045776367188 24.371166229248046875 24.4203338623046875 24.444499969482421875 24.45566558837890625 24.450832366943359375 24.430999755859375 24.428167343139648438 24.404666900634765625 24.458667755126953125 24.480499267578125 24.504999160766601563 24.49666595458984375 24.48166656494140625 24.478666305541992188 24.484666824340820313 24.505167007446289063 24.559499740600585938 24.637500762939453125 24.62166595458984375 24.530332565307617188 24.454833984375 24.3361663818359375 24.304834365844726563 24.322999954223632813 24.249666213989257813 24.137332916259765625 24.038999557495117188 24.1336669921875 24.352832794189453125 24.360834121704101563 24.370832443237304688 24.337499618530273438 24.26616668701171875 24.199832916259765625 24.250499725341796875 24.323499679565429688 24.420999526977539063 24.44083404541015625 24.42983245849609375 24.399499893188476563 24.380666732788085938 24.468000411987304688 24.545000076293945313 24.578332901000976563
24.095500946044921875 24.150333404541015625 24.16716766357421875 24.203500747680664063 24.2931671142578125 24.346500396728515625 24.387666702270507813 24.4246673583984375 24.469333648681640625 24.472665786743164063 24.454334259033203125 24.444334030151367188 24.4203338623046875 24.445667266845703125 24.452833175659179688 24.427333831787109375 24.472333908081054688 24.442333221435546875 24.415666580200195313 24.430500030517578125 24.495500564575195313 24.55699920654296875 24.617166519165039063 24.643833160400390625 24.579000473022460938 24.42449951171875 24.3578338623046875 24.324499130249023438 24.36100006103515625 24.219999313354492188 24.093332290649414063 24.079999923706054688 24.249666213989257813 24.310832977294921875 24.243165969848632813 24.33499908447265625 24.32649993896484375 24.3040008544921875 24.2239990234375 24.262500762939453125 24.301332473754882813 24.373332977294921875 24.375 24.392665863037109375 24.441999435424804688 24.37933349609375 24.412166595458984375 24.485666275024414063 24.554166793823242188
24.04199981689453125 24.229333877563476563 24.205499649047851563 24.211000442504882813 24.22083282470703125 24.34816741943359375 24.391500473022460938 24.45783233642578125 24.474666595458984375 24.489500045776367188 24.513666152954101563 24.516834259033203125 24.486333847045898438 24.450666427612304688 24.431833267211914063 24.414999008178710938 24.430500030517578125 24.396333694458007813 24.408666610717773438 24.427999496459960938 24.489166259765625 24.59583282470703125 24.623167037963867188 24.573333740234375 24.513500213623046875 24.440999984741210938 24.381000518798828125 24.357666015625 24.408666610717773438 24.327833175659179688 24.212999343872070313 24.265333175659179688 24.266000747680664063 24.24683380126953125 24.288667678833007813 24.429834365844726563 24.408666610717773438 24.36750030517578125 24.2649993896484375 24.2328338623046875 24.287500381469726563 24.357000350952148438 24.388833999633789063 24.3943328857421875 24.44733428955078125 24.39333343505859375 24.393999099731445313 24.453166961669921875 24.49666595458984375
