data/anntemp.asc
ncols        384
nrows        480
xllcorner    138.000000000000
yllcorner    -29.000000000000
cellsize     0.041666666667
NODATA_value -9999
[rows 198 to 219 of 480, columns 147 to 195 of 384]
25.280000686645507813 25.228166580200195313 25.114166259765625 24.956167221069335938 24.794666290283203125 24.836000442504882813 24.750499725341796875 24.547332763671875 24.529333114624023438 24.335500717163085938 23.949167251586914063 24.03766632080078125 24.116832733154296875 23.756500244140625 23.152166366577148438 22.5989990234375 22.065500259399414063 22.219667434692382813 23.000165939331054688 23.316999435424804688 23.136499404907226563 23.255167007446289063 23.05816650390625 22.840833663940429688 22.261667251586914063 21.612499237060546875 21.094333648681640625 21.88249969482421875 21.773500442504882813 20.273332595825195313 19.37599945068359375 19.750165939331054688 20.639667510986328125 20.907667160034179688 20.878000259399414063 20.759332656860351563 20.424999237060546875 20.81349945068359375 21.92983245849609375 22.79216766357421875 20.680999755859375 18.9785003662109375 22.1573333740234375 23.826665878295898438 22.914087295532226563 -9999 -9999 -9999 -9999
25.343334197998046875 25.28350067138671875 25.1790008544921875 25.016000747680664063 24.938833236694335938 24.832500457763671875 24.6378326416015625 24.5496673583984375 24.407167434692382813 24.125667572021484375 23.7176666259765625 23.817667007446289063 23.859333038330078125 23.800167083740234375 23.486333847045898438 22.948499679565429688 22.45916748046875 22.3943328857421875 22.935333251953125 23.255498886108398438 23.00749969482421875 22.838832855224609375 22.865499496459960938 22.549333572387695313 22.304666519165039063 21.806333541870117188 21.194833755493164063 21.496999740600585938 20.952333450317382813 20.417833328247070313 19.410999298095703125 19.482166290283203125 20.441165924072265625 20.667333602905273438 20.82016754150390625 20.700000762939453125 20.531665802001953125 20.540332794189453125 20.853000640869140625 21.966833114624023438 22.218334197998046875 21.259000778198242188 21.716333389282226563 23.731166839599609375 23.700666427612304688 23.930555343627929688 -9999 -9999 -9999
25.206167221069335938 25.25116729736328125 25.083833694458007813 25.023000717163085938 24.889165878295898438 24.743333816528320313 24.583833694458007813 24.366167068481445313 24.351499557495117188 24.049833297729492188 23.77033233642578125 23.723499298095703125 23.635000228881835938 23.675167083740234375 23.448667526245117188 23.044834136962890625 22.804666519165039063 22.635166168212890625 22.987667083740234375 23.274499893188476563 22.759166717529296875 22.293832778930664063 22.262500762939453125 22.063999176025390625 22.034833908081054688 21.729665756225585938 21.13033294677734375 21.028499603271484375 20.8943328857421875 20.48600006103515625 19.74233245849609375 19.094333648681640625 19.846500396728515625 20.532667160034179688 20.596332550048828125 20.640832901000976563 20.602167129516601563 20.301666259765625 20.424833297729492188 20.827667236328125 19.86750030517578125 21.76833343505859375 23.472667694091796875 23.975500106811523438 23.9008331298828125 23.83802032470703125 -9999 -9999 -9999
25.060167312622070313 25.096500396728515625 25.0839996337890625 24.9461669921875 24.70366668701171875 24.398332595825195313 24.450166702270507813 24.398166656494140625 24.348833084106445313 24.112499237060546875 23.97100067138671875 23.923666000366210938 23.725500106811523438 23.557832717895507813 23.428333282470703125 23.141500473022460938 23.042333602905273438 22.810333251953125 22.85016632080078125 23.038333892822265625 22.8125 22.450666427612304688 22.398166656494140625 22.130167007446289063 22.055665969848632813 21.760999679565429688 21.192167282104492188 20.8836669921875 20.464832305908203125 20.079166412353515625 20.039499282836914063 19.3125 19.559000015258789063 20.206501007080078125 20.3986663818359375 20.485500335693359375 20.593000411987304688 20.34366607666015625 20.465833663940429688 20.625 18.180500030517578125 20.476833343505859375 23.359832763671875 24.023166656494140625 23.951333999633789063 23.443500518798828125 23.909114837646484375 -9999 -9999
25.040166854858398438 24.955999374389648438 25.008333206176757813 25.02483367919921875 24.905666351318359375 24.6056671142578125 24.747167587280273438 24.632665634155273438 24.315334320068359375 24.28350067138671875 24.219165802001953125 24.129999160766601563 23.972833633422851563 23.794834136962890625 23.719165802001953125 23.530832290649414063 23.3383331298828125 23.0496673583984375 22.9288330078125 22.605167388916015625 22.5666656494140625 22.793498992919921875 22.476999282836914063 22.15183258056640625 21.600500106811523438 21.313999176025390625 20.503665924072265625 20.627500534057617188 20.556499481201171875 20.345167160034179688 20.18416595458984375 19.445833206176757813 18.871999740600585938 19.534334182739257813 20.144500732421875 20.361166000366210938 20.642000198364257813 20.796833038330078125 20.673666000366210938 21.689666748046875 21.649999618530273438 22.613666534423828125 23.679332733154296875 23.86533355712890625 23.860834121704101563 23.593334197998046875 23.868055343627929688 -9999 -9999
25.027334213256835938 24.971166610717773438 24.876333236694335938 24.827667236328125 24.853000640869140625 24.877332687377929688 24.706167221069335938 24.517833709716796875 24.489833831787109375 24.406999588012695313 24.315999984741210938 24.249666213989257813 24.132833480834960938 23.9720001220703125 23.807666778564453125 23.602832794189453125 23.273000717163085938 22.929332733154296875 22.695833206176757813 22.601667404174804688 22.302165985107421875 22.593334197998046875 22.37066650390625 21.88800048828125 21.306667327880859375 20.712833404541015625 20.396999359130859375 20.968500137329101563 20.7024993896484375 20.486166000366210938 20.107500076293945313 19.317501068115234375 18.569665908813476563 19.0970001220703125 19.956333160400390625 20.239665985107421875 20.358165740966796875 20.851999282836914063 20.89116668701171875 21.2089996337890625 21.81366729736328125 23.223833084106445313 23.357500076293945313 23.528667449951171875 23.857000350952148438 23.8600006103515625 23.609027862548828125 -9999 -9999
25.153499603271484375 24.871166229248046875 24.753999710083007813 24.64766693115234375 24.662166595458984375 24.840999603271484375 24.745500564575195313 24.442667007446289063 24.302999496459960938 24.318666458129882813 24.174167633056640625 24.125333786010742188 24.068834304809570313 24.016000747680664063 23.87616729736328125 23.623666763305664063 23.45999908447265625 23.145000457763671875 22.9029998779296875 22.651500701904296875 22.357666015625 22.2350006103515625 22.381166458129882813 21.83733367919921875 21.312665939331054688 20.596666336059570313 20.281833648681640625 20.975666046142578125 21.222333908081054688 20.451665878295898438 20.056499481201171875 19.422166824340820313 18.863332748413085938 18.653333663940429688 19.041334152221679688 19.881666183471679688 20.309667587280273438 20.893667221069335938 21.53333282470703125 21.312334060668945313 22.783666610717773438 23.2220001220703125 23.457500457763671875 23.471166610717773438 23.910833358764648438 24.023000717163085938 23.917324066162109375 -9999 -9999
25.145666122436523438 24.805665969848632813 24.701333999633789063 24.556667327880859375 24.443500518798828125 24.617000579833984375 24.730833053588867188 24.555999755859375 24.327833175659179688 24.074499130249023438 23.956666946411132813 23.840665817260742188 23.812000274658203125 23.781999588012695313 23.709499359130859375 23.604999542236328125 23.461000442504882813 23.230167388916015625 22.901166915893554688 22.724832534790039063 22.5086669921875 21.993499755859375 21.832000732421875 21.69499969482421875 21.58716583251953125 21.154499053955078125 20.638332366943359375 20.737833023071289063 21.386999130249023438 20.5796661376953125 20.141500473022460938 19.676500320434570313 19.185499191284179688 18.681499481201171875 18.62833404541015625 19.778499603271484375 20.164667129516601563 20.788667678833007813 21.415166854858398438 21.644666671752929688 22.69183349609375 23.274499893188476563 23.428167343139648438 23.577833175659179688 23.843000411987304688 24.09600067138671875 24.097833633422851563 23.840740203857421875 -9999
24.799333572387695313 24.880666732788085938 24.707666397094726563 24.59600067138671875 24.426000595092773438 24.457500457763671875 24.56366729736328125 24.556667327880859375 24.301500320434570313 24.0731658935546875 23.891332626342773438 23.743333816528320313 23.5991668701171875 23.523000717163085938 23.4546661376953125 23.4073333740234375 23.344333648681640625 23.16500091552734375 22.827165603637695313 22.768667221069335938 22.242666244506835938 21.930833816528320313 21.718999862670898438 21.722499847412109375 21.71016693115234375 21.473667144775390625 21.2628326416015625 21.14666748046875 21.556833267211914063 21.224834442138671875 20.748167037963867188 20.1078338623046875 19.495332717895507813 18.959667205810546875 18.767000198364257813 19.461500167846679688 19.916500091552734375 20.227167129516601563 21.057666778564453125 21.959165573120117188 22.475999832153320313 22.9029998779296875 23.092332839965820313 23.478834152221679688 23.883333206176757813 24.055166244506835938 24.091833114624023438 24 23.917707443237304688
24.681667327880859375 24.70050048828125 24.91283416748046875 24.587833404541015625 24.565999984741210938 24.416166305541992188 24.386499404907226563 24.437166213989257813 24.180833816528320313 23.94933319091796875 23.974666595458984375 23.872667312622070313 23.62383270263671875 23.36516571044921875 23.24883270263671875 23.260166168212890625 23.236499786376953125 23.084667205810546875 22.85250091552734375 22.435499191284179688 21.946332931518554688 21.789333343505859375 21.634500503540039063 21.722665786743164063 21.615667343139648438 21.611333847045898438 21.659332275390625 21.593999862670898438 21.582834243774414063 21.339666366577148438 21.110332489013671875 20.4806671142578125 19.50333404541015625 18.850000381469726563 18.595666885375976563 19.542833328247070313 20.261667251586914063 20.410165786743164063 21.017499923706054688 21.6959991455078125 21.843334197998046875 22.459333419799804688 22.915332794189453125 23.532833099365234375 23.563333511352539063 23.877000808715820313 24.04199981689453125 24.03125 24.108333587646484375
24.610166549682617188 24.604000091552734375 24.804500579833984375 24.734333038330078125 24.600500106811523438 24.415500640869140625 24.4225006103515625 24.292499542236328125 24.163000106811523438 23.958499908447265625 23.778499603271484375 23.676332473754882813 23.693166732788085938 23.485834121704101563 23.197000503540039063 23.1833343505859375 22.994333267211914063 22.836000442504882813 22.6959991455078125 22.229166030883789063 21.784334182739257813 21.772333145141601563 21.680166244506835938 21.710666656494140625 21.653499603271484375 21.65616607666015625 21.679332733154296875 21.654666900634765625 21.422166824340820313 21.005666732788085938 20.855499267578125 20.3686676025390625 19.4114990234375 18.95050048828125 18.791666030883789063 20.622833251953125 20.50433349609375 20.381999969482421875 20.13683319091796875 20.936000823974609375 21.49566650390625 22.448833465576171875 23.049833297729492188 23.32866668701171875 23.294332504272460938 23.874166488647460938 24.036832809448242188 24.011707305908203125 -9999
24.243999481201171875 24.520000457763671875 24.607166290283203125 24.677499771118164063 24.592332839965820313 24.4871673583984375 24.409666061401367188 24.059667587280273438 23.950166702270507813 23.939332962036132813 23.870500564575195313 23.72949981689453125 23.689500808715820313 23.536832809448242188 23.17983245849609375 22.960832595825195313 22.949666976928710938 22.555999755859375 22.382999420166015625 21.94183349609375 21.672166824340820313 21.701999664306640625 21.496500015258789063 21.65183258056640625 21.700834274291992188 21.74233245849609375 21.743833541870117188 21.681667327880859375 21.357666015625 21.124334335327148438 20.928167343139648438 20.663000106811523438 20.144166946411132813 19.776666641235351563 19.797000885009765625 21.484666824340820313 21.086334228515625 20.083499908447265625 20.111499786376953125 20.721332550048828125 21.355499267578125 22.354665756225585938 23.040500640869140625 23.520833969116210938 23.692167282104492188 23.974332809448242188 24.064832687377929688 24.052221298217773438 25.320833206176757813
24.141500473022460938 24.395166397094726563 24.468999862670898438 24.398000717163085938 24.439167022705078125 24.396999359130859375 24.270666122436523438 23.9290008544921875 23.730167388916015625 23.470500946044921875 23.515501022338867188 23.5625 23.4225006103515625 23.271165847778320313 23.066333770751953125 22.867666244506835938 22.884332656860351563 22.394832611083984375 22.047832489013671875 21.768499374389648438 21.589834213256835938 21.608667373657226563 21.571666717529296875 21.622833251953125 21.672666549682617188 21.75 21.560832977294921875 21.52033233642578125 21.53133392333984375 21.401332855224609375 21.326833724975585938 20.893833160400390625 20.207000732421875 20.0431671142578125 20.416833877563476563 21.02466583251953125 22.198499679565429688 21.969167709350585938 20.474500656127929688 22.082000732421875 21.2586669921875 20.854333877563476563 21.597833633422851563 22.623498916625976563 23.584499359130859375 23.95999908447265625 24.103000640869140625 24.103868484497070313 -9999
24.108667373657226563 24.25316619873046875 24.38916778564453125 24.181499481201171875 24.309999465942382813 24.265501022338867188 24.196666717529296875 24.12183380126953125 23.900333404541015625 23.4288330078125 23.2306671142578125 23.30483245849609375 23.159999847412109375 22.698999404907226563 22.8209991455078125 22.790332794189453125 22.64766693115234375 22.428333282470703125 21.962833404541015625 21.625333786010742188 21.574499130249023438 21.592832565307617188 21.666166305541992188 21.73166656494140625 21.69083404541015625 21.7089996337890625 21.675333023071289063 21.452999114990234375 21.406499862670898438 21.458665847778320313 21.416166305541992188 21.054332733154296875 20.173334121704101563 19.849332809448242188 19.977832794189453125 19.971500396728515625 20.329999923706054688 22.773834228515625 21.913000106811523438 22.729166030883789063 21.745000839233398438 20.177333831787109375 20.201166152954101563 21.511499404907226563 23.163333892822265625 23.794332504272460938 23.93000030517578125 24.022396087646484375 -9999
24.004999160766601563 24.1916656494140625 24.358165740966796875 24.2586669921875 24.107166290283203125 24.034166336059570313 24.062999725341796875 24.047666549682617188 23.976499557495117188 23.712999343872070313 23.264165878295898438 23.042665481567382813 22.870000839233398438 22.541666030883789063 22.392833709716796875 22.526332855224609375 22.389667510986328125 22.147333145141601563 21.73383331298828125 21.712833404541015625 21.640499114990234375 21.662500381469726563 21.75333404541015625 21.7888336181640625 21.77683258056640625 21.696832656860351563 21.727832794189453125 21.46666717529296875 21.264833450317382813 21.399000167846679688 21.342332839965820313 21.151666641235351563 20.454166412353515625 19.893167495727539063 19.933666229248046875 19.8040008544921875 20.168500900268554688 21.984333038330078125 23.598833084106445313 23.336334228515625 23.183000564575195313 22.656499862670898438 21.590333938598632813 21.917333602905273438 23.127834320068359375 23.614665985107421875 23.586334228515625 23.735118865966796875 -9999
23.825834274291992188 24.0258331298828125 24.184833526611328125 24.044834136962890625 23.613666534423828125 23.44516754150390625 23.663999557495117188 23.89766693115234375 23.91049957275390625 23.820499420166015625 23.448999404907226563 22.993999481201171875 22.761999130249023438 22.68316650390625 22.56999969482421875 22.403667449951171875 22.184999465942382813 21.790666580200195313 21.62166595458984375 21.74466705322265625 21.823833465576171875 21.831333160400390625 21.891834259033203125 21.981500625610351563 21.939832687377929688 21.805166244506835938 21.768499374389648438 21.590665817260742188 21.439832687377929688 21.371999740600585938 21.409334182739257813 21.264499664306640625 20.974500656127929688 20.292999267578125 19.883832931518554688 19.572999954223632813 19.7888336181640625 20.564666748046875 23.198833465576171875 23.872999191284179688 23.774166107177734375 23.635334014892578125 22.205499649047851563 23.574167251586914063 23.828500747680664063 23.494333267211914063 23.505167007446289063 23.90833282470703125 -9999
23.70800018310546875 23.7649993896484375 23.869832992553710938 23.635000228881835938 23.457666397094726563 23.293333053588867188 23.459333419799804688 23.670499801635742188 23.812665939331054688 23.706167221069335938 23.384000778198242188 23.026332855224609375 22.935832977294921875 22.851667404174804688 22.634332656860351563 22.440000534057617188 22.165500640869140625 21.847667694091796875 21.684499740600585938 21.795499801635742188 21.908166885375976563 21.991666793823242188 22.016834259033203125 22.000165939331054688 21.927499771118164063 21.853166580200195313 21.75099945068359375 21.597667694091796875 21.517499923706054688 21.430500030517578125 21.405332565307617188 21.339000701904296875 20.97299957275390625 20.250499725341796875 19.619333267211914063 19.431667327880859375 19.646833419799804688 20.548166275024414063 23.208833694458007813 23.9503326416015625 24.003499984741210938 23.9698333740234375 23.350500106811523438 23.69716644287109375 22.9461669921875 23.66483306884765625 23.738000869750976563 23.943452835083007813 23.744907379150390625
24.149999618530273438 23.898500442504882813 23.6464996337890625 23.598333358764648438 23.4654998779296875 23.541500091552734375 23.562999725341796875 23.5538330078125 23.644001007080078125 23.419000625610351563 23.308000564575195313 23.1421661376953125 22.819166183471679688 22.614999771118164063 22.33083343505859375 22.11100006103515625 21.988666534423828125 21.680334091186523438 21.669000625610351563 21.739166259765625 21.864833831787109375 21.965000152587890625 22.02683258056640625 21.942167282104492188 21.754833221435546875 21.5623321533203125 21.64533233642578125 21.668500900268554688 21.563999176025390625 21.275333404541015625 21.343999862670898438 21.232334136962890625 20.779666900634765625 20.099500656127929688 19.717832565307617188 19.366832733154296875 19.555833816528320313 20.813165664672851563 23.58733367919921875 23.989665985107421875 24.06783294677734375 24.091999053955078125 24.085500717163085938 24.054332733154296875 23.952667236328125 23.958333969116210938 23.996194839477539063 24.040624618530273438 -9999
24.396999359130859375 24.3448333740234375 24.134832382202148438 24.127332687377929688 23.924165725708007813 23.749332427978515625 23.612667083740234375 23.456167221069335938 23.371000289916992188 23.128999710083007813 22.949167251586914063 22.7975006103515625 22.593166351318359375 22.389833450317382813 22.0774993896484375 21.77700042724609375 21.746999740600585938 21.60666656494140625 21.462667465209960938 21.615833282470703125 21.765167236328125 21.875165939331054688 21.921998977661132813 21.913000106811523438 21.835832595825195313 21.455499649047851563 21.558000564575195313 21.670166015625 21.586999893188476563 21.476833343505859375 21.37816619873046875 21.059999465942382813 20.760166168212890625 20.387500762939453125 19.927165985107421875 19.281833648681640625 20.002000808715820313 22.001667022705078125 23.4438323974609375 23.946500778198242188 24.044332504272460938 24.0774993896484375 24.118000030517578125 24.11199951171875 24.045499801635742188 24.048334121704101563 24.092592239379882813 -9999 25.1291656494140625
24.65850067138671875 24.53783416748046875 24.39550018310546875 24.2241668701171875 24.002834320068359375 23.7628326416015625 23.622667312622070313 23.392499923706054688 23.093500137329101563 22.85233306884765625 22.7154998779296875 22.459499359130859375 22.263833999633789063 22.210332870483398438 22.064500808715820313 21.906000137329101563 21.772333145141601563 21.423166275024414063 21.339166641235351563 21.52700042724609375 21.603834152221679688 21.7111663818359375 21.778333663940429688 21.839000701904296875 21.88466644287109375 21.548000335693359375 21.517999649047851563 21.654832839965820313 21.677999496459960938 21.617834091186523438 21.502666473388671875 21.353666305541992188 20.9116668701171875 20.55500030517578125 20.121166229248046875 19.91699981689453125 19.926166534423828125 21.889833450317382813 22.112499237060546875 23.358667373657226563 24.072332382202148438 24.086833953857421875 24.114833831787109375 24.1143341064453125 24.02700042724609375 24.02166748046875 -9999 -9999 -9999
24.656665802001953125 24.51183319091796875 24.371334075927734375 24.164167404174804688 23.988000869750976563 23.816333770751953125 23.674167633056640625 23.451833724975585938 23.037166595458984375 22.744832992553710938 22.627666473388671875 22.383167266845703125 22.098667144775390625 21.87599945068359375 21.810499191284179688 21.76200103759765625 21.571832656860351563 21.234832763671875 21.174333572387695313 21.28983306884765625 21.436166763305664063 21.55933380126953125 21.601999282836914063 21.66699981689453125 21.783166885375976563 21.413000106811523438 21.398000717163085938 21.528833389282226563 21.704500198364257813 21.6961669921875 21.510334014892578125 21.256166458129882813 21.0258331298828125 20.697000503540039063 20.308500289916992188 20.493833541870117188 20.008832931518554688 20.010999679565429688 21.122499465942382813 23.1681671142578125 23.7393341064453125 23.756166458129882813 23.985166549682617188 24.031000137329101563 23.97299957275390625 23.929582595825195313 -9999 -9999 -9999
24.4029998779296875 24.318500518798828125 24.256666183471679688 24.06999969482421875 23.952333450317382813 23.885499954223632813 23.736833572387695313 23.554332733154296875 23.086500167846679688 22.685667037963867188 22.490167617797851563 22.228000640869140625 21.923833847045898438 21.596166610717773438 21.43650054931640625 21.333166122436523438 21.11199951171875 20.94066619873046875 21.028333663940429688 21.127500534057617188 21.27916717529296875 21.427499771118164063 21.4546661376953125 21.406665802001953125 21.573667526245117188 21.194833755493164063 21.2003326416015625 21.370500564575195313 21.6703338623046875 21.753499984741210938 21.5885009765625 21.305334091186523438 20.901332855224609375 20.6464996337890625 20.656833648681640625 20.885000228881835938 20.7003326416015625 20.399499893188476563 20.377000808715820313 21.759332656860351563 22.777666091918945313 21.489500045776367188 22.8665008544921875 23.841167449951171875 23.924833297729492188 23.90833282470703125 -9999 -9999 23.395833969116210938
