data/anntemp.asc
ncols        384
nrows        480
xllcorner    138.000000000000
yllcorner    -29.000000000000
cellsize     0.041666666667
NODATA_value -9999
[rows 418 to 439 of 480, columns 98 to 146 of 384]
23.097833633422851563 23.0431671142578125 23.078332901000976563 23.18316650390625 23.287832260131835938 23.234167098999023438 23.094333648681640625 23.025667190551757813 23.081333160400390625 23.079999923706054688 23.103834152221679688 23.130666732788085938 23.021833419799804688 22.84149932861328125 22.7760009765625 22.465000152587890625 22.472333908081054688 22.599666595458984375 22.66583251953125 22.655666351318359375 22.7176666259765625 22.7584991455078125 22.815166473388671875 22.855499267578125 22.854000091552734375 22.749166488647460938 22.756000518798828125 22.796833038330078125 22.670833587646484375 22.662500381469726563 22.779499053955078125 22.86083221435546875 22.821832656860351563 22.775499343872070313 22.76599884033203125 22.734832763671875 22.679666519165039063 22.684833526611328125 22.7285003662109375 22.735500335693359375 22.656999588012695313 22.583833694458007813 22.592500686645507813 22.59149932861328125 22.504999160766601563 22.3513336181640625 22.108499526977539063 22.028499603271484375 22.031999588012695313
23.083166122436523438 23.06583404541015625 23.101165771484375 23.152166366577148438 23.224000930786132813 23.140333175659179688 23.082166671752929688 23.085666656494140625 23.086666107177734375 23.093999862670898438 23.11100006103515625 23.035165786743164063 22.925167083740234375 22.859500885009765625 22.785833358764648438 22.47100067138671875 22.411333084106445313 22.436832427978515625 22.529832839965820313 22.660833358764648438 22.691333770751953125 22.7586669921875 22.822999954223632813 22.861499786376953125 22.8535003662109375 22.806667327880859375 22.831666946411132813 22.839334487915039063 22.680332183837890625 22.618000030517578125 22.786500930786132813 22.917833328247070313 22.885999679565429688 22.749332427978515625 22.719499588012695313 22.733499526977539063 22.727167129516601563 22.77033233642578125 22.784666061401367188 22.715665817260742188 22.587999343872070313 22.586500167846679688 22.649166107177734375 22.631500244140625 22.505666732788085938 22.3318328857421875 22.153833389282226563 22.0001678466796875 21.988500595092773438
23.069000244140625 23.0688323974609375 23.108667373657226563 23.165332794189453125 23.211833953857421875 23.200666427612304688 23.125333786010742188 23.049333572387695313 23.0214996337890625 23.025667190551757813 23.054166793823242188 22.9720001220703125 22.861166000366210938 22.861499786376953125 22.818500518798828125 22.719333648681640625 22.628000259399414063 22.345333099365234375 22.460666656494140625 22.650999069213867188 22.699666976928710938 22.741167068481445313 22.781833648681640625 22.816333770751953125 22.801500320434570313 22.790834426879882813 22.838832855224609375 22.819334030151367188 22.674833297729492188 22.611166000366210938 22.739665985107421875 22.934665679931640625 22.919500350952148438 22.76399993896484375 22.625499725341796875 22.655834197998046875 22.698333740234375 22.7371673583984375 22.738500595092773438 22.646333694458007813 22.518667221069335938 22.541666030883789063 22.613832473754882813 22.569166183471679688 22.441165924072265625 22.242166519165039063 22.083665847778320313 22.020833969116210938 21.999334335327148438
23.037000656127929688 23.039499282836914063 23.083833694458007813 23.166833877563476563 23.188333511352539063 23.159166336059570313 22.9524993896484375 22.934999465942382813 22.9333343505859375 22.966167449951171875 23.017833709716796875 22.917833328247070313 22.711000442504882813 22.641332626342773438 22.712499618530273438 22.809667587280273438 22.728166580200195313 22.586999893188476563 22.448833465576171875 22.590000152587890625 22.648834228515625 22.65200042724609375 22.73166656494140625 22.774166107177734375 22.815999984741210938 22.842832565307617188 22.830333709716796875 22.750833511352539063 22.664333343505859375 22.684833526611328125 22.827167510986328125 22.947000503540039063 22.929500579833984375 22.783166885375976563 22.57666778564453125 22.562665939331054688 22.599666595458984375 22.678499221801757813 22.71233367919921875 22.60333251953125 22.439666748046875 22.486166000366210938 22.579334259033203125 22.49566650390625 22.39550018310546875 22.225000381469726563 22.126333236694335938 22.088832855224609375 22.061832427978515625
23.0086669921875 23.025167465209960938 23.073999404907226563 23.1595001220703125 23.144834518432617188 23.029832839965820313 22.942499160766601563 22.9116668701171875 22.941499710083007813 22.978334426879882813 22.971666336059570313 22.85666656494140625 22.796833038330078125 22.741498947143554688 22.731166839599609375 22.805334091186523438 22.784666061401367188 22.623332977294921875 22.427499771118164063 22.482000350952148438 22.5970001220703125 22.627834320068359375 22.656667709350585938 22.710000991821289063 22.761499404907226563 22.766000747680664063 22.737667083740234375 22.673166275024414063 22.629499435424804688 22.70149993896484375 22.858333587646484375 22.89333343505859375 22.887500762939453125 22.799167633056640625 22.65183258056640625 22.56783294677734375 22.578832626342773438 22.65633392333984375 22.692167282104492188 22.622667312622070313 22.514333724975585938 22.4915008544921875 22.528165817260742188 22.510000228881835938 22.358999252319335938 22.194833755493164063 22.140167236328125 22.173334121704101563 22.186834335327148438
23.034666061401367188 23.049999237060546875 23.107999801635742188 23.173833847045898438 23.12816619873046875 22.971166610717773438 22.913499832153320313 22.91716766357421875 22.949167251586914063 22.952833175659179688 22.904499053955078125 22.878000259399414063 22.867166519165039063 22.839832305908203125 22.7736663818359375 22.814167022705078125 22.775167465209960938 22.649166107177734375 22.47316741943359375 22.5 22.555833816528320313 22.632165908813476563 22.620166778564453125 22.680500030517578125 22.7415008544921875 22.729166030883789063 22.669834136962890625 22.61533355712890625 22.572666168212890625 22.673999786376953125 22.795665740966796875 22.807500839233398438 22.768833160400390625 22.754833221435546875 22.707834243774414063 22.593500137329101563 22.58733367919921875 22.6399993896484375 22.632833480834960938 22.535833358764648438 22.507165908813476563 22.55933380126953125 22.528165817260742188 22.492166519165039063 22.254667282104492188 22.1614990234375 22.12616729736328125 22.070667266845703125 22.163999557495117188
23.013334274291992188 23.072000503540039063 23.122167587280273438 23.155666351318359375 23.068666458129882813 22.944000244140625 22.903499603271484375 22.920166015625 22.929666519165039063 22.926166534423828125 22.877332687377929688 22.826833724975585938 22.840999603271484375 22.815332412719726563 22.791334152221679688 22.818166732788085938 22.76416778564453125 22.7220001220703125 22.59366607666015625 22.519500732421875 22.49466705322265625 22.582834243774414063 22.651500701904296875 22.702001571655273438 22.74250030517578125 22.7563323974609375 22.685667037963867188 22.626333236694335938 22.581167221069335938 22.621166229248046875 22.676166534423828125 22.708166122436523438 22.688833236694335938 22.66500091552734375 22.670499801635742188 22.631166458129882813 22.624332427978515625 22.629499435424804688 22.58499908447265625 22.45916748046875 22.368000030517578125 22.450166702270507813 22.31800079345703125 22.2779998779296875 22.195165634155273438 22.125833511352539063 22.072666168212890625 22.01399993896484375 22.02683258056640625
22.989999771118164063 23.047166824340820313 23.07433319091796875 23.097166061401367188 22.997667312622070313 22.91266632080078125 22.892333984375 22.895666122436523438 22.899000167846679688 22.892499923706054688 22.860332489013671875 22.863000869750976563 22.871334075927734375 22.80066680908203125 22.727832794189453125 22.750499725341796875 22.7241668701171875 22.72516632080078125 22.59799957275390625 22.486499786376953125 22.469499588012695313 22.512166976928710938 22.56366729736328125 22.639833450317382813 22.719333648681640625 22.737833023071289063 22.678501129150390625 22.602666854858398438 22.559665679931640625 22.577165603637695313 22.63249969482421875 22.671667098999023438 22.647165298461914063 22.613500595092773438 22.579000473022460938 22.533832550048828125 22.575000762939453125 22.597166061401367188 22.5301666259765625 22.251499176025390625 22.07233428955078125 22.229999542236328125 22.080333709716796875 22.101499557495117188 22.173666000366210938 22.15416717529296875 22.095333099365234375 21.974832534790039063 22.039499282836914063
22.991666793823242188 23.069000244140625 23.082000732421875 23.045166015625 22.99883270263671875 22.975000381469726563 22.935167312622070313 22.91049957275390625 22.878000259399414063 22.8686676025390625 22.870832443237304688 22.907833099365234375 22.930334091186523438 22.843500137329101563 22.725833892822265625 22.722499847412109375 22.71216583251953125 22.687334060668945313 22.58733367919921875 22.513166427612304688 22.5149993896484375 22.527500152587890625 22.54416656494140625 22.626333236694335938 22.709499359130859375 22.702333450317382813 22.6056671142578125 22.56133270263671875 22.532667160034179688 22.598499298095703125 22.64116668701171875 22.651166915893554688 22.61966705322265625 22.586833953857421875 22.480167388916015625 22.411832809448242188 22.47733306884765625 22.551332473754882813 22.464834213256835938 22.209667205810546875 21.9698333740234375 22.09583282470703125 22.078500747680664063 22.105499267578125 22.177499771118164063 22.19300079345703125 22.08283233642578125 22.070833206176757813 22.113832473754882813
23.019166946411132813 23.13033294677734375 23.098333358764648438 23.082500457763671875 23.060333251953125 22.991167068481445313 22.934667587280273438 22.908498764038085938 22.875165939331054688 22.872165679931640625 22.872333526611328125 22.868499755859375 22.903165817260742188 22.868833541870117188 22.729166030883789063 22.761667251586914063 22.742000579833984375 22.702833175659179688 22.655000686645507813 22.58950042724609375 22.539499282836914063 22.531999588012695313 22.540166854858398438 22.652666091918945313 22.691499710083007813 22.676166534423828125 22.629999160766601563 22.517999649047851563 22.553667068481445313 22.595333099365234375 22.607666015625 22.6378326416015625 22.577333450317382813 22.529333114624023438 22.470333099365234375 22.44499969482421875 22.44499969482421875 22.4633331298828125 22.33733367919921875 22.049333572387695313 21.9008331298828125 22.032167434692382813 22.10883331298828125 22.1443328857421875 22.215665817260742188 22.225833892822265625 22.124166488647460938 22.1230010986328125 22.143499374389648438
23.043666839599609375 23.103834152221679688 22.945833206176757813 22.961666107177734375 22.969999313354492188 22.931333541870117188 22.895666122436523438 22.860834121704101563 22.851999282836914063 22.858333587646484375 22.870332717895507813 22.825834274291992188 22.8578338623046875 22.868333816528320313 22.714666366577148438 22.701665878295898438 22.74250030517578125 22.7393341064453125 22.756834030151367188 22.65716552734375 22.552165985107421875 22.526500701904296875 22.502666473388671875 22.620000839233398438 22.601833343505859375 22.61733245849609375 22.631500244140625 22.614833831787109375 22.563167572021484375 22.559833526611328125 22.631999969482421875 22.687999725341796875 22.604166030883789063 22.5279998779296875 22.496000289916992188 22.494333267211914063 22.449832916259765625 22.39550018310546875 22.309499740600585938 22.169500350952148438 21.911500930786132813 22.0323333740234375 22.121999740600585938 22.178499221801757813 22.249834060668945313 22.181499481201171875 21.954000473022460938 21.973833084106445313 22.12833404541015625
23.06683349609375 23.101499557495117188 23.026666641235351563 22.9568328857421875 22.828332901000976563 22.897500991821289063 22.892499923706054688 22.834499359130859375 22.82550048828125 22.8339996337890625 22.836000442504882813 22.74683380126953125 22.74233245849609375 22.835834503173828125 22.7563323974609375 22.672832489013671875 22.711833953857421875 22.74566650390625 22.768667221069335938 22.642833709716796875 22.579000473022460938 22.6013336181640625 22.574499130249023438 22.624166488647460938 22.573999404907226563 22.54416656494140625 22.577333450317382813 22.569000244140625 22.4633331298828125 22.530332565307617188 22.64333343505859375 22.651500701904296875 22.622499465942382813 22.573499679565429688 22.474000930786132813 22.456499099731445313 22.418832778930664063 22.339000701904296875 22.267000198364257813 22.165332794189453125 21.90533447265625 21.989665985107421875 22.152666091918945313 22.20583343505859375 22.207166671752929688 22.063165664672851563 21.99449920654296875 21.93216705322265625 22.0063323974609375
23.052000045776367188 22.995166778564453125 22.982000350952148438 22.966167449951171875 22.9288330078125 22.9051666259765625 22.884000778198242188 22.828500747680664063 22.802999496459960938 22.784666061401367188 22.745000839233398438 22.658666610717773438 22.649499893188476563 22.739833831787109375 22.667165756225585938 22.625665664672851563 22.67566680908203125 22.699666976928710938 22.698667526245117188 22.6356658935546875 22.621000289916992188 22.661333084106445313 22.63050079345703125 22.657833099365234375 22.62400054931640625 22.549333572387695313 22.500833511352539063 22.545999526977539063 22.486499786376953125 22.472833633422851563 22.577333450317382813 22.564332962036132813 22.596166610717773438 22.597833633422851563 22.502500534057617188 22.407167434692382813 22.306667327880859375 22.281667709350585938 22.251333236694335938 22.144832611083984375 21.953332901000976563 21.991167068481445313 22.141832351684570313 22.212999343872070313 22.155332565307617188 22.1143341064453125 22.0323333740234375 21.957166671752929688 22.05816650390625
22.9633331298828125 22.850999832153320313 22.830999374389648438 22.812665939331054688 22.843166351318359375 22.849832534790039063 22.803167343139648438 22.797332763671875 22.822000503540039063 22.798833847045898438 22.75983428955078125 22.742166519165039063 22.789499282836914063 22.795499801635742188 22.678167343139648438 22.596166610717773438 22.647167205810546875 22.661832809448242188 22.651500701904296875 22.630666732788085938 22.674833297729492188 22.659833908081054688 22.643833160400390625 22.65200042724609375 22.515167236328125 22.557666778564453125 22.564832687377929688 22.53116607666015625 22.533832550048828125 22.5063323974609375 22.54000091552734375 22.596666336059570313 22.609666824340820313 22.586666107177734375 22.503665924072265625 22.348333358764648438 22.246999740600585938 22.252834320068359375 22.23400115966796875 22.113500595092773438 21.885999679565429688 21.951665878295898438 22.125165939331054688 22.162500381469726563 22.10250091552734375 22.135334014892578125 22.106334686279296875 22.041166305541992188 22.0731658935546875
22.99233245849609375 22.890666961669921875 22.845666885375976563 22.775333404541015625 22.701999664306640625 22.734500885009765625 22.724666595458984375 22.735834121704101563 22.798334121704101563 22.820499420166015625 22.8211669921875 22.805166244506835938 22.808500289916992188 22.798334121704101563 22.688333511352539063 22.609498977661132813 22.65850067138671875 22.672832489013671875 22.684833526611328125 22.707666397094726563 22.690332412719726563 22.6638336181640625 22.63800048828125 22.632999420166015625 22.569833755493164063 22.56583404541015625 22.5625 22.590665817260742188 22.583665847778320313 22.53566741943359375 22.490499496459960938 22.535333633422851563 22.564332962036132813 22.5084991455078125 22.437166213989257813 22.303667068481445313 22.253833770751953125 22.2671661376953125 22.231500625610351563 22.080999374389648438 21.8834991455078125 21.975833892822265625 22.120000839233398438 22.153165817260742188 22.137666702270507813 22.111166000366210938 22.113500595092773438 22.096332550048828125 22.0948333740234375
22.942167282104492188 22.87400054931640625 22.767665863037109375 22.746999740600585938 22.84583282470703125 22.809000015258789063 22.765167236328125 22.739500045776367188 22.773166656494140625 22.7845001220703125 22.770334243774414063 22.742834091186523438 22.735166549682617188 22.764665603637695313 22.732334136962890625 22.621500015258789063 22.657833099365234375 22.705333709716796875 22.708833694458007813 22.693500518798828125 22.68199920654296875 22.634832382202148438 22.601833343505859375 22.641500473022460938 22.598833084106445313 22.550500869750976563 22.504167556762695313 22.546833038330078125 22.53333282470703125 22.46649932861328125 22.423833847045898438 22.466999053955078125 22.51183319091796875 22.435167312622070313 22.25316619873046875 22.179332733154296875 22.220333099365234375 22.260166168212890625 22.227666854858398438 22.069499969482421875 21.981166839599609375 21.958665847778320313 22.002666473388671875 22.052165985107421875 22.067667007446289063 22.009832382202148438 22.059000015258789063 22.052999496459960938 22.095500946044921875
22.924167633056640625 22.840333938598632813 22.844499588012695313 22.88266754150390625 22.930500030517578125 22.865499496459960938 22.840166091918945313 22.808500289916992188 22.799333572387695313 22.7649993896484375 22.6961669921875 22.648500442504882813 22.624500274658203125 22.715333938598632813 22.705999374389648438 22.593000411987304688 22.609666824340820313 22.640666961669921875 22.61199951171875 22.624500274658203125 22.655500411987304688 22.648500442504882813 22.574832916259765625 22.535833358764648438 22.498500823974609375 22.523166656494140625 22.533832550048828125 22.497333526611328125 22.4288330078125 22.267833709716796875 22.336000442504882813 22.375667572021484375 22.435832977294921875 22.402833938598632813 22.160833358764648438 22.144666671752929688 22.19716644287109375 22.216167449951171875 22.17133331298828125 22.0410003662109375 22.01616668701171875 21.916666030883789063 21.77916717529296875 21.89766693115234375 21.965000152587890625 22.007165908813476563 22.044332504272460938 22.052333831787109375 22.06583404541015625
22.95050048828125 22.916666030883789063 22.924167633056640625 22.80816650390625 22.69283294677734375 22.79199981689453125 22.863832473754882813 22.8211669921875 22.737333297729492188 22.718334197998046875 22.624500274658203125 22.5106658935546875 22.522167205810546875 22.63266754150390625 22.694833755493164063 22.594667434692382813 22.587999343872070313 22.589666366577148438 22.575000762939453125 22.6143341064453125 22.651332855224609375 22.670999526977539063 22.602666854858398438 22.52483367919921875 22.489999771118164063 22.501667022705078125 22.532833099365234375 22.5214996337890625 22.4010009765625 22.33950042724609375 22.344165802001953125 22.330167770385742188 22.371166229248046875 22.365499496459960938 22.22949981689453125 22.197500228881835938 22.206333160400390625 22.204166412353515625 22.148166656494140625 22.096332550048828125 21.992000579833984375 21.896833419799804688 21.876832962036132813 21.906999588012695313 21.95366668701171875 22.007165908813476563 22.049167633056640625 22.079166412353515625 22.074832916259765625
22.960000991821289063 22.96450042724609375 22.820499420166015625 22.7263336181640625 22.671833038330078125 22.717166900634765625 22.699167251586914063 22.736499786376953125 22.604166030883789063 22.502166748046875 22.505832672119140625 22.420166015625 22.479999542236328125 22.647167205810546875 22.677333831787109375 22.60666656494140625 22.592500686645507813 22.58933258056640625 22.56349945068359375 22.61750030517578125 22.6551666259765625 22.670665740966796875 22.611667633056640625 22.507665634155273438 22.4635009765625 22.509832382202148438 22.5410003662109375 22.502332687377929688 22.421167373657226563 22.336000442504882813 22.29416656494140625 22.264665603637695313 22.351999282836914063 22.345167160034179688 22.29949951171875 22.24250030517578125 22.207332611083984375 22.203166961669921875 22.13033294677734375 22.072834014892578125 21.97750091552734375 21.898500442504882813 21.89766693115234375 21.96016693115234375 21.9980010986328125 21.972665786743164063 22.032833099365234375 22.095333099365234375 22.085832595825195313
22.9763336181640625 22.8426666259765625 22.736499786376953125 22.790666580200195313 22.6811676025390625 22.571332931518554688 22.441667556762695313 22.629833221435546875 22.453166961669921875 22.467500686645507813 22.509332656860351563 22.497333526611328125 22.514333724975585938 22.628000259399414063 22.610666275024414063 22.571500778198242188 22.590166091918945313 22.586500167846679688 22.556333541870117188 22.60016632080078125 22.599666595458984375 22.58300018310546875 22.575000762939453125 22.469165802001953125 22.418832778930664063 22.479166030883789063 22.5214996337890625 22.477666854858398438 22.438167572021484375 22.372167587280273438 22.3211669921875 22.213666915893554688 22.340833663940429688 22.33716583251953125 22.283832550048828125 22.204999923706054688 22.18633270263671875 22.1768341064453125 22.124500274658203125 22.068500518798828125 21.96866607666015625 21.9375 21.980833053588867188 21.992666244506835938 22.026332855224609375 21.977167129516601563 21.98600006103515625 22.06349945068359375 22.090667724609375
22.997833251953125 22.96233367919921875 22.8339996337890625 22.784334182739257813 22.626499176025390625 22.5410003662109375 22.564832687377929688 22.577667236328125 22.418001174926757813 22.421833038330078125 22.445667266845703125 22.565334320068359375 22.590333938598632813 22.638332366943359375 22.613500595092773438 22.573667526245117188 22.586332321166992188 22.613332748413085938 22.583333969116210938 22.596834182739257813 22.594333648681640625 22.570667266845703125 22.519666671752929688 22.476499557495117188 22.47316741943359375 22.496500015258789063 22.494167327880859375 22.46233367919921875 22.420000076293945313 22.364500045776367188 22.282499313354492188 22.209499359130859375 22.330999374389648438 22.34600067138671875 22.232166290283203125 22.153665542602539063 22.160999298095703125 22.158832550048828125 22.121999740600585938 22.057832717895507813 21.969999313354492188 21.945333480834960938 21.970666885375976563 22.0388336181640625 22.020833969116210938 21.982000350952148438 22.030832290649414063 22.055500030517578125 22.091833114624023438
22.95999908447265625 22.95916748046875 22.876832962036132813 22.746500015258789063 22.636999130249023438 22.575834274291992188 22.658666610717773438 22.609333038330078125 22.478000640869140625 22.347665786743164063 22.472166061401367188 22.562833786010742188 22.624332427978515625 22.65283203125 22.636333465576171875 22.572000503540039063 22.564332962036132813 22.642665863037109375 22.627666473388671875 22.64983367919921875 22.575832366943359375 22.545499801635742188 22.485666275024414063 22.508167266845703125 22.544000625610351563 22.518499374389648438 22.479000091552734375 22.41583251953125 22.405000686645507813 22.344333648681640625 22.321001052856445313 22.289667129516601563 22.312833786010742188 22.269666671752929688 22.153667449951171875 22.0774993896484375 22.106332778930664063 22.127332687377929688 22.119998931884765625 22.104333877563476563 22.006666183471679688 21.962999343872070313 21.999166488647460938 22.034332275390625 22.009334564208984375 22.010000228881835938 22.031665802001953125 22.074832916259765625 22.058000564575195313
