data/anntemp.asc
ncols        384
nrows        480
xllcorner    138.000000000000
yllcorner    -29.000000000000
cellsize     0.041666666667
NODATA_value -9999
[rows 198 to 219 of 480, columns 98 to 146 of 384]
26.978834152221679688 26.932332992553710938 26.930999755859375 26.897998809814453125 26.867834091186523438 26.863500595092773438 26.848667144775390625 26.84600067138671875 26.798000335693359375 26.760166168212890625 26.75966644287109375 26.781999588012695313 26.803667068481445313 26.798334121704101563 26.832334518432617188 26.84383392333984375 26.792665481567382813 26.723499298095703125 26.669000625610351563 26.643833160400390625 26.604333877563476563 26.56583404541015625 26.511999130249023438 26.469333648681640625 26.451000213623046875 26.410999298095703125 26.31349945068359375 26.263334274291992188 26.256834030151367188 26.252000808715820313 26.16916656494140625 26.163333892822265625 26.161333084106445313 26.156665802001953125 26.104833602905273438 26.194334030151367188 26.06366729736328125 25.906499862670898438 25.899166107177734375 25.89333343505859375 25.863000869750976563 25.813833236694335938 25.666833877563476563 25.516000747680664063 25.479333877563476563 25.294000625610351563 25.210332870483398438 25.36750030517578125 25.318166732788085938
26.9676666259765625 26.94183349609375 26.924999237060546875 26.874500274658203125 26.833667755126953125 26.878499984741210938 26.841833114624023438 26.805500030517578125 26.760833740234375 26.740499496459960938 26.748666763305664063 26.764499664306640625 26.7606658935546875 26.760166168212890625 26.770999908447265625 26.782499313354492188 26.772167205810546875 26.729833602905273438 26.6938323974609375 26.662500381469726563 26.609666824340820313 26.56366729736328125 26.527334213256835938 26.44183349609375 26.385833740234375 26.335666656494140625 26.260499954223632813 26.208833694458007813 26.202833175659179688 26.204833984375 26.149333953857421875 26.177165985107421875 26.195667266845703125 26.298666000366210938 26.27166748046875 26.19300079345703125 26.034000396728515625 25.867666244506835938 25.790332794189453125 25.754999160766601563 25.721332550048828125 25.696332931518554688 25.61533355712890625 25.555500030517578125 25.545499801635742188 25.431833267211914063 25.362499237060546875 25.383167266845703125 25.379833221435546875
26.85449981689453125 26.903499603271484375 26.89116668701171875 26.869333267211914063 26.788000106811523438 26.821666717529296875 26.875499725341796875 26.822000503540039063 26.777833938598632813 26.715999603271484375 26.713167190551757813 26.752500534057617188 26.766332626342773438 26.729167938232421875 26.72533416748046875 26.734666824340820313 26.723833084106445313 26.671833038330078125 26.662332534790039063 26.693166732788085938 26.590333938598632813 26.555999755859375 26.490667343139648438 26.412000656127929688 26.392999649047851563 26.30933380126953125 26.221834182739257813 26.187334060668945313 26.144500732421875 26.163499832153320313 26.168333053588867188 26.207000732421875 26.201665878295898438 26.246000289916992188 26.1078338623046875 25.955167770385742188 25.805334091186523438 25.704332351684570313 25.7628326416015625 25.72833251953125 25.688999176025390625 25.599832534790039063 25.5193328857421875 25.465000152587890625 25.389333724975585938 25.267499923706054688 25.177333831787109375 25.1616668701171875 25.218999862670898438
26.713832855224609375 26.7671661376953125 26.817333221435546875 26.851499557495117188 26.896999359130859375 26.860666275024414063 26.875665664672851563 26.8061676025390625 26.760833740234375 26.76200103759765625 26.7563323974609375 26.777833938598632813 26.777666091918945313 26.753000259399414063 26.72733306884765625 26.702167510986328125 26.714166641235351563 26.666334152221679688 26.641332626342773438 26.651332855224609375 26.602666854858398438 26.558500289916992188 26.484666824340820313 26.414333343505859375 26.369167327880859375 26.3101654052734375 26.208333969116210938 26.169666290283203125 26.137166976928710938 26.120500564575195313 26.146665573120117188 26.161832809448242188 26.141000747680664063 26.135833740234375 26.08083343505859375 26.051166534423828125 25.900499343872070313 25.620332717895507813 25.715833663940429688 25.652833938598632813 25.578500747680664063 25.536333084106445313 25.455333709716796875 25.419666290283203125 25.405666351318359375 25.340833663940429688 25.21649932861328125 25.164167404174804688 25.156667709350585938
26.639499664306640625 26.680833816528320313 26.682500839233398438 26.726833343505859375 26.790666580200195313 26.805665969848632813 26.842166900634765625 26.801166534423828125 26.771333694458007813 26.762500762939453125 26.760334014892578125 26.759500503540039063 26.756666183471679688 26.735666275024414063 26.705167770385742188 26.69183349609375 26.689332962036132813 26.674165725708007813 26.645833969116210938 26.6313323974609375 26.622833251953125 26.584333419799804688 26.52266693115234375 26.417999267578125 26.348499298095703125 26.342500686645507813 26.265499114990234375 26.1725006103515625 26.124166488647460938 26.132665634155273438 26.168001174926757813 26.1378326416015625 26.1078338623046875 26.086332321166992188 26.063167572021484375 26.054500579833984375 25.988666534423828125 25.7285003662109375 25.774333953857421875 25.641666412353515625 25.48583221435546875 25.465999603271484375 25.528333663940429688 25.520166397094726563 25.429666519165039063 25.42350006103515625 25.350500106811523438 25.237667083740234375 25.14550018310546875
26.755001068115234375 26.741666793823242188 26.7263336181640625 26.712999343872070313 26.756834030151367188 26.727666854858398438 26.75533294677734375 26.791833877563476563 26.803167343139648438 26.787000656127929688 26.756999969482421875 26.733333587646484375 26.697834014892578125 26.696832656860351563 26.685167312622070313 26.661167144775390625 26.64133453369140625 26.620166778564453125 26.63033294677734375 26.640666961669921875 26.608333587646484375 26.596500396728515625 26.601667404174804688 26.493833541870117188 26.40716552734375 26.345666885375976563 26.223501205444335938 26.136667251586914063 26.11316680908203125 26.122499465942382813 26.156000137329101563 26.164667129516601563 26.120332717895507813 26.091833114624023438 26.080499649047851563 26.031000137329101563 25.978666305541992188 25.851999282836914063 25.80916595458984375 25.658000946044921875 25.418832778930664063 25.358165740966796875 25.476167678833007813 25.510833740234375 25.490667343139648438 25.433666229248046875 25.413499832153320313 25.263666152954101563 25.157167434692382813
26.807332992553710938 26.802499771118164063 26.796667098999023438 26.76633453369140625 26.711833953857421875 26.639499664306640625 26.71649932861328125 26.771333694458007813 26.802000045776367188 26.768999099731445313 26.727832794189453125 26.7220001220703125 26.7135009765625 26.676166534423828125 26.628665924072265625 26.594499588012695313 26.546167373657226563 26.510833740234375 26.493000030517578125 26.513500213623046875 26.53033447265625 26.524166107177734375 26.552165985107421875 26.496334075927734375 26.4524993896484375 26.319833755493164063 26.161333084106445313 26.135000228881835938 26.130167007446289063 26.062999725341796875 26.051166534423828125 26.161167144775390625 26.113834381103515625 26.0388336181640625 26.062334060668945313 25.988500595092773438 25.888666152954101563 25.798166275024414063 25.758832931518554688 25.599832534790039063 25.343999862670898438 25.247165679931640625 25.347333908081054688 25.392000198364257813 25.429666519165039063 25.525333404541015625 25.493333816528320313 25.371999740600585938 25.22733306884765625
26.769500732421875 26.756166458129882813 26.74033355712890625 26.744167327880859375 26.708665847778320313 26.6334991455078125 26.645000457763671875 26.604333877563476563 26.620332717895507813 26.671833038330078125 26.703832626342773438 26.700166702270507813 26.677165985107421875 26.635166168212890625 26.58416748046875 26.547332763671875 26.509500503540039063 26.458833694458007813 26.377166748046875 26.345333099365234375 26.39749908447265625 26.423999786376953125 26.422332763671875 26.393999099731445313 26.358167648315429688 26.238500595092773438 26.124666213989257813 26.139499664306640625 26.133832931518554688 26.066499710083007813 25.981500625610351563 26.0453338623046875 26.048666000366210938 26.002834320068359375 25.93216705322265625 25.874500274658203125 25.80699920654296875 25.792999267578125 25.6790008544921875 25.463167190551757813 25.317667007446289063 25.243000030517578125 25.201999664306640625 25.190000534057617188 25.31583404541015625 25.437833786010742188 25.338167190551757813 25.312999725341796875 25.2241668701171875
26.748167037963867188 26.71649932861328125 26.687166213989257813 26.67449951171875 26.692667007446289063 26.64749908447265625 26.61316680908203125 26.486665725708007813 26.46866607666015625 26.542333602905273438 26.62933349609375 26.6078338623046875 26.545000076293945313 26.569166183471679688 26.597833633422851563 26.552499771118164063 26.5128326416015625 26.491666793823242188 26.445333480834960938 26.389333724975585938 26.419834136962890625 26.405834197998046875 26.339666366577148438 26.288000106811523438 26.268833160400390625 26.184999465942382813 26.088666915893554688 26.073499679565429688 26.078166961669921875 26.092166900634765625 26.04850006103515625 26.006666183471679688 26.00533294677734375 25.916334152221679688 25.835666656494140625 25.756999969482421875 25.774166107177734375 25.739000320434570313 25.537500381469726563 25.287332534790039063 25.153167724609375 25.143667221069335938 25.162500381469726563 25.04433441162109375 25.070833206176757813 25.202667236328125 25.156665802001953125 25.123167037963867188 25.066499710083007813
26.756000518798828125 26.728000640869140625 26.70800018310546875 26.672832489013671875 26.642000198364257813 26.635999679565429688 26.663166046142578125 26.565332412719726563 26.54083251953125 26.517999649047851563 26.57216644287109375 26.58300018310546875 26.557832717895507813 26.618333816528320313 26.660165786743164063 26.604833602905273438 26.545833587646484375 26.54433441162109375 26.526666641235351563 26.47750091552734375 26.458166122436523438 26.435167312622070313 26.334667205810546875 26.22299957275390625 26.186832427978515625 26.158666610717773438 26.076166152954101563 26.039499282836914063 26.02916717529296875 26.017333984375 25.9871673583984375 25.976667404174804688 25.993000030517578125 25.912500381469726563 25.808332443237304688 25.75966644287109375 25.768167495727539063 25.68433380126953125 25.450834274291992188 25.198499679565429688 24.958333969116210938 24.957666397094726563 25.096166610717773438 24.956666946411132813 24.89983367919921875 24.988500595092773438 24.8856658935546875 24.690166473388671875 24.74449920654296875
26.74883270263671875 26.694166183471679688 26.694334030151367188 26.687665939331054688 26.653165817260742188 26.6529998779296875 26.681667327880859375 26.655834197998046875 26.606332778930664063 26.619167327880859375 26.641332626342773438 26.663999557495117188 26.71866607666015625 26.747833251953125 26.724332809448242188 26.674999237060546875 26.584333419799804688 26.539501190185546875 26.495166778564453125 26.43433380126953125 26.397832870483398438 26.3836669921875 26.344999313354492188 26.1959991455078125 26.125499725341796875 26.107166290283203125 26.034334182739257813 26.011499404907226563 25.978666305541992188 25.945165634155273438 25.922166824340820313 25.944334030151367188 25.9503326416015625 25.895999908447265625 25.860500335693359375 25.84600067138671875 25.751499176025390625 25.651166915893554688 25.5193328857421875 25.319166183471679688 25.177499771118164063 25.131834030151367188 24.976999282836914063 24.846500396728515625 24.844499588012695313 24.786832809448242188 24.733499526977539063 24.540332794189453125 24.473333358764648438
26.762166976928710938 26.71216583251953125 26.677000045776367188 26.638334274291992188 26.619832992553710938 26.618499755859375 26.63466644287109375 26.667833328247070313 26.613500595092773438 26.63683319091796875 26.637166976928710938 26.613332748413085938 26.63249969482421875 26.64983367919921875 26.656499862670898438 26.663333892822265625 26.589000701904296875 26.48583221435546875 26.466167449951171875 26.428501129150390625 26.395833969116210938 26.377500534057617188 26.342166900634765625 26.247999191284179688 26.150499343872070313 26.104333877563476563 25.992334365844726563 25.983999252319335938 25.973833084106445313 25.944665908813476563 25.883333206176757813 25.871166229248046875 25.832666397094726563 25.83516693115234375 25.801000595092773438 25.885999679565429688 25.74466705322265625 25.601667404174804688 25.525167465209960938 25.50116729736328125 25.47299957275390625 25.401666641235351563 25.05933380126953125 24.788499832153320313 24.732000350952148438 24.599500656127929688 24.615999221801757813 24.399499893188476563 24.183000564575195313
26.749666213989257813 26.728166580200195313 26.670999526977539063 26.611499786376953125 26.581167221069335938 26.566499710083007813 26.574832916259765625 26.610666275024414063 26.649499893188476563 26.619832992553710938 26.626832962036132813 26.656000137329101563 26.5926666259765625 26.528499603271484375 26.515666961669921875 26.538665771484375 26.579500198364257813 26.517665863037109375 26.433332443237304688 26.376333236694335938 26.360834121704101563 26.358667373657226563 26.31683349609375 26.28783416748046875 26.202833175659179688 26.096500396728515625 26.00966644287109375 25.89749908447265625 25.904333114624023438 25.850500106811523438 25.779333114624023438 25.716333389282226563 25.729665756225585938 25.769666671752929688 25.799165725708007813 25.876499176025390625 25.787332534790039063 25.649333953857421875 25.591333389282226563 25.497333526611328125 25.509332656860351563 25.570833206176757813 25.503999710083007813 25.077667236328125 24.652334213256835938 24.53133392333984375 24.618333816528320313 24.5236663818359375 24.298000335693359375
26.714166641235351563 26.680833816528320313 26.617666244506835938 26.577167510986328125 26.551332473754882813 26.541500091552734375 26.507333755493164063 26.507833480834960938 26.543498992919921875 26.548833847045898438 26.592500686645507813 26.635499954223632813 26.593999862670898438 26.516500473022460938 26.488834381103515625 26.484666824340820313 26.473499298095703125 26.447666168212890625 26.412000656127929688 26.371999740600585938 26.3600006103515625 26.355333328247070313 26.318332672119140625 26.272500991821289063 26.22100067138671875 26.135833740234375 25.987833023071289063 25.876333236694335938 25.89116668701171875 25.807332992553710938 25.746999740600585938 25.62616729736328125 25.583665847778320313 25.563833236694335938 25.61100006103515625 25.72299957275390625 25.697832107543945313 25.743165969848632813 25.73600006103515625 25.610500335693359375 25.514333724975585938 25.583833694458007813 25.508501052856445313 25.05716705322265625 24.727499008178710938 24.550333023071289063 24.501501083374023438 24.45366668701171875 24.332332611083984375
26.696332931518554688 26.656999588012695313 26.6035003662109375 26.577833175659179688 26.544666290283203125 26.503833770751953125 26.474832534790039063 26.445333480834960938 26.479000091552734375 26.521167755126953125 26.58283233642578125 26.668498992919921875 26.6614990234375 26.534666061401367188 26.468000411987304688 26.489665985107421875 26.468500137329101563 26.423999786376953125 26.376333236694335938 26.353666305541992188 26.323999404907226563 26.3040008544921875 26.278833389282226563 26.236333847045898438 26.17783355712890625 26.108999252319335938 26.016000747680664063 25.941499710083007813 25.907833099365234375 25.703500747680664063 25.618999481201171875 25.53549957275390625 25.459833145141601563 25.408666610717773438 25.473499298095703125 25.556667327880859375 25.546833038330078125 25.529499053955078125 25.609666824340820313 25.582834243774414063 25.538000106811523438 25.573667526245117188 25.57550048828125 25.25966644287109375 24.884166717529296875 24.583333969116210938 24.316165924072265625 24.265499114990234375 24.072666168212890625
26.694833755493164063 26.67133331298828125 26.631166458129882813 26.616498947143554688 26.5818328857421875 26.524499893188476563 26.498167037963867188 26.482666015625 26.496500015258789063 26.490667343139648438 26.525667190551757813 26.612499237060546875 26.660999298095703125 26.554666519165039063 26.431165695190429688 26.429332733154296875 26.424333572387695313 26.399499893188476563 26.34366607666015625 26.327167510986328125 26.2888336181640625 26.256500244140625 26.217332839965820313 26.163000106811523438 26.111333847045898438 26.045499801635742188 25.977499008178710938 25.928167343139648438 25.8834991455078125 25.704166412353515625 25.564666748046875 25.485334396362304688 25.36750030517578125 25.3188323974609375 25.388500213623046875 25.4051666259765625 25.5301666259765625 25.537166595458984375 25.551332473754882813 25.523332595825195313 25.4698333740234375 25.492000579833984375 25.517999649047851563 25.482332229614257813 25.326166152954101563 24.628665924072265625 24.24883270263671875 23.965166091918945313 23.790332794189453125
26.713499069213867188 26.697500228881835938 26.685499191284179688 26.682500839233398438 26.697999954223632813 26.653667449951171875 26.612667083740234375 26.602167129516601563 26.578166961669921875 26.55066680908203125 26.532499313354492188 26.50316619873046875 26.52033233642578125 26.496000289916992188 26.42133331298828125 26.388833999633789063 26.391000747680664063 26.346334457397460938 26.31783294677734375 26.29216766357421875 26.283166885375976563 26.27483367919921875 26.218000411987304688 26.117000579833984375 26.054500579833984375 25.983165740966796875 25.914165496826171875 25.866832733154296875 25.77483367919921875 25.640666961669921875 25.609167098999023438 25.496334075927734375 25.422000885009765625 25.337999343872070313 25.330499649047851563 25.4203338623046875 25.4568328857421875 25.4871673583984375 25.457166671752929688 25.506166458129882813 25.394500732421875 25.18633270263671875 25.177999496459960938 25.330165863037109375 25.337667465209960938 24.995332717895507813 24.505498886108398438 23.913665771484375 23.7628326416015625
26.746000289916992188 26.734832763671875 26.748500823974609375 26.740167617797851563 26.771333694458007813 26.743165969848632813 26.718166351318359375 26.589834213256835938 26.610500335693359375 26.642333984375 26.642499923706054688 26.5839996337890625 26.454833984375 26.459499359130859375 26.455499649047851563 26.373666763305664063 26.3643341064453125 26.34799957275390625 26.297166824340820313 26.279001235961914063 26.235666275024414063 26.189167022705078125 26.138833999633789063 26.090166091918945313 26.014833450317382813 25.934999465942382813 25.862833023071289063 25.801500320434570313 25.7046661376953125 25.571500778198242188 25.578166961669921875 25.646165847778320313 25.59383392333984375 25.583665847778320313 25.520833969116210938 25.442499160766601563 25.434000015258789063 25.440166473388671875 25.302165985107421875 25.233667373657226563 24.97833251953125 24.599832534790039063 24.551666259765625 25.049167633056640625 25.26416778564453125 25.125165939331054688 24.527666091918945313 24.135999679565429688 24.088167190551757813
26.739332199096679688 26.74900054931640625 26.798666000366210938 26.8125 26.827333450317382813 26.767499923706054688 26.726499557495117188 26.611833572387695313 26.50099945068359375 26.449499130249023438 26.579500198364257813 26.484333038330078125 26.3899993896484375 26.42449951171875 26.384500503540039063 26.346666336059570313 26.330499649047851563 26.353166580200195313 26.3296661376953125 26.263334274291992188 26.198333740234375 26.167499542236328125 26.125667572021484375 26.0410003662109375 25.968334197998046875 25.908166885375976563 25.852666854858398438 25.762166976928710938 25.733667373657226563 25.67449951171875 25.684833526611328125 25.644500732421875 25.679166793823242188 25.652500152587890625 25.613666534423828125 25.492000579833984375 25.36750030517578125 25.338167190551757813 25.225500106811523438 25.11750030517578125 24.774166107177734375 24.514833450317382813 24.686832427978515625 24.788499832153320313 24.790666580200195313 24.711999893188476563 24.933332443237304688 24.702667236328125 24.355499267578125
26.734832763671875 26.797666549682617188 26.893499374389648438 26.88800048828125 26.772167205810546875 26.710000991821289063 26.548666000366210938 26.51399993896484375 26.470333099365234375 26.440166473388671875 26.426166534423828125 26.376499176025390625 26.406667709350585938 26.392999649047851563 26.314332962036132813 26.286500930786132813 26.290166854858398438 26.284999847412109375 26.299333572387695313 26.25433349609375 26.186834335327148438 26.143833160400390625 26.0948333740234375 26.032833099365234375 25.927499771118164063 25.88899993896484375 25.908166885375976563 25.873167037963867188 25.864999771118164063 25.711500167846679688 25.654499053955078125 25.63033294677734375 25.654499053955078125 25.673334121704101563 25.593166351318359375 25.505832672119140625 25.401166915893554688 25.291833877563476563 24.96666717529296875 24.8231658935546875 24.748332977294921875 24.616167068481445313 24.788333892822265625 24.861499786376953125 24.83933258056640625 24.426166534423828125 24.593334197998046875 24.859666824340820313 24.797666549682617188
26.715333938598632813 26.793500900268554688 26.92449951171875 26.810167312622070313 26.69933319091796875 26.576999664306640625 26.482500076293945313 26.510166168212890625 26.409334182739257813 26.354833602905273438 26.402332305908203125 26.414667129516601563 26.407667160034179688 26.423000335693359375 26.323833465576171875 26.250165939331054688 26.230833053588867188 26.244832992553710938 26.259166717529296875 26.215333938598632813 26.163000106811523438 26.101833343505859375 26.024499893188476563 25.986333847045898438 25.85666656494140625 25.8986663818359375 25.963167190551757813 25.99900054931640625 25.958667755126953125 25.854000091552734375 25.697666168212890625 25.668333053588867188 25.6336669921875 25.665666580200195313 25.572834014892578125 25.445833206176757813 25.394166946411132813 25.313333511352539063 24.822500228881835938 24.722333908081054688 24.499834060668945313 24.546833038330078125 24.690500259399414063 24.749834060668945313 24.82216644287109375 24.777666091918945313 24.704000473022460938 24.74883270263671875 24.780834197998046875
26.800500869750976563 26.848833084106445313 26.880832672119140625 26.772500991821289063 26.70583343505859375 26.569665908813476563 26.52899932861328125 26.534999847412109375 26.455333709716796875 26.300167083740234375 26.314332962036132813 26.365499496459960938 26.404333114624023438 26.321001052856445313 26.300333023071289063 26.320499420166015625 26.321832656860351563 26.28766632080078125 26.2888336181640625 26.220167160034179688 26.1508331298828125 26.062833786010742188 25.97299957275390625 25.921833038330078125 25.850000381469726563 25.795166015625 25.931333541870117188 26.063833236694335938 26.014833450317382813 25.991666793823242188 25.893833160400390625 25.790166854858398438 25.794332504272460938 25.725833892822265625 25.616666793823242188 25.551666259765625 25.427999496459960938 25.213499069213867188 24.666166305541992188 24.448665618896484375 24.304332733154296875 24.577667236328125 24.73583221435546875 24.73816680908203125 24.732999801635742188 24.778165817260742188 24.642999649047851563 24.556833267211914063 24.522832870483398438
