data/aspect.asc
ncols        384
nrows        480
xllcorner    138.000000000000
yllcorner    -29.000000000000
cellsize     0.041666666667
NODATA_value -9999
[rows 198 to 219 of 480, columns 150 to 199 of 384]
287.20660400390625 280.62713623046875 290.039794921875 302.00787353515625 325.979766845703125 323.6468505859375 303.172943115234375 336.11962890625 30.445703506469726563 291.4490966796875 250.315338134765625 236.7169952392578125 243.9411468505859375 265.541656494140625 103.5431060791015625 101.20891571044921875 109.756439208984375 292.651336669921875 21.90478515625 303.377685546875 274.750579833984375 267.769775390625 282.06243896484375 27.5811309814453125 29.25627899169921875 316.78076171875 310.453216552734375 346.295074462890625 64.1918182373046875 82.25140380859375 77.17433929443359375 40.692790985107421875 308.3768310546875 59.207569122314453125 73.31269073486328125 66.19886016845703125 272.033233642578125 242.1822967529296875 138.50592041015625 94.007598876953125 82.1988677978515625 88.9078521728515625 146.5066070556640625 272.589874267578125 272.890228271484375 -9999 -9999 -9999 -9999 -9999
265.494140625 289.355682373046875 304.478363037109375 304.53460693359375 310.8687744140625 297.441375732421875 284.973907470703125 305.185272216796875 31.718151092529296875 349.3360595703125 277.283935546875 255.1586456298828125 242.1846160888671875 211.4235382080078125 111.65225982666015625 91.58527374267578125 46.9561767578125 309.23590087890625 349.68377685546875 344.682830810546875 327.93231201171875 294.839599609375 267.0147705078125 303.940185546875 14.040920257568359375 291.8702392578125 261.726837158203125 238.4495391845703125 77.68975067138671875 72.1624603271484375 55.937694549560546875 26.16725921630859375 324.950897216796875 29.313686370849609375 48.373809814453125 49.92163848876953125 13.582154273986816406 276.999908447265625 144.68255615234375 114.2334136962890625 120.6023101806640625 151.468048095703125 272.589874267578125 273.19061279296875 253.332244873046875 213.8522491455078125 -9999 -9999 -9999 -9999
292.1846923828125 314.7794189453125 331.922454833984375 338.860992431640625 343.59326171875 264.873626708984375 252.81048583984375 223.7595672607421875 194.334014892578125 295.288543701171875 290.4090576171875 266.642608642578125 240.45281982421875 209.525238037109375 132.08026123046875 85.69045257568359375 27.308702468872070313 279.85455322265625 297.741607666015625 322.47967529296875 324.214935302734375 313.605194091796875 280.5242919921875 293.116485595703125 337.336395263671875 304.215087890625 275.2357177734375 249.91131591796875 79.07470703125 67.9660797119140625 50.30306243896484375 35.095897674560546875 65.31159210205078125 234.21221923828125 62.99530792236328125 63.628894805908203125 343.351165771484375 7.3302593231201171875 72.446563720703125 105.39052581787109375 130.4811553955078125 272.589874267578125 273.79132080078125 253.6962432861328125 213.8522491455078125 215.17144775390625 -9999 -9999 -9999 -9999
252.6554412841796875 263.066131591796875 266.99945068359375 145.24957275390625 182.5462799072265625 232.0849609375 230.0200653076171875 203.7942962646484375 203.412750244140625 214.5844573974609375 216.26739501953125 223.1649627685546875 210.1068115234375 206.5853424072265625 187.17462158203125 68.53879547119140625 8.4132261276245117188 307.281890869140625 236.16748046875 238.552825927734375 270.902557373046875 308.961578369140625 299.967254638671875 309.12847900390625 334.21307373046875 298.89495849609375 256.15777587890625 227.1194610595703125 197.7215576171875 61.138607025146484375 50.988361358642578125 54.879547119140625 86.76461029052734375 154.752166748046875 171.9750518798828125 130.36572265625 222.51708984375 165.09747314453125 104.04477691650390625 96.13962554931640625 89.1260986328125 274.9927978515625 254.5514984130859375 213.8522491455078125 216.49066162109375 215.4835357666015625 -9999 -9999 -9999 -9999
279.56756591796875 235.813079833984375 203.182891845703125 177.3882904052734375 233.0755767822265625 215.516143798828125 201.321441650390625 208.1725006103515625 213.340484619140625 214.97064208984375 206.332855224609375 214.0732574462890625 226.146392822265625 244.737640380859375 261.044677734375 322.499755859375 341.578704833984375 11.759202957153320313 354.70941162109375 294.567840576171875 299.288421630859375 315.829681396484375 316.229248046875 336.046295166015625 134.84124755859375 213.69873046875 199.2648773193359375 254.381500244140625 291.001739501953125 26.424716949462890625 59.52571868896484375 71.1283721923828125 80.73856353759765625 101.86544036865234375 150.8327484130859375 130.059661865234375 169.1749725341796875 160.0670623779296875 130.9076385498046875 111.1788177490234375 53.750614166259765625 256.771087646484375 213.8522491455078125 219.1290740966796875 216.107696533203125 211.500946044921875 -9999 -9999 -9999 -9999
356.411376953125 338.883148193359375 240.2201080322265625 267.35595703125 299.746368408203125 24.913928985595703125 326.6295166015625 301.82080078125 295.883758544921875 256.90838623046875 237.0336456298828125 252.8759765625 263.241485595703125 264.2264404296875 267.2608642578125 275.416473388671875 284.27056884765625 0.59846580028533935547 16.220994949340820313 312.787841796875 289.958587646484375 292.5445556640625 299.18145751953125 74.43939208984375 119.1246185302734375 216.7523193359375 255.2447967529296875 286.615142822265625 282.02984619140625 355.325897216796875 62.035488128662109375 58.500896453857421875 56.272426605224609375 75.35947418212890625 104.40899658203125 129.7241668701171875 104.98027801513671875 105.3568878173828125 108.01808929443359375 80.0935211181640625 64.27304840087890625 100.23468780517578125 224.4058990478515625 215.3417510986328125 201.9044952392578125 208.7830047607421875 227.3163909912109375 -9999 -9999 -9999
339.0111083984375 14.841890335083007813 20.297689437866210938 268.7774658203125 257.464691162109375 340.857879638671875 336.276763916015625 335.0164794921875 347.182586669921875 355.46990966796875 329.245819091796875 271.71893310546875 251.48809814453125 237.551727294921875 234.7164459228515625 239.2829742431640625 244.1538848876953125 255.093780517578125 356.294097900390625 329.6124267578125 276.785064697265625 248.9694976806640625 242.1302032470703125 100.9410247802734375 87.74196624755859375 241.0611419677734375 263.758331298828125 272.893463134765625 252.17340087890625 240.254913330078125 44.77048492431640625 58.344028472900390625 69.284088134765625 85.63536834716796875 95.45000457763671875 128.353546142578125 118.34069061279296875 105.65448760986328125 104.7071533203125 105.93416595458984375 93.233184814453125 84.339996337890625 207.7671051025390625 171.2426605224609375 189.803436279296875 227.3163909912109375 207.2545166015625 -9999 -9999 -9999
300.801055908203125 4.8674664497375488281 45.25675201416015625 330.075531005859375 252.5834503173828125 257.286956787109375 288.318206787109375 311.026397705078125 337.193145751953125 3.2302746772766113281 3.972057342529296875 321.128753662109375 272.420379638671875 252.25347900390625 255.5248260498046875 251.1099090576171875 245.0518646240234375 257.101837158203125 271.571319580078125 309.16748046875 226.1659698486328125 216.7768707275390625 220.2571258544921875 185.0331878662109375 108.5674591064453125 190.1805419921875 241.6446685791015625 223.2558135986328125 217.175384521484375 225.4482421875 213.4767608642578125 90.75351715087890625 84.8523406982421875 77.221160888671875 73.1805877685546875 77.933563232421875 96.4714202880859375 84.72925567626953125 54.14499664306640625 42.212982177734375 65.84516143798828125 79.20058441162109375 81.55498504638671875 145.3129425048828125 227.3163909912109375 187.1926422119140625 193.995361328125 -9999 -9999 -9999
256.64569091796875 254.9562225341796875 47.305080413818359375 21.026947021484375 317.43817138671875 288.444580078125 279.245941162109375 249.6712188720703125 258.213165283203125 317.565704345703125 358.6497802734375 0.26065394282341003418 338.164581298828125 287.742706298828125 262.974945068359375 256.177734375 275.57037353515625 280.95928955078125 257.66009521484375 179.091094970703125 169.9591064453125 207.3526458740234375 208.12054443359375 188.52935791015625 148.1170501708984375 171.3945159912109375 224.5571441650390625 212.117645263671875 215.188201904296875 230.718292236328125 229.97308349609375 99.5615997314453125 91.33666229248046875 92.12599945068359375 83.21010589599609375 83.57379150390625 82.83698272705078125 62.448627471923828125 46.61875152587890625 54.311542510986328125 71.08574676513671875 68.9632110595703125 64.6132965087890625 227.3163909912109375 147.0688934326171875 167.4770660400390625 159.2339630126953125 -9999 -9999 -9999
236.87261962890625 225.617645263671875 264.12939453125 21.676584243774414063 329.584564208984375 300.93121337890625 312.16400146484375 329.270782470703125 306.570587158203125 290.123748779296875 317.3099365234375 6.0085701942443847656 1.4558784961700439453 330.90740966796875 306.960205078125 283.70550537109375 283.74578857421875 283.0966796875 216.054351806640625 153.7914276123046875 162.0980377197265625 199.5916290283203125 178.5035858154296875 174.9095306396484375 168.389007568359375 227.596710205078125 267.3236083984375 240.58258056640625 246.568206787109375 259.438507080078125 268.82470703125 103.224365234375 112.1884918212890625 134.972930908203125 99.63787841796875 64.75608062744140625 48.761241912841796875 49.187625885009765625 71.0348663330078125 85.63878631591796875 70.9521331787109375 48.56797027587890625 65.26177978515625 66.82138824462890625 128.045928955078125 123.03217315673828125 130.1835784912109375 -9999 -9999 -9999
248.569976806640625 237.9869232177734375 235.209564208984375 263.91497802734375 310.165130615234375 305.99603271484375 285.329742431640625 302.4036865234375 323.770355224609375 278.396636962890625 266.413543701171875 321.135406494140625 353.33294677734375 330.99609375 341.637298583984375 313.387237548828125 287.600067138671875 273.8118896484375 160.5250244140625 142.340606689453125 144.2588653564453125 182.8640594482421875 165.4489288330078125 157.895843505859375 225.720123291015625 272.8282470703125 285.961761474609375 259.589508056640625 241.7344512939453125 231.13348388671875 208.644073486328125 127.66193389892578125 127.35892486572265625 190.8531494140625 322.991607666015625 41.454296112060546875 53.4558868408203125 70.14013671875 88.66944122314453125 100.34503173828125 118.57050323486328125 111.89424896240234375 98.85109710693359375 90 93.9817047119140625 100.041473388671875 111.89947509765625 -9999 -9999 -9999
352.357452392578125 310.24371337890625 271.66497802734375 282.298370361328125 303.912017822265625 335.688720703125 331.287872314453125 321.8447265625 325.555267333984375 325.997772216796875 293.250885009765625 292.4195556640625 330.010589599609375 302.59820556640625 321.63433837890625 325.424072265625 295.96563720703125 126.72525787353515625 142.772613525390625 147.444366455078125 124.9652862548828125 157.7416229248046875 189.4046478271484375 350.143157958984375 276.36431884765625 245.6652984619140625 212.610931396484375 188.1123809814453125 212.8001861572265625 213.479736328125 187.9647216796875 127.10166168212890625 120.19087982177734375 200.3737335205078125 222.4582672119140625 143.019317626953125 113.89096832275390625 75.40749359130859375 48.41869354248046875 45.558071136474609375 59.90179443359375 107.5528106689453125 119.0997314453125 125.1237335205078125 78.0967864990234375 112.624786376953125 111.8620147705078125 -9999 -9999 -9999
1.531563878059387207 14.611118316650390625 326.906951904296875 273.65814208984375 255.6682586669921875 275.10296630859375 319.3616943359375 357.5052490234375 355.503875732421875 335.200347900390625 340.8333740234375 333.4942626953125 322.344940185546875 292.7327880859375 286.1768798828125 300.087860107421875 287.447662353515625 122.2024078369140625 136.4063262939453125 155.556671142578125 135.5030670166015625 120.37271881103515625 239.5933837890625 270.963897705078125 299.53948974609375 228.2765045166015625 200.9106903076171875 195.98114013671875 246.5263824462890625 270.90069580078125 109.521453857421875 78.52191925048828125 55.679454803466796875 78.14764404296875 208.19244384765625 171.8885650634765625 150.9485321044921875 266.28253173828125 6.8314418792724609375 32.032176971435546875 46.8041839599609375 60.643085479736328125 66.4031982421875 19.166614532470703125 165.795867919921875 122.91977691650390625 128.9828033447265625 -9999 -9999 -9999
334.7108154296875 24.42403411865234375 1.1490590572357177734 313.79443359375 231.7605438232421875 237.9429473876953125 250.95733642578125 300.366912841796875 351.238555908203125 325.972747802734375 344.887176513671875 10.800051689147949219 350.96600341796875 328.5579833984375 304.8336181640625 297.584747314453125 115.612579345703125 118.45409393310546875 118.672454833984375 133.7944488525390625 147.2103118896484375 133.7944488525390625 187.8700103759765625 228.9057159423828125 247.8899383544921875 2.9852497577667236328 282.85919189453125 256.649444580078125 265.76226806640625 274.765838623046875 41.93714141845703125 31.8550567626953125 24.946659088134765625 58.200794219970703125 97.191650390625 167.8021697998046875 174.7902679443359375 228.804595947265625 220.429473876953125 100.39476776123046875 77.54094696044921875 75.63307952880859375 51.331768035888671875 353.097259521484375 124.86669158935546875 151.403839111328125 134.5211639404296875 -9999 -9999 -9999
314.06707763671875 347.706298828125 10.057896614074707031 24.357439041137695313 12.84343719482421875 254.2264404296875 243.620941162109375 248.701995849609375 288.3299560546875 301.16363525390625 301.841796875 19.818674087524414063 352.290069580078125 334.390472412109375 327.77410888671875 359.536651611328125 106.043487548828125 123.52573394775390625 116.4287261962890625 118.63512420654296875 139.7732391357421875 164.117950439453125 154.0411834716796875 230.3932037353515625 238.1026763916015625 195.0166473388671875 185.2286834716796875 237.1186065673828125 244.596588134765625 239.9532318115234375 201.125701904296875 8.9337759017944335938 17.186885833740234375 67.7445068359375 72.74411773681640625 99.8247222900390625 181.9792633056640625 207.1721954345703125 212.7641448974609375 180.5277862548828125 127.84210205078125 115.26016998291015625 53.352436065673828125 2.3361952304840087891 163.5489654541015625 129.2398681640625 139.174652099609375 -9999 -9999 -9999
319.674072265625 327.285919189453125 21.82871246337890625 50.7268524169921875 42.7158966064453125 333.9219970703125 270.669586181640625 260.050537109375 250.9069976806640625 223.98602294921875 210.568145751953125 207.8351898193359375 248.16119384765625 280.85009765625 282.39654541015625 104.99507904052734375 109.06659698486328125 127.3587646484375 135.9036407470703125 127.84816741943359375 114.56282806396484375 131.6652679443359375 138.5573272705078125 214.2364349365234375 220.91278076171875 199.814300537109375 190.825042724609375 201.73382568359375 227.036102294921875 242.4750213623046875 255.191619873046875 307.955596923828125 13.874731063842773438 66.0963287353515625 76.41976165771484375 81.44708251953125 126.52809906005859375 200.6829376220703125 235.457244873046875 189.022674560546875 132.304931640625 115.4288482666015625 69.02651214599609375 135.21343994140625 99.30393218994140625 136.8802337646484375 133.9793548583984375 -9999 -9999 -9999
308.98797607421875 262.844207763671875 128.093170166015625 97.66141510009765625 55.683551788330078125 343.025726318359375 314.03704833984375 278.046051025390625 254.4139251708984375 254.6479339599609375 288.1751708984375 300.334197998046875 295.746612548828125 283.40142822265625 289.862457275390625 91.0455169677734375 91.81412506103515625 96.52632904052734375 117.0289459228515625 123.37290191650390625 345.754791259765625 0.67188930511474609375 25.900379180908203125 32.500286102294921875 223.7336578369140625 247.4650115966796875 265.9102783203125 246.2403106689453125 270.46917724609375 280.534515380859375 284.061065673828125 292.0086669921875 35.08824920654296875 89.5688934326171875 93.9790802001953125 95.1855010986328125 107.4149017333984375 189.3581390380859375 230.500030517578125 184.710479736328125 160.5538330078125 175.5608978271484375 126.519744873046875 160.3621673583984375 147.787811279296875 135.817962646484375 142.2577362060546875 -9999 -9999 -9999
193.3474884033203125 188.0659637451171875 162.8308258056640625 130.0729827880859375 7.8897809982299804688 326.06060791015625 326.651947021484375 323.85693359375 300.763519287109375 303.872406005859375 316.577423095703125 323.640106201171875 337.25177001953125 319.838134765625 336.33184814453125 55.87259674072265625 63.46779632568359375 60.72008514404296875 50.97461700439453125 2.4566400051116943359 309.649627685546875 323.790924072265625 20.731153488159179688 54.6193084716796875 69.62375640869140625 265.078857421875 271.936309814453125 311.690338134765625 290.868438720703125 277.1217041015625 252.824798583984375 249.46527099609375 120.9935455322265625 106.66448974609375 103.3608551025390625 98.921356201171875 90.84429168701171875 96.8278350830078125 211.026519775390625 186.2024383544921875 194.100799560546875 175.5315704345703125 145.9451751708984375 144.27569580078125 160.3621673583984375 154.074981689453125 150.0850372314453125 -9999 -9999 -9999
193.567169189453125 210.209136962890625 212.068267822265625 276.99957275390625 314.707733154296875 309.997039794921875 315.663177490234375 331.87384033203125 326.24993896484375 320.82012939453125 304.63189697265625 287.704132080078125 305.333465576171875 306.680450439453125 321.256622314453125 63.422573089599609375 68.90239715576171875 53.8838043212890625 35.034832000732421875 9.018768310546875 322.55670166015625 269.675323486328125 14.955880165100097656 72.80335235595703125 68.8500823974609375 244.5952301025390625 220.50909423828125 239.747711181640625 255.6507110595703125 239.3117523193359375 222.3157958984375 232.712310791015625 174.680267333984375 103.2491455078125 93.89211273193359375 69.722259521484375 44.93241119384765625 53.319545745849609375 60.118503570556640625 73.75061798095703125 185.9612884521484375 170.1273956298828125 203.128814697265625 145.9451751708984375 150.1943511962890625 160.3621673583984375 157.2185821533203125 -9999 -9999 -9999
265.383514404296875 263.4815673828125 254.9712677001953125 258.6038818359375 277.43841552734375 289.861236572265625 294.800811767578125 298.895751953125 310.429473876953125 333.40966796875 339.277984619140625 324.577392578125 318.738067626953125 311.28955078125 336.454010009765625 57.710933685302734375 59.993560791015625 45.204273223876953125 29.521680831909179688 13.867435455322265625 19.482152938842773438 294.028656005859375 309.685089111328125 63.365631103515625 62.7009735107421875 56.771728515625 254.364898681640625 265.025543212890625 253.0897064208984375 233.0335845947265625 230.98779296875 209.4838104248046875 186.0317840576171875 79.6425018310546875 51.369518280029296875 45.199146270751953125 61.188526153564453125 51.031749725341796875 21.95975494384765625 42.46026611328125 49.923358917236328125 320.911102294921875 172.1466522216796875 164.5632476806640625 145.9451751708984375 152.167236328125 160.3621673583984375 -9999 -9999 -9999
276.4251708984375 260.986663818359375 244.9332427978515625 238.56549072265625 259.83563232421875 279.770294189453125 299.990966796875 300.736968994140625 297.5555419921875 315.092315673828125 341.130279541015625 353.637054443359375 348.268524169921875 330.2523193359375 354.755279541015625 42.945453643798828125 47.7567596435546875 47.141574859619140625 24.778692245483398438 2.1955180168151855469 25.168313980102539063 334.502105712890625 325.2216796875 52.647800445556640625 66.38636016845703125 68.3072967529296875 265.241912841796875 277.37042236328125 302.360198974609375 319.477569580078125 312.114532470703125 134.0520477294921875 180.1219024658203125 172.5112457275390625 42.862033843994140625 57.405323028564453125 62.239543914794921875 6.5037412643432617188 3.7541718482971191406 35.705291748046875 47.80934906005859375 25.401439666748046875 137.0323333740234375 123.08031463623046875 116.32434844970703125 103.22046661376953125 88.9788970947265625 88.9788970947265625 88.9788970947265625 88.9788970947265625
270 263.93048095703125 254.91326904296875 253.891632080078125 263.766815185546875 274.84429931640625 299.989715576171875 323.229278564453125 317.61669921875 314.721527099609375 331.14154052734375 352.50372314453125 356.053863525390625 346.601226806640625 12.208101272583007813 50.82492828369140625 58.59925079345703125 59.924102783203125 44.522922515869140625 7.63037872314453125 68.55181121826171875 317.162994384765625 299.615325927734375 57.941204071044921875 71.7986602783203125 78.12671661376953125 226.2592620849609375 228.248870849609375 208.117828369140625 201.6051483154296875 186.0385894775390625 133.2009735107421875 153.68365478515625 218.32891845703125 180.7578277587890625 62.3344573974609375 45.9441070556640625 359.348541259765625 6.5815343856811523438 57.314121246337890625 66.16040802001953125 64.78444671630859375 60.061962127685546875 86.39958953857421875 88.9788970947265625 88.9788970947265625 88.9788970947265625 88.9788970947265625 88.9788970947265625 88.9788970947265625
