data/aspect.asc
ncols        384
nrows        480
xllcorner    138.000000000000
yllcorner    -29.000000000000
cellsize     0.041666666667
NODATA_value -9999
[rows 374 to 395 of 480, columns 300 to 349 of 384]
26.609628677368164063 348.98382568359375 339.20428466796875 349.3897705078125 342.1204833984375 356.92034912109375 328.605072021484375 295.573150634765625 310.883819580078125 1.1865901947021484375 101.40477752685546875 135.5545654296875 230.4074249267578125 172.1989288330078125 197.4593048095703125 228.286346435546875 145.42730712890625 107.6861572265625 104.11440277099609375 40.200244903564453125 13.188863754272460938 10.130070686340332031 273.881103515625 253.2858428955078125 135.2419281005859375 97.5642547607421875 93.323394775390625 32.1314239501953125 307.368011474609375 12.372981071472167969 65.69207000732421875 79.94792938232421875 356.096099853515625 5.5570912361145019531 357.68426513671875 351.980621337890625 42.597431182861328125 74.35467529296875 62.404567718505859375 46.616863250732421875 52.26129150390625 53.46717071533203125 48.857757568359375 29.603689193725585938 10.671679496765136719 -9999 -9999 -9999 -9999 -9999
337.72674560546875 335.820343017578125 330.29608154296875 7.0712938308715820313 351.504852294921875 344.87158203125 339.016693115234375 290.7794189453125 286.971527099609375 39.786518096923828125 76.5107879638671875 91.6315765380859375 194.475555419921875 170.6539306640625 164.7887725830078125 215.0058135986328125 185.4847259521484375 103.7327423095703125 40.036098480224609375 344.60504150390625 27.306304931640625 79.66596221923828125 202.8401031494140625 254.64141845703125 142.211944580078125 99.5457916259765625 79.7264862060546875 38.913848876953125 276.7301025390625 58.39279937744140625 81.36297607421875 62.332164764404296875 337.91839599609375 337.09765625 354.99761962890625 21.66164398193359375 63.587459564208984375 66.24216461181640625 46.616863250732421875 55.49396514892578125 58.076580047607421875 48.857757568359375 29.281629562377929688 10.671679496765136719 19.922262191772460938 17.395242691040039063 13.848541259765625 8.8771991729736328125 -9999 -9999
300.938629150390625 321.758453369140625 319.08990478515625 40.421138763427734375 42.636417388916015625 302.2606201171875 310.776275634765625 267.490386962890625 241.823211669921875 170.8551483154296875 90.41161346435546875 94.75635528564453125 170.283660888671875 242.081512451171875 95.22946929931640625 180.820037841796875 208.279144287109375 151.15362548828125 292.053558349609375 303.649383544921875 73.1310577392578125 88.4823455810546875 144.2550811767578125 224.52410888671875 157.33367919921875 115.83020782470703125 74.8036956787109375 53.64910125732421875 256.513641357421875 173.979705810546875 95.6097564697265625 59.583766937255859375 331.9295654296875 318.6260986328125 350.235443115234375 48.0518646240234375 64.605438232421875 50.793365478515625 59.205837249755859375 67.29540252685546875 48.857757568359375 28.315450668334960938 10.671679496765136719 25.708841323852539063 24.488645553588867188 18.819883346557617188 8.8771991729736328125 160.1952056884765625 323.68048095703125 -9999
275.05999755859375 279.780670166015625 207.2181396484375 133.234405517578125 159.9824371337890625 255.579193115234375 248.1524505615234375 217.7840423583984375 208.1449127197265625 207.474212646484375 115.59192657470703125 87.66989898681640625 118.67011260986328125 227.5429534912109375 141.914459228515625 151.021087646484375 219.74285888671875 183.3680419921875 224.5146484375 252.2077178955078125 50.8214111328125 62.077632904052734375 61.359516143798828125 182.9237060546875 155.342987060546875 144.080474853515625 140.3452301025390625 84.46660614013671875 54.200927734375 121.5216217041015625 110.2637176513671875 58.76143646240234375 334.98370361328125 295.467376708984375 190.0886383056640625 95.43938446044921875 79.86353302001953125 72.7816162109375 77.99954986572265625 66.9618988037109375 25.416913986206054688 10.671679496765136719 27.574951171875 35.826171875 28.76256561279296875 8.8771991729736328125 148.027923583984375 323.68048095703125 191.8534698486328125 51.113727569580078125
261.332489013671875 257.981597900390625 122.21465301513671875 117.8631591796875 181.0381622314453125 220.415252685546875 209.28460693359375 170.5213470458984375 203.4312744140625 258.330596923828125 344.83740234375 72.9201507568359375 81.9114837646484375 187.012054443359375 164.94329833984375 195.048065185546875 232.18621826171875 160.4660797119140625 225.5177764892578125 239.0540924072265625 267.07635498046875 53.322864532470703125 60.12598419189453125 39.908245086669921875 31.545536041259765625 54.849334716796875 105.95139312744140625 147.2952117919921875 131.277191162109375 130.112091064453125 168.6256103515625 162.652435302734375 317.663421630859375 156.3789520263671875 182.0198822021484375 113.8062591552734375 79.37369537353515625 76.97015380859375 67.3247222900390625 56.2205810546875 9.5479249954223632813 1.0268154144287109375 49.95337677001953125 48.6479339599609375 8.8771991729736328125 111.5260772705078125 323.68048095703125 200.7661895751953125 51.113727569580078125 61.9004364013671875
290.609283447265625 282.4139404296875 87.970306396484375 100.23178863525390625 165.150543212890625 227.1838531494140625 217.2436370849609375 158.873931884765625 247.6104736328125 269.417938232421875 270.717620849609375 86.01140594482421875 85.8274993896484375 105.099212646484375 165.8350372314453125 263.860321044921875 296.697296142578125 93.11937713623046875 249.27593994140625 264.75201416015625 262.48089599609375 89.74193572998046875 66.3683624267578125 18.658830642700195313 14.989830970764160156 38.37477874755859375 45.879627227783203125 71.944915771484375 108.8858642578125 101.0264739990234375 124.440643310546875 232.829315185546875 173.7584686279296875 122.33406829833984375 212.69818115234375 191.156768798828125 98.2655029296875 97.8371124267578125 106.377838134765625 58.292270660400390625 10.923925399780273438 44.834987640380859375 89.2407989501953125 78.33437347412109375 2.0205609798431396484 323.68048095703125 227.5043792724609375 51.113727569580078125 72.68714141845703125 68.3624420166015625
306.683135986328125 312.05810546875 69.09026336669921875 89.8667449951171875 121.35636138916015625 253.2697906494140625 195.6578369140625 188.462982177734375 266.65350341796875 262.170379638671875 234.8118133544921875 93.1955718994140625 84.59842681884765625 81.1173248291015625 104.861785888671875 260.61090087890625 221.3201904296875 113.6124420166015625 286.944854736328125 294.05975341796875 293.991668701171875 122.07140350341796875 83.8107452392578125 351.844482421875 8.71289825439453125 41.02155303955078125 51.342395782470703125 59.828517913818359375 57.308856964111328125 34.505054473876953125 20.703783035278320313 350.97601318359375 91.89221954345703125 110.47255706787109375 188.3780517578125 179.3331756591796875 135.0654754638671875 107.85968017578125 22.3067779541015625 358.259307861328125 35.381290435791015625 86.41765594482421875 99.1629180908203125 45.598468780517578125 352.072967529296875 307.71893310546875 51.113727569580078125 94.26055908203125 81.28646087646484375 84.0014495849609375
310.446746826171875 309.26763916015625 106.70085906982421875 100.03345489501953125 117.27877044677734375 227.58111572265625 165.0045623779296875 226.0354766845703125 255.114288330078125 246.13946533203125 239.2367095947265625 91.46502685546875 81.658966064453125 82.29473876953125 102.012603759765625 243.9534149169921875 195.1245574951171875 218.3970947265625 285.749267578125 283.50628662109375 147.67333984375 140.3289947509765625 226.986175537109375 296.547882080078125 338.342529296875 62.5279693603515625 77.71087646484375 74.45919036865234375 60.821422576904296875 6.2046422958374023438 358.838958740234375 30.144168853759765625 59.9873199462890625 62.68563079833984375 59.208827972412109375 103.99304962158203125 101.73163604736328125 23.396966934204101563 0.51821208000183105469 16.323812484741210938 78.18593597412109375 76.81401824951171875 11.988633155822753906 4.2674574851989746094 16.961755752563476563 180 137.4073944091796875 98.4850921630859375 98.0307464599609375 90.39673614501953125
292.6190185546875 104.3808135986328125 105.86028289794921875 95.1403961181640625 90.89710235595703125 190.252655029296875 170.82452392578125 208.3483734130859375 222.4864654541015625 216.8019866943359375 224.8556365966796875 136.927886962890625 88.91156005859375 88.87558746337890625 102.9839324951171875 250.7813873291015625 224.494171142578125 255.3424835205078125 257.360321044921875 201.929595947265625 154.3767242431640625 194.802490234375 292.5478515625 313.1544189453125 85.25313568115234375 115.94708251953125 112.70607757568359375 104.786651611328125 78.0706634521484375 19.567705154418945313 306.15704345703125 98.75876617431640625 93.4465179443359375 87.4398345947265625 82.5655364990234375 60.411937713623046875 6.5251517295837402344 44.86380767822265625 131.2702789306640625 146.93780517578125 108.599334716796875 12.702004432678222656 7.0915689468383789063 47.590702056884765625 84.20481109619140625 97.4344635009765625 106.93415069580078125 101.34659576416015625 91.8730010986328125 96.55812835693359375
251.9675750732421875 91.29157257080078125 82.8936614990234375 75.13698577880859375 64.61977386474609375 51.334850311279296875 108.78729248046875 192.963165283203125 208.2360076904296875 216.21246337890625 222.98004150390625 184.5569000244140625 115.4735107421875 103.6114044189453125 114.79358673095703125 270.673583984375 296.79962158203125 231.740692138671875 232.9159393310546875 179.8290252685546875 165.7057342529296875 268.406982421875 279.53546142578125 260.610137939453125 114.053466796875 103.995269775390625 99.180389404296875 78.13301849365234375 64.69525909423828125 71.22612762451171875 135.770263671875 80.26074981689453125 70.7373199462890625 74.4958648681640625 76.208770751953125 45.8126983642578125 49.434955596923828125 105.319488525390625 127.34415435791015625 184.81536865234375 330.041046142578125 347.451019287109375 40.80197906494140625 67.662139892578125 68.111175537109375 64.20021820068359375 59.698238372802734375 75.7873077392578125 90.412933349609375 105.91582489013671875
283.9794921875 74.09832763671875 83.3882293701171875 67.26203155517578125 19.49945068359375 30.7208709716796875 55.88336181640625 67.56246185302734375 173.534271240234375 213.5981597900390625 212.906707763671875 193.8333587646484375 129.10052490234375 98.9178619384765625 102.3937530517578125 261.798583984375 213.317413330078125 171.105194091796875 246.2881011962890625 189.9930877685546875 220.745758056640625 255.5949249267578125 242.1803741455078125 221.7932586669921875 58.82604217529296875 58.544551849365234375 58.622833251953125 26.056844711303710938 34.882266998291015625 38.7050323486328125 349.81329345703125 13.800482749938964844 40.38581085205078125 59.96208953857421875 84.27884674072265625 145.0253143310546875 164.373291015625 92.03680419921875 16.958498001098632813 334.939178466796875 335.513519287109375 15.316586494445800781 64.0680999755859375 60.404754638671875 47.609928131103515625 49.977024078369140625 60.72954559326171875 78.60198974609375 105.91582489013671875 86.83045196533203125
255.8799896240234375 87.4718475341796875 81.80130767822265625 76.18084716796875 323.848358154296875 69.698944091796875 76.59661865234375 72.7536773681640625 82.71028900146484375 191.202606201171875 194.1563720703125 209.4934234619140625 159.6837615966796875 84.07440948486328125 61.29930877685546875 253.7935943603515625 164.392578125 211.816497802734375 247.589752197265625 180.5276336669921875 235.7321014404296875 258.207611083984375 254.30596923828125 248.3416595458984375 271.742218017578125 75.00041961669921875 77.38161468505859375 12.362500190734863281 2.2299878597259521484 19.4363555908203125 4.8471484184265136719 39.0562896728515625 75.09645843505859375 87.90962982177734375 101.921630859375 131.2415313720703125 217.3726959228515625 308.095672607421875 341.6556396484375 339.932891845703125 1.9925277233123779297 67.72139739990234375 72.45238494873046875 60.908344268798828125 50.60546875 64.5676116943359375 88.06435394287109375 105.91582489013671875 88.2867431640625 66.28878021240234375
245.4824981689453125 161.4487457275390625 83.3194122314453125 80.09183502197265625 163.5561676025390625 123.708221435546875 97.66512298583984375 82.16028594970703125 45.63336944580078125 37.673519134521484375 84.21257781982421875 223.7207489013671875 212.274139404296875 102.98700714111328125 88.8761749267578125 171.099273681640625 134.6063385009765625 231.7940673828125 237.9786224365234375 209.37713623046875 276.76513671875 278.181304931640625 269.263916015625 224.84552001953125 208.4055328369140625 125.79946136474609375 98.9329681396484375 298.393768310546875 315.741241455078125 24.159206390380859375 46.181751251220703125 68.61933135986328125 79.8517608642578125 84.62529754638671875 82.79553985595703125 47.629222869873046875 318.41253662109375 309.345489501953125 320.38238525390625 5.8078684806823730469 77.1535186767578125 74.85572052001953125 57.659336090087890625 63.62982177734375 71.28292083740234375 88.975311279296875 96.8304901123046875 92.6556243896484375 66.28878021240234375 68.6044921875
297.119354248046875 235.209716796875 74.35135650634765625 36.093814849853515625 31.351491928100585938 39.790462493896484375 42.777622222900390625 43.248851776123046875 7.5173239707946777344 20.786966323852539063 61.588985443115234375 119.74561309814453125 213.526458740234375 141.655487060546875 96.4363250732421875 114.86371612548828125 130.281707763671875 252.4443511962890625 258.76971435546875 265.2611083984375 267.911041259765625 254.9498291015625 248.403594970703125 173.0528564453125 169.9583282470703125 156.19415283203125 99.42285919189453125 245.1362762451171875 230.271728515625 151.361175537109375 131.1367645263671875 65.1550445556640625 81.7487030029296875 95.66053009033203125 90 23.3647003173828125 307.470489501953125 307.31353759765625 299.12921142578125 82.57794952392578125 48.557666778564453125 34.98267364501953125 65.31134796142578125 85.987579345703125 94.2946319580078125 92.8474884033203125 84.21453094482421875 70.5270843505859375 70.9202117919921875 51.77074432373046875
74.33206939697265625 196.102691650390625 222.86859130859375 31.935258865356445313 42.18359375 32.15436553955078125 53.8983306884765625 71.12755584716796875 67.182281494140625 66.83486175537109375 71.73941802978515625 71.064727783203125 180 197.779144287109375 109.03028106689453125 101.48040771484375 167.62530517578125 284.552032470703125 269.196533203125 249.044769287109375 248.390106201171875 251.9799957275390625 244.39599609375 145.9774627685546875 140.7284088134765625 200.6166534423828125 112.66339111328125 162.978485107421875 201.78582763671875 145.8675384521484375 194.7956390380859375 145.4658355712890625 113.360321044921875 109.915008544921875 68.56121063232421875 26.9109954833984375 280.962921142578125 290.61651611328125 347.62530517578125 29.198751449584960938 16.94724273681640625 60.386463165283203125 76.7722320556640625 76.89044189453125 82.86834716796875 85.74423980712890625 79.40863037109375 80.02276611328125 68.66072845458984375 17.402582168579101563
101.75855255126953125 183.1406097412109375 235.557891845703125 159.907806396484375 62.006275177001953125 55.743267059326171875 88.14917755126953125 106.4213104248046875 139.351531982421875 182.7081146240234375 119.59912872314453125 90.69985198974609375 119.3135223388671875 196.3934326171875 156.8229827880859375 128.5947265625 291.332672119140625 319.978668212890625 336.0643310546875 302.130096435546875 291.256927490234375 267.16473388671875 201.112335205078125 144.705230712890625 143.054229736328125 235.2752532958984375 123.9163665771484375 128.499542236328125 235.015350341796875 94.560577392578125 150.905731201171875 157.2023162841796875 116.87361907958984375 42.44240570068359375 44.00017547607421875 64.92299652099609375 274.15679931640625 281.783050537109375 11.562928199768066406 14.754996299743652344 83.8293914794921875 109.0677490234375 103.95671844482421875 91.87743377685546875 89.0840911865234375 87.0693359375 82.97974395751953125 75.288116455078125 34.031589508056640625 349.635345458984375
102.553619384765625 166.1923065185546875 222.23187255859375 204.63409423828125 242.37640380859375 107.64636993408203125 96.157012939453125 87.3299102783203125 89.36092376708984375 157.6930389404296875 157.2687530517578125 117.59882354736328125 114.647979736328125 216.77471923828125 192.38287353515625 7.9535512924194335938 299.40972900390625 322.647003173828125 359.84918212890625 345.430389404296875 349.305023193359375 237.9419708251953125 139.851104736328125 127.171142578125 156.1677093505859375 230.20074462890625 145.7882232666015625 133.0969085693359375 224.679840087890625 127.5047760009765625 124.0990753173828125 149.4938201904296875 126.46710205078125 44.19527435302734375 94.60894012451171875 103.43817138671875 278.545318603515625 288.88897705078125 7.9774155616760253906 47.668033599853515625 93.8134002685546875 107.1150054931640625 115.3138427734375 102.015472412109375 75.6468505859375 60.580410003662109375 54.790691375732421875 26.155691146850585938 16.543498992919921875 13.320652961730957031
100.6340789794921875 120.77032470703125 243.0449066162109375 257.87322998046875 208.2044830322265625 107.9866790771484375 84.1263275146484375 74.24520111083984375 50.107074737548828125 36.764492034912109375 65.849212646484375 85.48744964599609375 79.677978515625 299.646331787109375 299.904937744140625 340.59619140625 273.54669189453125 273.213897705078125 339.077545166015625 0.82781356573104858398 74.93408203125 124.33226776123046875 123.390045166015625 109.2639312744140625 151.592376708984375 193.4930877685546875 159.8951873779296875 178.7664947509765625 188.626861572265625 129.0498046875 141.7238922119140625 171.7781829833984375 193.2203826904296875 171.7874603271484375 110.990325927734375 56.05625152587890625 280.753509521484375 271.39727783203125 332.518035888671875 56.624698638916015625 64.33036041259765625 62.859806060791015625 56.667728424072265625 54.329296112060546875 29.05324554443359375 28.384553909301757813 28.267141342163085938 13.867138862609863281 31.49333953857421875 27.133352279663085938
98.3726043701171875 111.7844085693359375 241.5484466552734375 225.458038330078125 175.075714111328125 142.852783203125 98.70236968994140625 106.14525604248046875 127.606231689453125 43.734195709228515625 54.41638946533203125 62.408641815185546875 76.17780303955078125 158.0611419677734375 223.7613677978515625 202.847869873046875 245.981536865234375 246.3239593505859375 207.5380096435546875 170.4075927734375 129.1894378662109375 137.483428955078125 144.667633056640625 106.88002777099609375 123.392974853515625 159.0781707763671875 149.8715667724609375 201.10467529296875 168.97845458984375 113.4420318603515625 74.4557952880859375 338.844879150390625 357.851837158203125 10.517942428588867188 49.536357879638671875 21.376451492309570313 288.64410400390625 287.7821044921875 335.52581787109375 41.22449493408203125 45.954555511474609375 54.93347930908203125 53.126079559326171875 44.540225982666015625 19.293788909912109375 29.644441604614257813 48.42743682861328125 58.374835968017578125 76.17780303955078125 14.017930984497070313
115.20624542236328125 120.275665283203125 208.1164398193359375 215.8552093505859375 199.518310546875 152.574432373046875 109.6004486083984375 105.508270263671875 162.6090240478515625 169.8061676025390625 143.8715972900390625 115.00353240966796875 106.51923370361328125 137.3153839111328125 201.4515380859375 205.7659912109375 236.74530029296875 242.7707061767578125 206.2249755859375 188.921661376953125 96.20618438720703125 82.646240234375 120.60472869873046875 117.057159423828125 114.98047637939453125 113.73366546630859375 112.26943206787109375 155.504364013671875 167.2027740478515625 111.0324249267578125 320.571563720703125 323.280426025390625 17.361328125 39.101291656494140625 74.6173095703125 42.78040313720703125 297.681365966796875 297.27313232421875 339.7144775390625 44.050472259521484375 41.547229766845703125 42.264743804931640625 41.75982666015625 38.20407867431640625 36.3666229248046875 49.726879119873046875 71.73682403564453125 81.8760528564453125 68.24160003662109375 338.218658447265625
145.5870513916015625 125.2811737060546875 177.2636871337890625 230.0251007080078125 204.288482666015625 144.8536529541015625 99.58493804931640625 81.49500274658203125 92.135162353515625 134.7458648681640625 162.3114166259765625 136.3878173828125 94.00286865234375 57.623870849609375 86.144927978515625 186.2731170654296875 221.178253173828125 229.0421142578125 201.194549560546875 215.0401458740234375 267.6104736328125 58.100711822509765625 54.60630035400390625 69.27477264404296875 84.577423095703125 121.809326171875 129.456573486328125 146.822998046875 212.84619140625 337.84710693359375 297.1947021484375 285.63739013671875 35.761631011962890625 41.013355255126953125 52.834766387939453125 28.583797454833984375 278.8724365234375 266.0113525390625 263.803924560546875 79.4264984130859375 38.318584442138671875 5.3608980178833007813 33.08077239990234375 45.717395782470703125 45.30236053466796875 49.000507354736328125 60.907566070556640625 61.222019195556640625 26.796773910522460938 9.2496137619018554688
114.828643798828125 120.82819366455078125 139.3343505859375 215.5192718505859375 180.7078857421875 170.084075927734375 147.5843353271484375 104.6603240966796875 85.66626739501953125 86.13037872314453125 116.80364990234375 152.00970458984375 108.73150634765625 80.358306884765625 57.738933563232421875 56.19570159912109375 229.6115570068359375 237.0968017578125 213.48748779296875 225.066558837890625 217.01385498046875 150.131011962890625 14.926737785339355469 48.73108673095703125 70.4120025634765625 97.7475433349609375 86.209869384765625 57.14569854736328125 268.070953369140625 262.73486328125 274.886810302734375 278.49884033203125 315.187774658203125 5.0001206398010253906 41.137569427490234375 34.49974822998046875 1.2114479541778564453 244.7285919189453125 218.4157257080078125 143.8205413818359375 0.99997276067733764648 326.583831787109375 47.4983367919921875 68.13928985595703125 64.2233123779296875 57.302707672119140625 62.887142181396484375 56.99370574951171875 42.19922637939453125 68.192108154296875
