data/aspect.asc
ncols        384
nrows        480
xllcorner    138.000000000000
yllcorner    -29.000000000000
cellsize     0.041666666667
NODATA_value -9999
[rows 176 to 197 of 480, columns 100 to 149 of 384]
257.0438232421875 265.3963623046875 275.02008056640625 281.8629150390625 286.387542724609375 289.35986328125 289.180450439453125 293.033050537109375 298.641082763671875 304.07379150390625 300.88629150390625 300.88629150390625 304.07379150390625 300.10333251953125 291.13177490234375 281.698150634765625 284.063873291015625 291.13177490234375 287.853118896484375 289.35986328125 306.4609375 306.926239013671875 280.937713623046875 264.19232177734375 258.024688720703125 258.566650390625 258.501556396484375 248.86822509765625 236.6927337646484375 193.2806396484375 182.503875732421875 229.3906097412109375 243.56329345703125 243.3564605712890625 207.7684173583984375 159.9345550537109375 209.1292572021484375 190.1825103759765625 151.71282958984375 157.9102783203125 162.56964111328125 209.8968658447265625 273.253143310546875 230.367584228515625 229.549591064453125 249.90411376953125 260.958770751953125 250.61248779296875 192.9517364501953125 199.7687225341796875
279.962188720703125 278.45367431640625 282.567779541015625 290.383087158203125 296.67266845703125 301.581695556640625 295.781890869140625 289.17669677734375 287.84954833984375 292.490753173828125 295.781890869140625 292.490753173828125 292.490753173828125 300.098052978515625 307.331939697265625 297.482757568359375 291.483551025390625 297.78656005859375 304.068145751953125 296.840789794921875 291.127685546875 298.222381591796875 292.490753173828125 270 249.164764404296875 234.817657470703125 219.6284332275390625 206.0249176025390625 202.9187164306640625 180.7321624755859375 191.035614013671875 232.572509765625 235.392730712890625 223.4132537841796875 186.665924072265625 169.7550811767578125 190.5733642578125 188.888336181640625 168.303466796875 161.3138275146484375 205.197723388671875 267.08929443359375 311.057037353515625 357.8572998046875 346.311492919921875 255.1837005615234375 247.6221466064453125 215.710235595703125 169.5908203125 193.082061767578125
287.84600830078125 279.144744873046875 272.048736572265625 265.750946044921875 259.066802978515625 260.855255126953125 267.595367431640625 272.21246337890625 276.6112060546875 277.855987548828125 275.516815185546875 277.855987548828125 279.960113525390625 281.858001708984375 289.35223388671875 291.9217529296875 289.17291259765625 286.380950927734375 284.260986328125 282.11383056640625 280.933197021484375 282.950836181640625 287.84600830078125 276.1253662109375 252.1540069580078125 228.7153472900390625 209.338165283203125 203.9279937744140625 205.6316375732421875 197.9289093017578125 233.0854644775390625 243.8562164306640625 234.314178466796875 209.90740966796875 178.9215545654296875 184.36260986328125 194.135589599609375 183.84625244140625 180.8596649169921875 209.90740966796875 271.0849609375 263.192535400390625 266.514434814453125 322.170074462890625 32.07382965087890625 272.404632568359375 235.7147064208984375 201.9532470703125 173.1875 195.2673797607421875
294.57989501953125 287.842437744140625 279.142822265625 272.40411376953125 270 270 270 270 270 270 267.090545654296875 264.98309326171875 267.59588623046875 270 270 267.59588623046875 260.041961669921875 255.2457122802734375 255.741943359375 261.33087158203125 272.40411376953125 283.572174072265625 296.8309326171875 313.99871826171875 319.725738525390625 326.347198486328125 343.517608642578125 326.1748046875 296.8309326171875 303.45294189453125 287.842437744140625 251.1800689697265625 228.54058837890625 204.37359619140625 193.4404144287109375 220.274261474609375 195.5272979736328125 183.7817840576171875 229.9346160888671875 275.515655517578125 300.763702392578125 309.61444091796875 285.2099609375 278.600555419921875 345.08868408203125 350.075958251953125 352.82147216796875 162.0675048828125 196.655426025390625 252.1575775146484375
291.1153564453125 296.826019287109375 295.76751708984375 287.838836669921875 281.85308837890625 274.5997314453125 267.59637451171875 258.14691162109375 248.0867462158203125 246.3064117431640625 250.420135498046875 252.1611480712890625 252.1611480712890625 249.304412841796875 245.215728759765625 245.215728759765625 247.5222015380859375 253.62567138671875 265.4002685546875 281.85308837890625 287.838836669921875 293.402130126953125 305.61376953125 323.50390625 335.280792236328125 322.648406982421875 343.5142822265625 6.1159954071044921875 339.245758056640625 324.490234375 340.951934814453125 350.846923828125 316.59771728515625 298.62054443359375 287.838836669921875 272.0478515625 287.838836669921875 298.20709228515625 263.877227783203125 248.1478118896484375 245.477691650390625 239.192352294921875 248.1835784912109375 256.02716064453125 282.798248291015625 318.55377197265625 12.361989974975585938 33.973918914794921875 3.7040104866027832031 297.7135009765625
279.953857421875 281.850616455078125 287.83526611328125 282.10626220703125 270 259.07366943359375 248.8887939453125 240.802734375 245.2204132080078125 255.950531005859375 267.596893310546875 277.85101318359375 279.13897705078125 279.953857421875 279.953857421875 282.557403564453125 294.0125732421875 303.7523193359375 305.292266845703125 312.01513671875 317.6839599609375 315.722930908203125 310.52777099609375 312.08074951171875 334.78338623046875 315.83502197265625 313.9864501953125 19.051851272583007813 1.5216833353042602539 305.70819091796875 326.883209228515625 354.8837890625 348.517120361328125 348.71209716796875 3.5712480545043945313 342.40362548828125 340.948150634765625 353.8826904296875 348.293731689453125 246.9889678955078125 228.73358154296875 218.5847930908203125 221.5067138671875 232.2016754150390625 243.69281005859375 246.3109283447265625 270 38.331562042236328125 21.208086013793945313 335.337982177734375
270 270 272.9075927734375 276.87823486328125 273.24896240234375 270 272.9075927734375 280.924041748046875 285.12060546875 284.431365966796875 289.016571044921875 299.376495361328125 302.75518798828125 305.89581298828125 311.383575439453125 306.890960693359375 303.56243896484375 309.907562255859375 310.047210693359375 307.102783203125 315.528961181640625 322.76837158203125 325.690216064453125 317.932647705078125 323.116058349609375 320.847808837890625 293.684539794921875 19.05565643310546875 32.52518463134765625 281.960418701171875 274.0887451171875 306.890960693359375 329.0391845703125 348.291290283203125 20.265972137451171875 1.5220106840133666992 340.9443359375 354.0838623046875 12.069683074951171875 12.137681961059570313 313.98028564453125 285.845550537109375 260.435699462890625 249.7068328857421875 238.3443756103515625 231.974517822265625 243.00543212890625 317.10650634765625 21.948627471923828125 7.2023568153381347656
277.172698974609375 279.135101318359375 280.9217529296875 285.842315673828125 293.209991455078125 300.06610107421875 305.056732177734375 308.79974365234375 309.416107177734375 307.42315673828125 304.940460205078125 306.58154296875 308.55560302734375 303.74090576171875 306.2510986328125 306.2510986328125 296.4285888671875 295.753021240234375 297.228912353515625 289.56817626953125 286.2613525390625 295.753021240234375 317.55615234375 330.066009521484375 333.632293701171875 337.71783447265625 315.5657958984375 353.430572509765625 38.64444732666015625 313.97412109375 287.26019287109375 285.511993408203125 293.67999267578125 335.266754150390625 8.9843902587890625 5.637470245361328125 5.3827619552612304688 347.302215576171875 7.7948784828186035156 25.226131439208984375 339.990203857421875 295.753021240234375 273.850921630859375 261.96337890625 251.8282928466796875 256.8902587890625 262.31597900390625 264.06805419921875 29.785848617553710938 46.52799224853515625
290.67926025390625 287.824462890625 293.6754150390625 304.567047119140625 311.248016357421875 313.967926025390625 313.967926025390625 313.967926025390625 315.87811279296875 317.92034912109375 316.0904541015625 313.967926025390625 316.459747314453125 311.58709716796875 309.4100341796875 313.967926025390625 303.735198974609375 288.895050048828125 290.806640625 290.806640625 278.233062744140625 272.40155029296875 278.924224853515625 298.1865234375 320.904693603515625 338.755950927734375 331.49676513671875 340.057098388671875 30.137189865112304688 352.429229736328125 288.46429443359375 273.9984130859375 269.242950439453125 293.3841552734375 323.74853515625 351.80657958984375 23.777997970581054688 9.984161376953125 360 35.348659515380859375 3.2164443330984227032e-10 331.381927490234375 309.4100341796875 277.84600830078125 282.389007568359375 284.18487548828125 273.857879638671875 262.392547607421875 282.549530029296875 26.285737991333007813
297.745941162109375 295.743316650390625 297.44244384765625 303.2564697265625 306.2392578125 309.4039306640625 313.961700439453125 315.752471923828125 317.914154052734375 316.254119873046875 313.961700439453125 313.961700439453125 316.34967041015625 316.165924072265625 313.961700439453125 316.254119873046875 321.7598876953125 306.87310791015625 295.743316650390625 301.537750244140625 301.537750244140625 287.002838134765625 281.750396728515625 289.882476806640625 299.628936767578125 317.782470703125 335.732574462890625 335.544525146484375 13.333611488342285156 31.887804031372070313 287.820831298828125 239.944671630859375 230.946929931640625 238.6873321533203125 271.726226806640625 311.1063232421875 29.623928070068359375 42.529296875 3.7079982757568359375 30.83773040771484375 354.080047607421875 336.63330078125 344.618408203125 302.932342529296875 293.86065673828125 291.930328369140625 284.701507568359375 277.67767333984375 272.097381591796875 332.59515380859375
302.162445068359375 302.732574462890625 298.176177978515625 298.176177978515625 302.280975341796875 305.872222900390625 308.07525634765625 307.644805908203125 311.47149658203125 313.955474853515625 313.955474853515625 313.955474853515625 313.955474853515625 313.955474853515625 316.078033447265625 318.36358642578125 325.803619384765625 320.823486328125 304.239349365234375 301.71893310546875 312.049896240234375 308.450897216796875 293.5008544921875 291.9595947265625 302.0762939453125 304.239349365234375 310.389617919921875 319.68304443359375 358.019989013671875 47.859523773193359375 52.132396697998046875 254.3617095947265625 252.18280029296875 256.601226806640625 261.82806396484375 277.62738037109375 30.258962631225585938 57.892242431640625 16.071428298950195313 31.298757553100585938 337.7764892578125 326.014434814453125 346.12896728515625 303.41314697265625 293.29425048828125 287.1368408203125 270.266876220703125 241.823822021484375 214.88568115234375 211.2987518310546875
302.726898193359375 303.245025634765625 304.549560546875 307.638763427734375 307.861541748046875 303.5338134765625 300.044525146484375 297.4322509765625 296.6231689453125 300.677154541015625 306.5577392578125 311.66351318359375 313.94921875 311.832427978515625 313.94921875 318.35736083984375 322.7384033203125 327.551544189453125 311.832427978515625 297.2763671875 307.27239990234375 317.224365234375 305.38616943359375 282.541595458984375 287.143585205078125 308.775421142578125 307.460723876953125 302.726898193359375 328.54248046875 44.20221710205078125 49.407745361328125 340.9251708984375 301.87835693359375 299.10308837890625 276.54656982421875 264.30517578125 325.333099365234375 57.0079803466796875 16.834016799926757813 19.0748443603515625 345.77093505859375 322.87432861328125 341.861724853515625 294.973388671875 284.333099365234375 280.78857421875 271.577667236328125 240.834442138671875 220.623779296875 230.123016357421875
303.239288330078125 304.543731689453125 305.8603515625 307.85546875 307.134674072265625 302.269683837890625 301.25006103515625 302.72119140625 300.671630859375 298.842620849609375 299.464996337890625 302.72119140625 309.385528564453125 309.55963134765625 309.385528564453125 311.346527099609375 309.720947265625 325.711944580078125 331.874664306640625 296.331146240234375 288.48828125 304.00506591796875 319.1512451171875 307.066864013671875 280.91015625 279.125335693359375 297.730499267578125 306.080902099609375 310.77178955078125 29.960943222045898438 55.456279754638671875 18.27032470703125 288.744873046875 290.929229736328125 287.1781005859375 262.37591552734375 268.716033935546875 19.078714370727539063 7.7074942588806152344 5.9237842559814453125 6.2331690788269042969 345.185333251953125 338.244293212890625 294.089813232421875 282.756072998046875 270.380828857421875 269.175872802734375 295.470550537109375 312.9893798828125 255.91827392578125
309.553466796875 309.71478271484375 302.715484619140625 295.723724365234375 294.888214111328125 296.491241455078125 300.6661376953125 303.2335205078125 304.1395263671875 304.1395263671875 300.03363037109375 298.45770263671875 302.264007568359375 304.905303955078125 309.37939453125 316.428558349609375 303.52227783203125 306.62396240234375 340.91741943359375 322.103973388671875 292.43829345703125 282.536285400390625 279.123382568359375 297.4219970703125 306.62396240234375 283.253631591796875 266.62384033203125 268.773345947265625 285.25390625 4.8099813461303710938 64.97318267822265625 52.045009613037109375 285.1629638671875 280.240966796875 287.093597412109375 286.51397705078125 282.08587646484375 324.172088623046875 4.0659594535827636719 354.87493896484375 3.4934794902801513672 9.42803192138671875 357.489105224609375 295.723724365234375 281.865203857421875 276.43853759765625 255.0398101806640625 248.622406005859375 254.177337646484375 141.31903076171875
307.62054443359375 309.373199462890625 308.75701904296875 302.13983154296875 290.33050537109375 285.625274658203125 292.433868408203125 298.155303955078125 298.832000732421875 300.660614013671875 297.193359375 295.71881103515625 297.846832275390625 300.559173583984375 305.2393798828125 316.052947998046875 316.134613037109375 293.875030517578125 311.33404541015625 326.111541748046875 309.4327392578125 313.930389404296875 297.193359375 274.58978271484375 289.305694580078125 311.002349853515625 312.143829345703125 277.417144775390625 266.756683349609375 304.133697509765625 60.747524261474609375 51.9491119384765625 302.46331787109375 296.65777587890625 310.8167724609375 319.546295166015625 300.32281494140625 283.761871337890625 331.46527099609375 345.451934814453125 2.7429454326629638672 29.07837677001953125 351.7755126953125 324.821929931640625 281.147186279296875 242.32965087890625 226.0695953369140625 228.07513427734375 229.6996612548828125 140.5359954833984375
298.82666015625 297.41168212890625 302.134124755859375 307.9427490234375 305.4462890625 293.352203369140625 286.641571044921875 285.3858642578125 285.3858642578125 290.06854248046875 294.98699951171875 294.98699951171875 293.6431884765625 296.388702392578125 299.53363037109375 306.116180419921875 322.71417236328125 313.924102783203125 303.872406005859375 311.80743408203125 305.609283447265625 316.940704345703125 338.726318359375 313.924102783203125 279.28851318359375 283.087646484375 317.022247314453125 336.28546142578125 297.95513916015625 281.304168701171875 52.2500152587890625 56.665142059326171875 315.900177001953125 282.346923828125 296.8809814453125 317.563140869140625 338.992156982421875 317.621826171875 279.758697509765625 309.178558349609375 65.121429443359375 50.147769927978515625 311.327789306640625 336.01202392578125 16.774698257446289063 193.992401123046875 211.92156982421875 222.5667877197265625 232.77777099609375 181.4161224365234375
295.70892333984375 290.322296142578125 292.96160888671875 299.323028564453125 305.4403076171875 302.698272705078125 293.961517333984375 287.79522705078125 285.38262939453125 284.71441650390625 288.7705078125 295.70892333984375 296.3836669921875 294.377105712890625 293.86566162109375 296.31109619140625 309.84600830078125 323.12884521484375 318.973388671875 317.73870849609375 304.2042236328125 290.6461181640625 315.654205322265625 342.2791748046875 318.829193115234375 280.527008056640625 278.356201171875 312.41290283203125 335.74017333984375 307.31866455078125 23.618169784545898438 61.110744476318359375 22.558176040649414063 260.52435302734375 242.3400421142578125 244.29107666015625 266.48284912109375 341.774139404296875 308.967742919921875 312.1312255859375 21.038389205932617188 2.4438123703002929688 302.02191162109375 311.6014404296875 40.626255035400390625 32.54276275634765625 318.943878173828125 295.373748779296875 255.2855682373046875 231.7674560546875
292.42047119140625 286.50018310546875 287.791534423828125 290.318145751953125 291.8570556640625 294.722503662109375 295.7039794921875 293.956817626953125 294.192596435546875 293.633880615234375 288.76666259765625 287.791534423828125 294.372314453125 297.59210205078125 296.306060791015625 293.8609619140625 293.8609619140625 301.034942626953125 307.6021728515625 313.91143798828125 322.317657470703125 308.738494873046875 291.264923095703125 313.91143798828125 333.01544189453125 323.20745849609375 292.957061767578125 277.081024169921875 307.77069091796875 325.054595947265625 357.168243408203125 50.416255950927734375 40.879985809326171875 306.259674072265625 278.3543701171875 256.63702392578125 252.996337890625 289.5992431640625 328.8714599609375 343.296539306640625 353.41632080078125 2.3792462348937988281 319.120025634765625 291.623779296875 33.3396453857421875 15.897778511047363281 338.90252685546875 353.339080810546875 0.73471736907958984375 279.641876220703125
302.68670654296875 287.787841796875 280.106231689453125 280.106231689453125 285.082733154296875 289.111053466796875 292.952484130859375 293.95208740234375 289.84625244140625 289.84625244140625 289.84625244140625 286.9063720703125 288.68414306640625 292.06072998046875 296.300994873046875 297.58685302734375 292.415985107421875 286.74017333984375 284.70819091796875 286.10595703125 299.58026123046875 319.11370849609375 308.572113037109375 292.415985107421875 303.20452880859375 330.0062255859375 336.972900390625 287.787841796875 281.4940185546875 305.48724365234375 344.990814208984375 54.38700103759765625 48.814319610595703125 330.45928955078125 324.591949462890625 322.190704345703125 306.593658447265625 277.062103271484375 277.0345458984375 319.11370849609375 338.0325927734375 350.734161376953125 349.2645263671875 339.64208984375 339.303070068359375 348.07586669921875 330.775360107421875 7.5157799720764160156 42.27393341064453125 321.461151123046875
317.7197265625 300.000701904296875 286.323577880859375 276.102874755859375 280.893707275390625 293.333709716796875 301.21075439453125 304.104217529296875 300.000701904296875 294.183074951171875 288.852630615234375 282.0703125 276.102874755859375 271.413421630859375 275.23626708984375 289.394744873046875 304.7984619140625 313.898681640625 311.993377685546875 295.694000244140625 272.5045166015625 281.81536865234375 312.11224365234375 312.393890380859375 293.333709716796875 300.4024658203125 339.298858642578125 322.59503173828125 297.69403076171875 285.263519287109375 307.589874267578125 61.505863189697265625 54.441501617431640625 318.954498291015625 296.411712646484375 304.652740478515625 321.94049072265625 313.0572509765625 293.155364990234375 293.265472412109375 321.644775390625 342.83135986328125 350.603973388671875 14.081624031066894531 347.5321044921875 316.99688720703125 320.7889404296875 2.5243833065032958984 30.05291748046875 356.084197998046875
322.683502197265625 306.806427001953125 304.496368408203125 299.30126953125 287.7803955078125 288.7550048828125 297.162353515625 303.48138427734375 311.921478271484375 316.01483154296875 309.14739990234375 294.17828369140625 283.523651123046875 274.714080810546875 270 274.232452392578125 287.7803955078125 307.58367919921875 323.15362548828125 336.6846923828125 308.719818115234375 263.142669677734375 255.9113006591796875 256.104736328125 249.1756744384765625 249.694305419921875 261.362548828125 281.924774169921875 283.00146484375 275.49530029296875 284.318511962890625 34.720241546630859375 46.10770416259765625 1.1235380172729492188 295.68902587890625 291.68536376953125 292.94329833984375 310.189056396484375 333.841522216796875 298.420501708984375 285.2017822265625 314.86322021484375 331.969482421875 20.749639511108398438 33.390987396240234375 291.307037353515625 287.99237060546875 334.167449951171875 19.42179107666015625 8.3000650405883789063
322.67730712890625 310.529632568359375 304.9737548828125 305.410186767578125 297.15716552734375 289.659637451171875 291.606292724609375 293.842071533203125 300.446807861328125 315.932586669921875 324.843353271484375 318.661346435546875 304.85760498046875 301.47015380859375 289.512542724609375 266.48675537109375 255.9978485107421875 256.224151611328125 264.50592041015625 298.530853271484375 334.118377685546875 311.688232421875 270 246.3848876953125 241.0227203369140625 234.8025970458984375 229.8332977294921875 237.5770111083984375 253.3794097900390625 269.12530517578125 279.919647216796875 334.118377685546875 40.97193145751953125 35.660045623779296875 297.849212646484375 299.11163330078125 298.118255615234375 280.479583740234375 300.621551513671875 304.3175048828125 278.451080322265625 273.668975830078125 289.277923583984375 352.492340087890625 39.1052398681640625 340.454742431640625 273.57391357421875 260.89251708984375 344.362518310546875 1.0449451208114624023
