data/aspect.asc
ncols        384
nrows        480
xllcorner    138.000000000000
yllcorner    -29.000000000000
cellsize     0.041666666667
NODATA_value -9999
[rows 330 to 351 of 480, columns 200 to 249 of 384]
104.3983154296875 90.56607818603515625 75.93073272705078125 73.11031341552734375 50.032566070556640625 338.918609619140625 348.793792724609375 339.92291259765625 305.75518798828125 287.7579345703125 283.538238525390625 276.018157958984375 237.260040283203125 174.976837158203125 140.238983154296875 112.8449249267578125 83.91656494140625 42.490360260009765625 2.8804797436166040825e-10 316.656158447265625 293.688507080078125 299.36505126953125 310.2374267578125 313.801788330078125 329.669342041015625 36.210636138916015625 89.4476318359375 94.70986175537109375 103.506103515625 131.4760894775390625 126.1849365234375 138.3478546142578125 208.80279541015625 211.146942138671875 200.4512481689453125 203.24420166015625 228.153289794921875 233.26568603515625 205.07110595703125 199.1978759765625 200.596160888671875 193.6538238525390625 185.791748046875 116.56922149658203125 59.34796905517578125 27.181226730346679688 335.158660888671875 329.1129150390625 49.9600372314453125 81.0214080810546875
69.49903106689453125 68.61873626708984375 68.61005401611328125 70.54132080078125 22.501865386962890625 312.87542724609375 343.102020263671875 346.53973388671875 313.783355712890625 289.56195068359375 264.798980712890625 240.602081298828125 203.7309722900390625 296.2139892578125 9.1473302841186523438 43.96551513671875 43.3337860107421875 43.895450592041015625 1.1218688488006591797 304.642364501953125 292.59735107421875 289.651611328125 293.6881103515625 296.5108642578125 324.245361328125 61.37990570068359375 80.92617034912109375 76.8185882568359375 77.3891754150390625 85.2611236572265625 74.43548583984375 73.26038360595703125 146.6470947265625 201.993560791015625 227.804168701171875 264.660125732421875 268.256378173828125 206.2975616455078125 187.0056915283203125 197.8708953857421875 200.4467926025390625 176.09271240234375 201.74749755859375 218.832550048828125 359.130889892578125 353.992889404296875 354.7340087890625 23.853057861328125 107.89099884033203125 108.64597320556640625
67.84270477294921875 73.45772552490234375 74.5136871337890625 70.86031341552734375 31.811784744262695313 250.808746337890625 184.7375946044921875 217.167877197265625 264.561981201171875 282.089752197265625 250.6770782470703125 229.2958984375 246.1551361083984375 286.519805908203125 341.125 51.324649810791015625 54.17394256591796875 55.244037628173828125 10.367702484130859375 296.49462890625 295.059722900390625 289.074920654296875 282.245330810546875 278.642852783203125 289.90301513671875 76.25481414794921875 79.59510040283203125 84.397216796875 94.72809600830078125 99.7529449462890625 93.00745391845703125 88.86864471435546875 102.089752197265625 229.4107818603515625 267.907196044921875 262.2567138671875 211.7542724609375 172.0007171630859375 192.3516693115234375 194.609466552734375 195.9067535400390625 162.1995086669921875 211.480194091796875 234.4989776611328125 238.432342529296875 260.0955810546875 47.13327789306640625 94.28376007080078125 95.7045440673828125 74.777496337890625
81.78672027587890625 77.91382598876953125 69.0074462890625 65.111236572265625 60.89376068115234375 132.858001708984375 173.1715850830078125 228.49969482421875 236.915802001953125 220.557891845703125 239.22564697265625 274.15338134765625 291.78179931640625 272.616119384765625 281.19696044921875 69.1347808837890625 70.61774444580078125 65.27843475341796875 13.80919647216796875 296.84503173828125 300.837890625 298.90032958984375 299.106231689453125 297.74066162109375 312.401214599609375 73.51154327392578125 85.859649658203125 96.63706207275390625 101.0832366943359375 94.16241455078125 113.8709869384765625 116.4159088134765625 116.3958740234375 216.308563232421875 244.0448760986328125 226.5922393798828125 191.17657470703125 174.4043731689453125 210.5480499267578125 184.2999267578125 173.57574462890625 174.3361663818359375 204.2364654541015625 216.0107269287109375 207.7716827392578125 203.257476806640625 188.244903564453125 141.7775115966796875 91.18880462646484375 51.605510711669921875
76.1189727783203125 73.112701416015625 68.59743499755859375 71.46955108642578125 56.94751739501953125 31.283823013305664063 24.413860321044921875 304.225372314453125 238.7626190185546875 220.87518310546875 242.189971923828125 259.35986328125 264.700347900390625 258.621124267578125 243.1297149658203125 109.18039703369140625 85.95508575439453125 55.23978424072265625 25.327545166015625 286.16571044921875 281.131622314453125 285.525909423828125 287.780914306640625 287.69775390625 299.992645263671875 86.25771331787109375 91.00269317626953125 91.45359039306640625 89.2913970947265625 90.50615692138671875 92.41439056396484375 79.22662353515625 68.15816497802734375 116.15505218505859375 226.4268646240234375 217.9037933349609375 211.705841064453125 177.5308380126953125 199.3927459716796875 183.9603729248046875 147.257293701171875 179.5058746337890625 211.52362060546875 207.274932861328125 187.9804840087890625 200.115631103515625 208.5446624755859375 174.0440826416015625 141.001922607421875 147.635223388671875
89.7899932861328125 88.53797149658203125 87.24204254150390625 82.19438934326171875 11.169279098510742188 17.828798294067382813 43.97536468505859375 5.5990271568298339844 327.096221923828125 258.8717041015625 246.238739013671875 242.1206817626953125 238.669677734375 234.67529296875 211.21795654296875 160.228668212890625 111.04378509521484375 36.078166961669921875 42.339206695556640625 300.45806884765625 282.801666259765625 280.885223388671875 276.779937744140625 270.259185791015625 168.1958465576171875 123.3387451171875 113.0174102783203125 101.3325653076171875 92.24385833740234375 91.863616943359375 98.96970367431640625 67.80341339111328125 29.190959930419921875 52.7504119873046875 157.4733734130859375 227.9412689208984375 219.3011016845703125 170.014801025390625 175.69744873046875 188.403076171875 152.7179107666015625 194.0970306396484375 231.52056884765625 172.9279937744140625 166.486785888671875 202.4402923583984375 221.298583984375 180 145.0518951416015625 164.082427978515625
103.3826141357421875 94.52805328369140625 90 76.352874755859375 319.327362060546875 24.811140060424804688 59.2069854736328125 20.437530517578125 3.2494101524353027344 346.802581787109375 256.70465087890625 238.7781982421875 229.855804443359375 213.7963104248046875 196.0480804443359375 194.8983001708984375 254.70086669921875 358.77227783203125 45.369846343994140625 13.411726951599121094 269.251922607421875 270 279.2498779296875 268.870025634765625 127.457489013671875 128.237548828125 129.53106689453125 118.89594268798828125 100.311737060546875 93.16783905029296875 108.234161376953125 188.7603912353515625 207.7228851318359375 93.9575347900390625 108.2796630859375 218.20843505859375 209.3283233642578125 171.2396087646484375 154.193634033203125 184.40594482421875 180.624267578125 242.1793975830078125 236.4886016845703125 130.5316619873046875 157.3488311767578125 213.0446014404296875 222.98236083984375 184.7433624267578125 128.6690826416015625 130.9939117431640625
82.3889312744140625 86.912567138671875 85.64409637451171875 45.7812957763671875 313.520294189453125 13.484100341796875 48.6387481689453125 33.50991058349609375 22.539083480834960938 7.8761749267578125 333.525970458984375 252.13330078125 228.657684326171875 216.115692138671875 235.3011474609375 279.615020751953125 293.82012939453125 332.310577392578125 49.964954376220703125 51.897258758544921875 284.18450927734375 265.744415283203125 265.3099365234375 152.5143585205078125 114.36321258544921875 110.2787933349609375 106.76206207275390625 96.54555511474609375 107.433563232421875 117.67018890380859375 117.40016937255859375 164.4924774169921875 187.377838134765625 139.1983489990234375 124.62598419189453125 193.0192108154296875 205.2402496337890625 187.5963592529296875 147.3162689208984375 177.1489410400390625 251.3760833740234375 269.375335693359375 154.378997802734375 122.21886444091796875 154.4365997314453125 232.4393768310546875 232.379638671875 185.923431396484375 148.8571624755859375 115.76590728759765625
102.52677154541015625 97.28229522705078125 81.4438934326171875 20.632516860961914063 292.328094482421875 358.951934814453125 54.5720977783203125 49.149868011474609375 41.6692047119140625 15.856866836547851563 5.9631943702697753906 333.866455078125 276.77374267578125 256.12249755859375 253.6701507568359375 260.665557861328125 260.328521728515625 238.7938385009765625 76.95925140380859375 47.85338592529296875 14.207850456237792969 287.283721923828125 277.94189453125 87.47388458251953125 88.90402984619140625 88.82054901123046875 83.72722625732421875 87.73268890380859375 103.37001800537109375 102.29767608642578125 45.33905792236328125 55.749080657958984375 102.2342376708984375 123.81847381591796875 114.04059600830078125 155.7848358154296875 200.6628570556640625 195.9797210693359375 158.9189453125 216.633148193359375 269.546295166015625 257.7657470703125 123.2748565673828125 119.50250244140625 163.8889312744140625 237.6293792724609375 230.7795257568359375 169.2156829833984375 155.9148712158203125 153.7371368408203125
105.817596435546875 86.046112060546875 73.5328216552734375 34.208293914794921875 283.4256591796875 319.00848388671875 61.102710723876953125 69.03075408935546875 65.1515350341796875 31.67339324951171875 16.820901870727539063 344.36187744140625 314.53997802734375 304.18438720703125 263.111663818359375 241.5460357666015625 226.195556640625 210.09027099609375 220.3772735595703125 20.16931915283203125 23.513996124267578125 306.105865478515625 258.03753662109375 128.965240478515625 106.48858642578125 94.10829925537109375 94.2040557861328125 107.54996490478515625 97.082366943359375 358.52740478515625 5.4542741775512695313 35.74633026123046875 33.47730255126953125 40.090663909912109375 47.890651702880859375 52.432399749755859375 104.17612457275390625 189.3526458740234375 174.3941192626953125 243.6733245849609375 254.7143402099609375 199.793792724609375 108.0257110595703125 100.3546600341796875 154.0374603271484375 229.3843536376953125 222.9985504150390625 161.6651611328125 161.86383056640625 212.9359588623046875
72.33287811279296875 73.912750244140625 82.73867034912109375 19.799448013305664063 295.31134033203125 335.968597412109375 66.284393310546875 83.87274169921875 68.60845184326171875 26.39206695556640625 16.699737548828125 342.377197265625 311.29656982421875 312.7965087890625 336.195770263671875 284.63592529296875 247.363525390625 238.0734710693359375 240.86553955078125 236.229217529296875 63.500995635986328125 299.44781494140625 182.23553466796875 133.20770263671875 102.2535247802734375 74.3049774169921875 86.97139739990234375 102.1909637451171875 56.521144866943359375 326.899169921875 10.204286575317382813 44.841617584228515625 48.71668243408203125 58.03076171875 57.80507659912109375 48.007167816162109375 41.20873260498046875 56.97219085693359375 144.2452545166015625 229.5748138427734375 228.9838409423828125 198.5728912353515625 124.04510498046875 100.76265716552734375 126.66210174560546875 227.2034912109375 203.9756622314453125 165.126617431640625 205.0345306396484375 257.14959716796875
55.287639617919921875 69.49813079833984375 75.90259552001953125 351.97882080078125 277.45452880859375 309.345794677734375 88.37696075439453125 87.94532012939453125 35.76316070556640625 5.0606164932250976563 10.207384109497070313 3.1443262100219726563 316.486419677734375 285.455108642578125 312.78765869140625 333.6324462890625 311.182403564453125 278.40667724609375 270.253753662109375 269.242431640625 180 254.8920440673828125 36.689128875732421875 35.224681854248046875 27.195636749267578125 72.97591400146484375 89.24242401123046875 82.05986785888671875 323.2781982421875 323.418426513671875 42.561676025390625 77.57163238525390625 88.64041900634765625 79.0357818603515625 58.59557342529296875 32.346881866455078125 29.257165908813476563 52.30469512939453125 70.49352264404296875 196.218048095703125 204.6237945556640625 202.455078125 168.511810302734375 107.406890869140625 109.692413330078125 197.2647705078125 178.9684295654296875 185.290679931640625 240.06085205078125 237.1109161376953125
67.97281646728515625 73.397552490234375 70.9517669677734375 15.453953742980957031 278.93963623046875 318.242919921875 87.05719757080078125 77.86754608154296875 5.8764319419860839844 340.78070068359375 2.1843459606170654297 22.980533599853515625 7.1624331474304199219 274.95794677734375 272.8480224609375 302.84521484375 328.930328369140625 322.242034912109375 295.238739013671875 307.04168701171875 12.196345329284667969 322.127685546875 358.831878662109375 36.6117706298828125 90.6796722412109375 102.3963775634765625 97.3416748046875 57.7100830078125 312.778778076171875 323.1968994140625 79.14620208740234375 80.72589874267578125 61.4925537109375 42.232906341552734375 42.72281646728515625 49.73119354248046875 77.946319580078125 70.863433837890625 42.99562835693359375 49.304286956787109375 129.7068328857421875 211.815643310546875 200.552947998046875 122.81884765625 93.3516845703125 121.3563995361328125 153.9627532958984375 214.712646484375 231.7280120849609375 210.9802398681640625
87.536376953125 83.12014007568359375 80.4186859130859375 5.0092854499816894531 283.27764892578125 23.769847869873046875 87.52487945556640625 72.863128662109375 354.99072265625 315.498046875 343.23382568359375 41.39501953125 39.0344696044921875 305.90228271484375 282.371246337890625 273.8721923828125 286.18310546875 306.564117431640625 299.03118896484375 310.447021484375 354.887603759765625 348.209869384765625 359.091888427734375 38.489818572998046875 76.5259857177734375 88.4415435791015625 72.43103790283203125 14.175267219543457031 329.01190185546875 131.229644775390625 123.086090087890625 119.38231658935546875 116.17063140869140625 115.47933197021484375 81.96819305419921875 45.082767486572265625 55.979663848876953125 30.702314376831054688 16.956933975219726563 56.41656494140625 74.62320709228515625 227.2301177978515625 225.0692291259765625 150.657867431640625 115.9213714599609375 103.90374755859375 111.37342071533203125 217.8953857421875 219.1392974853515625 213.8767547607421875
102.68886566162109375 97.78952789306640625 91.23199462890625 309.7696533203125 280.60406494140625 111.83712005615234375 97.2788238525390625 67.55035400390625 344.246307373046875 317.34954833984375 336.136260986328125 67.579986572265625 35.788539886474609375 319.933746337890625 311.968536376953125 289.361663818359375 278.76171875 284.71270751953125 292.5703125 308.654022216796875 347.90460205078125 358.117431640625 357.945404052734375 37.8266754150390625 61.00888824462890625 63.705196380615234375 25.007961273193359375 12.203721046447753906 55.522907257080078125 107.13184356689453125 118.85091400146484375 117.93198394775390625 126.40712738037109375 136.9063873291015625 184.7550811767578125 142.9951171875 85.27234649658203125 44.852596282958984375 343.0380859375 72.6930084228515625 81.0843048095703125 124.7436065673828125 217.2700347900390625 169.9652252197265625 131.3707122802734375 108.8137664794921875 85.19457244873046875 126.13178253173828125 197.3817138671875 207.7813873291015625
105.91840362548828125 98.640869140625 79.29217529296875 305.2579345703125 293.648651123046875 93.59500885009765625 89.58940887451171875 24.487340927124023438 330.871368408203125 331.5928955078125 35.325603485107421875 82.47675323486328125 333.62841796875 316.617401123046875 330.04766845703125 321.0465087890625 298.616058349609375 287.299102783203125 283.013397216796875 288.407684326171875 332.319488525390625 6.792102813720703125 353.04156494140625 50.521209716796875 66.54006195068359375 64.790557861328125 64.57195281982421875 109.95998382568359375 114.15618133544921875 125.0342254638671875 143.28997802734375 140.82025146484375 114.8077239990234375 116.394622802734375 166.7205810546875 172.9239959716796875 156.788116455078125 170.9322052001953125 192.4079742431640625 118.7806549072265625 93.92592620849609375 101.303466796875 185.9760894775390625 182.29425048828125 159.0550994873046875 138.3497467041015625 138.4898681640625 117.37041473388671875 148.5581817626953125 199.386138916015625
107.59122467041015625 89.5395660400390625 45.789684295654296875 295.548614501953125 290.48565673828125 71.14290618896484375 61.147609710693359375 7.3155832290649414063 315.813018798828125 341.37445068359375 53.760059356689453125 49.784984588623046875 311.9395751953125 309.586883544921875 324.1944580078125 321.681915283203125 308.38427734375 294.438232421875 275.1484375 259.386505126953125 238.2181243896484375 279.2259521484375 337.91412353515625 67.12757110595703125 67.90354156494140625 63.11346435546875 65.9172210693359375 56.170093536376953125 76.37094879150390625 97.59488677978515625 139.82757568359375 158.7589263916015625 138.65863037109375 133.262725830078125 147.8879547119140625 152.203826904296875 152.173492431640625 164.105621337890625 178.0511474609375 154.646484375 111.8771820068359375 81.5632171630859375 47.256893157958984375 113.64205169677734375 153.208099365234375 152.553253173828125 153.3689727783203125 123.17182159423828125 110.287689208984375 165.9796600341796875
107.83817291259765625 80.3986968994140625 10.226120948791503906 304.209197998046875 291.6009521484375 58.37032318115234375 55.99080657958984375 29.627573013305664063 300.871124267578125 321.425750732421875 55.672161102294921875 39.615016937255859375 299.160888671875 306.535919189453125 325.269561767578125 320.284423828125 303.6953125 292.259918212890625 272.905975341796875 260.1671142578125 254.4716339111328125 273.18341064453125 317.127044677734375 66.1876068115234375 64.75553131103515625 55.96544647216796875 43.894260406494140625 23.201938629150390625 47.08506011962890625 57.153667449951171875 34.078220367431640625 38.69374847412109375 75.331085205078125 89.05483245849609375 86.31201171875 88.3963470458984375 94.80094146728515625 85.934967041015625 9.1751939379491886939e-11 15.141539573669433594 44.8286285400390625 38.552318572998046875 38.515522003173828125 62.672565460205078125 58.37032318115234375 24.88580322265625 11.649465560913085938 22.8773345947265625 26.706274032592773438 24.664478302001953125
53.4283599853515625 29.821880340576171875 0.82709115743637084961 334.467254638671875 343.89501953125 19.18901824951171875 42.93010711669921875 43.05817413330078125 326.167449951171875 302.367919921875 50.265682220458984375 48.392856597900390625 285.899322509765625 288.361724853515625 315.663543701171875 325.130859375 308.813690185546875 291.15185546875 282.9447021484375 277.5162353515625 285.993927001953125 283.14678955078125 267.152923583984375 87.33939361572265625 88.55652618408203125 82.9875030517578125 80.25501251220703125 114.2123260498046875 135.296966552734375 99.84616851806640625 43.599933624267578125 48.321178436279296875 57.710063934326171875 43.0268707275390625 29.279438018798828125 22.864995956420898438 25.167242050170898438 18.195043563842773438 342.963134765625 355.470245361328125 30.289501190185546875 46.297271728515625 72.28801727294921875 76.7857513427734375 25.976766586303710938 357.86181640625 349.89752197265625 5.7366838455200195313 20.58832550048828125 29.821880340576171875
27.224061965942382813 17.194698333740234375 12.938801765441894531 339.302581787109375 353.60711669921875 26.340955734252929688 43.9122772216796875 61.820278167724609375 352.094696044921875 300.729400634765625 19.408685684204101563 41.94675445556640625 298.68475341796875 253.6824798583984375 242.1839752197265625 255.7669525146484375 278.03759765625 283.59405517578125 286.962615966796875 270.41326904296875 251.1728973388671875 203.3358612060546875 195.1335296630859375 148.255645751953125 117.80246734619140625 140.8740386962890625 129.79595947265625 128.5518035888671875 162.0499725341796875 167.2535247802734375 182.5839080810546875 126.4509429931640625 113.02594757080078125 49.3169708251953125 19.243618011474609375 15.712273597717285156 21.711940765380859375 27.541189193725585938 17.66937255859375 180 117.15520477294921875 94.317047119140625 83.249237060546875 14.940947532653808594 7.300159454345703125 355.678741455078125 345.24072265625 21.974023818969726563 66.097930908203125 78.40514373779296875
37.21701812744140625 24.8043670654296875 31.518938064575195313 332.83319091796875 355.945770263671875 43.570140838623046875 61.752132415771484375 75.97701263427734375 360 279.4066162109375 319.2283935546875 35.342220306396484375 30.789867401123046875 248.4175567626953125 226.643280029296875 239.729400634765625 259.690277099609375 275.19195556640625 275.00213623046875 270.759063720703125 235.6392974853515625 158.2490692138671875 185.9974212646484375 173.8694915771484375 130.7439422607421875 139.29815673828125 140.18121337890625 121.11110687255859375 117.61118316650390625 182.696929931640625 194.5883026123046875 154.009002685546875 139.368194580078125 200.174346923828125 221.6674957275390625 107.68520355224609375 120.35162353515625 145.54345703125 116.3108673095703125 132.7071533203125 144.902069091796875 111.27557373046875 62.191432952880859375 346.300262451171875 9.7795238494873046875 6.3406839370727539063 19.020298004150390625 89.00228118896484375 107.58092498779296875 110.0474700927734375
40.354862213134765625 33.3194427490234375 44.81166839599609375 330.5963134765625 360 81.257232666015625 87.290863037109375 64.534393310546875 10.238756179809570313 297.80108642578125 295.749267578125 16.716024398803710938 37.2827301025390625 25.229829788208007813 301.85760498046875 275.853729248046875 280.0201416015625 283.41741943359375 287.95263671875 286.226409912109375 348.4595947265625 101.59649658203125 156.27557373046875 183.7961578369140625 143.85260009765625 126.93730926513671875 117.1405029296875 107.09637451171875 105.8850250244140625 121.597412109375 175.1414947509765625 167.025146484375 137.810272216796875 184.832794189453125 208.7154693603515625 162.3598785400390625 138.7385406494140625 175.2999267578125 164.72271728515625 147.538726806640625 144.747314453125 105.4728240966796875 326.483551025390625 335.4117431640625 49.49062347412109375 98.742767333984375 122.69588470458984375 111.09969329833984375 74.81642913818359375 32.214763641357421875
