data/dist_coast.asc
ncols        384
nrows        480
xllcorner    138.000000000000
yllcorner    -29.000000000000
cellsize     0.041666666667
NODATA_value -9999
[rows 184 to 206 of 480, columns 150 to 199 of 384]
124.0066680908203125 119.6492919921875 115.29846954345703125 110.95491790771484375 106.62844085693359375 102.32152557373046875 98.02496337890625 93.74004364013671875 89.46839141845703125 85.2100372314453125 80.967071533203125 76.744415283203125 72.54770660400390625 68.3815155029296875 64.2554473876953125 60.17862701416015625 56.15827178955078125 52.19535064697265625 48.313426971435546875 44.535060882568359375 40.887969970703125 37.40444183349609375 34.10022735595703125 31.06539154052734375 28.101568222045898438 24.8880462646484375 21.188192367553710938 17.329164505004882813 13.575282096862792969 9.8299779891967773438 6.11229705810546875 2.8445713520050048828 2.424877166748046875 -9999 -9999 -9999 -9999 -9999 -9999 -9999 -9999 -9999 -9999 -9999 -9999 -9999 -9999 -9999 -9999 -9999
125.0675048828125 120.7513427734375 116.44464874267578125 112.1481170654296875 107.85549163818359375 103.5811767578125 99.32981109619140625 95.0958709716796875 90.88175201416015625 86.69025421142578125 82.5247344970703125 78.38919830322265625 74.28807830810546875 70.21718597412109375 66.185760498046875 62.20478057861328125 58.291339874267578125 54.4857025146484375 50.78202056884765625 47.20330810546875 43.77452850341796875 40.503627777099609375 37.454639434814453125 34.447574615478515625 31.006299972534179688 27.319866180419921875 23.561056137084960938 19.774707794189453125 15.987534523010253906 12.319485664367675781 9.0318136215209960938 6.1629309654235839844 3.6158909797668457031 2.3873369693756103516 -9999 -9999 -9999 -9999 -9999 -9999 -9999 -9999 -9999 -9999 -9999 -9999 -9999 -9999 -9999 -9999
126.2722015380859375 121.9937744140625 117.72576904296875 113.46979522705078125 109.22638702392578125 104.999114990234375 100.80059051513671875 96.63417816162109375 92.493194580078125 88.37990570068359375 84.2946624755859375 80.240264892578125 76.2265777587890625 72.25443267822265625 68.3368682861328125 64.48702239990234375 60.71833038330078125 57.053752899169921875 53.529018402099609375 50.140926361083984375 46.9047393798828125 43.838283538818359375 40.665679931640625 37.260654449462890625 33.54833984375 29.74683380126953125 25.948694229125976563 22.199426651000976563 18.654073715209960938 15.32177734375 12.453309059143066406 9.5194120407104492188 6.5590777397155761719 3.5195484161376953125 1.6039081811904907227 -9999 -9999 -9999 -9999 -9999 -9999 -9999 -9999 -9999 -9999 -9999 -9999 -9999 -9999 -9999
127.6090087890625 123.373748779296875 119.15361785888671875 114.951141357421875 110.767333984375 106.6043853759765625 102.46479034423828125 98.36132049560546875 94.29465484619140625 90.2572021484375 86.2480621337890625 82.277618408203125 78.3604888916015625 74.50225067138671875 70.71250152587890625 67.0027923583984375 63.3870391845703125 59.882022857666015625 56.51074981689453125 53.2859039306640625 50.18016815185546875 47.04589080810546875 43.47925567626953125 39.731075286865234375 35.94384002685546875 32.189697265625 28.533559799194335938 25.022943496704101563 21.697925567626953125 18.83621978759765625 15.826395988464355469 12.865271568298339844 9.5646076202392578125 6.1646380424499511719 3.5166335105895996094 2.4094691276550292969 -9999 -9999 -9999 -9999 -9999 -9999 -9999 -9999 -9999 -9999 -9999 -9999 -9999 -9999
129.08160400390625 124.898773193359375 120.7357940673828125 116.5933380126953125 112.4736480712890625 108.3792724609375 104.30960845947265625 100.26291656494140625 96.25146484375 92.28604888916015625 88.36580657958984375 84.500762939453125 80.69492340087890625 76.957000732421875 73.29726409912109375 69.72785186767578125 66.2630767822265625 62.9140625 59.678340911865234375 56.576892852783203125 53.40203094482421875 49.72475433349609375 45.941864013671875 42.169780731201171875 38.460758209228515625 34.86297607421875 31.3953094482421875 28.13409423828125 25.212726593017578125 22.193145751953125 19.281087875366210938 15.814007759094238281 12.288339614868164063 9.0086727142333984375 5.9055409431457519531 3.1962921619415283203 1.7649927139282226563 -9999 -9999 -9999 2.0812077522277832031 -9999 -9999 -9999 -9999 -9999 -9999 -9999 -9999 -9999
130.6980133056640625 126.57236480712890625 122.46910858154296875 118.38803863525390625 114.32787322998046875 110.29189300537109375 106.28423309326171875 102.308441162109375 98.37036895751953125 94.48763275146484375 90.66915130615234375 86.90959930419921875 83.21685791015625 79.6000823974609375 76.069915771484375 72.63871002197265625 69.31395721435546875 66.08960723876953125 62.999500274658203125 59.636898040771484375 55.93841552734375 52.14269256591796875 48.38745880126953125 44.72698211669921875 41.19106292724609375 37.78533172607421875 34.53830718994140625 31.581594467163085938 28.592617034912109375 25.432008743286132813 22.029870986938476563 18.514925003051757813 14.773819923400878906 10.666263580322265625 6.4308099746704101563 2.4639856815338134766 1.3841836452484130859 2.2438614368438720703 1.5987802743911743164 1.6289942264556884766 1.7719414234161376953 -9999 -9999 -9999 -9999 -9999 -9999 -9999 -9999 -9999
132.4536590576171875 128.3835296630859375 124.33594512939453125 120.3113555908203125 116.311065673828125 112.34076690673828125 108.4065399169921875 104.5123443603515625 100.6626739501953125 96.8674468994140625 93.14223480224609375 89.4892578125 85.9098663330078125 82.4134521484375 79.009368896484375 75.70348358154296875 72.4934234619140625 69.3741455078125 65.82924652099609375 62.11083984375 58.33171844482421875 54.6164398193359375 51.021221160888671875 47.53127288818359375 44.155284881591796875 40.929073333740234375 37.94989776611328125 34.997524261474609375 31.487985610961914063 27.570329666137695313 23.396253585815429688 19.083522796630859375 14.715731620788574219 10.413118362426757813 6.216640472412109375 2.2670412063598632813 1.4875781536102294922 2.7413213253021240234 3.1702992916107177734 2.3837234973907470703 1.2798659801483154297 -9999 -9999 -9999 -9999 -9999 -9999 -9999 -9999 -9999
134.3376617431640625 130.3163604736328125 126.32114410400390625 122.35631561279296875 118.42486572265625 114.5301513671875 110.67592620849609375 106.866424560546875 103.10993194580078125 99.412261962890625 95.77780914306640625 92.22547149658203125 88.75843048095703125 85.3784332275390625 82.0892486572265625 78.87042236328125 75.5748443603515625 72.0856781005859375 68.32715606689453125 64.58173370361328125 60.912380218505859375 57.3483734130859375 53.8855743408203125 50.51641082763671875 47.304721832275390625 44.21015167236328125 40.8437347412109375 37.148212432861328125 33.02094268798828125 28.708761215209960938 24.381669998168945313 20.098293304443359375 15.894047737121582031 11.897370338439941406 8.0560617446899414063 4.4993805885314941406 1.8515299558639526367 3.0540556907653808594 3.5921800136566162109 2.4590904712677001953 -9999 -9999 -9999 -9999 -9999 -9999 -9999 -9999 -9999 -9999
136.3191680908203125 132.3587799072265625 128.429443359375 124.53400421142578125 120.67566680908203125 116.85799407958984375 113.0849609375 109.36324310302734375 105.70043182373046875 102.09925079345703125 98.5664215087890625 95.10947418212890625 91.7472991943359375 88.47179412841796875 85.24423980712890625 81.89295196533203125 78.3045501708984375 74.5530853271484375 70.84799957275390625 67.228546142578125 63.6958465576171875 60.244670867919921875 56.887508392333984375 53.662532806396484375 50.42928314208984375 46.943805694580078125 42.737735748291015625 38.467288970947265625 34.2365570068359375 30.062276840209960938 25.971490859985351563 22.000932693481445313 18.145879745483398438 14.023352622985839844 9.96321868896484375 6.2381567955017089844 3.9683878421783447266 4.0016908645629882813 3.1635465621948242188 1.2152293920516967773 -9999 -9999 -9999 -9999 -9999 -9999 -9999 -9999 -9999 -9999
138.4332733154296875 134.5268402099609375 130.6648406982421875 126.8401031494140625 123.05599212646484375 119.3162384033203125 115.62591552734375 111.9944610595703125 108.42299652099609375 104.917572021484375 101.484954833984375 98.1326751708984375 94.8599395751953125 91.62499237060546875 88.30704498291015625 84.51727294921875 80.784088134765625 77.1242523193359375 73.5493316650390625 70.04680633544921875 66.61737823486328125 63.291110992431640625 60.053600311279296875 56.696285247802734375 52.50360107421875 48.29068756103515625 44.11949920654296875 40.00298309326171875 35.95970916748046875 31.961589813232421875 27.944177627563476563 23.935089111328125 19.964082717895507813 16.025957107543945313 12.413150787353515625 9.6962385177612304688 8.0999879837036132813 6.4762430191040039063 3.6698257923126220703 1.0307370424270629883 -9999 -9999 -9999 -9999 -9999 -9999 -9999 -9999 -9999 -9999
140.6676025390625 136.824371337890625 133.02099609375 129.2678070068359375 125.55854034423828125 121.8970489501953125 118.29364776611328125 114.74890899658203125 111.2679901123046875 107.8569793701171875 104.52143096923828125 101.25981903076171875 97.99015045166015625 94.47019195556640625 90.719940185546875 87.02944183349609375 83.41098785400390625 79.865997314453125 76.39583587646484375 72.994903564453125 69.62522125244140625 66.1266632080078125 62.232616424560546875 58.18625640869140625 54.02637481689453125 49.937137603759765625 45.90819549560546875 41.91368865966796875 37.94841766357421875 33.98676300048828125 29.983264923095703125 26.05086517333984375 22.30345916748046875 18.84992218017578125 15.9101409912109375 13.769647598266601563 11.77452850341796875 8.8667669296264648438 5.2826428413391113281 2.8376510143280029297 3.4095368385314941406 -9999 -9999 -9999 -9999 -9999 -9999 -9999 -9999 -9999
143.01385498046875 139.23748779296875 135.5008544921875 131.8104400634765625 128.1761932373046875 124.59737396240234375 121.0768280029296875 117.61797332763671875 114.226318359375 110.904571533203125 107.62549591064453125 104.2721099853515625 100.65259552001953125 96.96088409423828125 93.2912445068359375 89.70616912841796875 86.19481658935546875 82.7432861328125 79.309661865234375 75.78893280029296875 72.0637054443359375 68.15256500244140625 64.02486419677734375 59.9418487548828125 55.911407470703125 51.94589996337890625 47.98053741455078125 43.97110748291015625 39.96605682373046875 36.042850494384765625 32.226680755615234375 28.598751068115234375 25.234670639038085938 22.253419876098632813 19.832273483276367188 17.628293991088867188 14.810036659240722656 11.347203254699707031 8.2806005477905273438 5.3596844673156738281 3.2523825168609619141 -9999 -9999 -9999 -9999 -9999 -9999 -9999 -9999 -9999
145.4666748046875 141.7575531005859375 138.0908966064453125 134.470062255859375 130.9051055908203125 127.40659332275390625 123.96773529052734375 120.593536376953125 117.2855377197265625 113.96405792236328125 110.50933074951171875 106.92755889892578125 103.2279815673828125 99.59348297119140625 96.02716827392578125 92.53388214111328125 89.078338623046875 85.59926605224609375 81.97379302978515625 78.10088348388671875 74.00168609619140625 69.9423065185546875 65.93309783935546875 61.957462310791015625 57.948032379150390625 53.9317626953125 49.93025970458984375 45.9989013671875 42.164501190185546875 38.45165252685546875 34.91265106201171875 31.6063232421875 28.60643768310546875 26.0197296142578125 23.65686798095703125 20.955242156982421875 17.722751617431640625 14.618686676025390625 10.813480377197265625 6.483428955078125 2.4697382450103759766 -9999 -9999 -9999 -9999 -9999 -9999 -9999 -9999 -9999
148.02081298828125 144.378997802734375 140.7821807861328125 137.235321044921875 133.745819091796875 130.3173675537109375 126.9590301513671875 123.64495849609375 120.30945587158203125 116.82696533203125 113.16895294189453125 109.5033111572265625 105.899810791015625 102.36373138427734375 98.87982940673828125 95.4493865966796875 91.9222869873046875 88.04085540771484375 83.96440887451171875 79.92426300048828125 75.9262237548828125 71.9176788330078125 67.9280242919921875 63.944309234619140625 59.9580841064453125 56.00988006591796875 52.13237762451171875 48.3456573486328125 44.71308135986328125 41.238986968994140625 37.97318267822265625 34.963397979736328125 32.280918121337890625 29.82596588134765625 27.183000564575195313 23.94756317138671875 20.128498077392578125 15.999298095703125 11.682810783386230469 7.3758130073547363281 3.4068737030029296875 -9999 -9999 -9999 -9999 -9999 -9999 -9999 -9999 -9999
150.671142578125 147.0964508056640625 143.5692138671875 140.0990142822265625 136.6845550537109375 133.330108642578125 130.0354461669921875 126.66086578369140625 123.10675811767578125 119.42053985595703125 115.78560638427734375 112.2098388671875 108.69805145263671875 105.230743408203125 101.6588134765625 97.87870025634765625 93.9145355224609375 89.89174652099609375 85.89485931396484375 81.91674041748046875 77.9616241455078125 73.94765472412109375 69.96218109130859375 66.02217864990234375 62.142314910888671875 58.338588714599609375 54.62705230712890625 51.02716827392578125 47.573429107666015625 44.33777618408203125 41.3221893310546875 38.577648162841796875 35.965862274169921875 33.02472686767578125 29.43344879150390625 25.414964675903320313 21.157648086547851563 16.844120025634765625 12.5751495361328125 8.4300184249877929688 4.7103271484375 3.1344392299652099609 -9999 -9999 -9999 -9999 -9999 -9999 -9999 -9999
153.412750244140625 149.904754638671875 146.4510650634765625 143.0526275634765625 139.7120819091796875 136.42974853515625 132.997100830078125 129.3382568359375 125.68096160888671875 122.0739593505859375 118.52317047119140625 115.02748870849609375 111.45595550537109375 107.74627685546875 103.8785247802734375 99.9056396484375 95.91036224365234375 91.94013214111328125 87.9376068115234375 83.9241180419921875 79.9436187744140625 76.00702667236328125 72.12546539306640625 68.30910491943359375 64.569244384765625 60.919586181640625 57.376720428466796875 53.9634552001953125 50.7230377197265625 47.681858062744140625 44.880275726318359375 42.128665924072265625 38.958652496337890625 35.1696624755859375 30.906667709350585938 26.674497604370117188 22.50093841552734375 18.429553985595703125 14.545797348022460938 11.081251144409179688 7.3941283226013183594 3.6887335777282714844 1.3157685995101928711 -9999 -9999 -9999 -9999 -9999 -9999 -9999
156.2408447265625 152.8022308349609375 149.41851806640625 146.09075927734375 142.716033935546875 139.2186279296875 135.596282958984375 131.9563751220703125 128.3675689697265625 124.8385009765625 121.29747772216796875 117.6810150146484375 113.86014556884765625 109.8996124267578125 105.90355682373046875 101.9091339111328125 97.905242919921875 93.9110107421875 89.923583984375 85.974609375 82.09163665771484375 78.2653961181640625 74.5044403076171875 70.81890869140625 67.2208099365234375 63.7244110107421875 60.34661102294921875 57.1274566650390625 54.080974578857421875 51.2374267578125 48.4745635986328125 44.93051910400390625 40.734828948974609375 36.576416015625 32.45880126953125 28.420185089111328125 24.518518447875976563 20.82743072509765625 17.079896926879882813 13.34136199951171875 9.5642290115356445313 5.6116485595703125 2.1398713588714599609 -9999 -9999 -9999 -9999 -9999 -9999 -9999
159.1526641845703125 155.7825775146484375 152.4540863037109375 149.032318115234375 145.485137939453125 141.8708953857421875 138.25347900390625 134.6840057373046875 131.16607666015625 127.67089080810546875 123.8470916748046875 119.876190185546875 115.87926483154296875 111.88939666748046875 107.90386962890625 103.914581298828125 99.93250274658203125 95.98553466796875 92.08238983154296875 88.22821807861328125 84.43483734130859375 80.722320556640625 77.08358001708984375 73.529205322265625 70.071533203125 66.7249298095703125 63.520648956298828125 60.474609375 57.60791015625 54.350940704345703125 50.554752349853515625 46.44863128662109375 42.37017822265625 38.363376617431640625 34.455226898193359375 30.693328857421875 26.928415298461914063 23.07256317138671875 19.031896591186523438 14.926815032958984375 10.865981101989746094 6.9359865188598632813 3.3054339885711669922 1.1293413639068603516 -9999 -9999 -9999 -9999 -9999 -9999
162.1450347900390625 158.7809600830078125 155.3649139404296875 151.7852630615234375 148.1476593017578125 144.5537261962890625 141.006683349609375 137.4934844970703125 133.748077392578125 129.8389129638671875 125.86904144287109375 121.89630889892578125 117.9007568359375 113.89955902099609375 109.92568206787109375 105.98236846923828125 102.077667236328125 98.22064971923828125 94.4130859375 90.66117095947265625 86.97205352783203125 83.3602752685546875 79.8434906005859375 76.418670654296875 73.0981597900390625 69.90612030029296875 66.860748291015625 63.707111358642578125 60.241024017333984375 56.37738800048828125 52.340312957763671875 48.316928863525390625 44.389064788818359375 40.571453094482421875 36.7630767822265625 32.976806640625 29.023591995239257813 24.938787460327148438 20.884021759033203125 16.974431991577148438 13.233362197875976563 9.6524677276611328125 5.582530975341796875 2.4153559207916259766 -9999 -9999 -9999 -9999 -9999 -9999
165.16949462890625 161.65728759765625 158.0441436767578125 154.4290618896484375 150.856842041015625 147.2911834716796875 143.5952911376953125 139.7914276123046875 135.867340087890625 131.8723297119140625 127.86743927001953125 123.871337890625 119.90132904052734375 115.9634246826171875 112.06087493896484375 108.19734954833984375 104.38143157958984375 100.61565399169921875 96.9050445556640625 93.256103515625 89.67624664306640625 86.17394256591796875 82.7660675048828125 79.4677581787109375 76.28600311279296875 73.1793365478515625 69.88379669189453125 66.2489776611328125 62.333194732666015625 58.3360748291015625 54.4026031494140625 50.5471649169921875 46.787811279296875 43.028186798095703125 38.9021759033203125 34.73299407958984375 30.568609237670898438 26.416202545166015625 22.2812042236328125 18.161724090576171875 14.047801971435546875 9.9947109222412109375 6.2353224754333496094 3.8265321254730224609 -9999 -9999 -9999 -9999 -9999 -9999
167.94219970703125 164.3087310791015625 160.7146453857421875 157.1292572021484375 153.4862213134765625 149.7571563720703125 145.8350982666015625 141.8397216796875 137.8502655029296875 133.8592987060546875 129.88507080078125 125.9375 122.030670166015625 118.1657562255859375 114.3402252197265625 110.5612945556640625 106.833221435546875 103.1595458984375 99.54621124267578125 95.99990081787109375 92.52817535400390625 89.13953399658203125 85.8435516357421875 82.6616973876953125 79.5035247802734375 76.14743804931640625 72.29860687255859375 68.31864166259765625 64.394561767578125 60.53693389892578125 56.72359466552734375 52.7881011962890625 48.769771575927734375 44.727367401123046875 40.485416412353515625 36.116954803466796875 31.716014862060546875 27.316095352172851563 22.91753387451171875 18.520702362060546875 14.128138542175292969 9.7503185272216796875 5.4073591232299804688 2.5626032352447509766 -9999 -9999 -9999 -9999 -9999 -9999
170.586151123046875 167.0014801025390625 163.4172821044921875 159.72021484375 155.8101043701171875 151.82891845703125 147.835113525390625 143.846527099609375 139.8777313232421875 135.935272216796875 132.0226593017578125 128.1426849365234375 124.29833221435546875 120.502716064453125 116.7574615478515625 113.063568115234375 109.42315673828125 105.84163665771484375 102.32506561279296875 98.88022613525390625 95.5146636962890625 92.2368011474609375 89.05599212646484375 85.998046875 82.22850799560546875 78.27911376953125 74.35489654541015625 70.4140777587890625 66.3909454345703125 62.324115753173828125 58.196826934814453125 53.920013427734375 49.58464813232421875 45.220111846923828125 40.81876373291015625 36.449855804443359375 32.102264404296875 27.7722625732421875 23.468959808349609375 19.20960235595703125 15.038815498352050781 10.900143623352050781 6.8990235328674316406 3.7354404926300048828 2.5677556991577148438 -9999 -9999 -9999 -9999 -9999
173.3127288818359375 169.65887451171875 165.801177978515625 161.8122711181640625 157.807037353515625 153.8200836181640625 149.8562469482421875 145.9182586669921875 142.0083465576171875 138.1288604736328125 134.2823638916015625 130.4716796875 126.6999664306640625 122.971649169921875 119.30490875244140625 115.694610595703125 112.14171600341796875 108.6517333984375 105.23075103759765625 101.88553619384765625 98.62354278564453125 95.44275665283203125 91.9652252197265625 88.219512939453125 84.31839752197265625 80.37010955810546875 76.35327911376953125 72.176239013671875 67.80025482177734375 63.428134918212890625 59.060791015625 54.699462890625 50.345561981201171875 46.00115966796875 41.66918182373046875 37.353878021240234375 33.127353668212890625 28.954252243041992188 24.833120346069335938 20.7819366455078125 16.865070343017578125 13.121605873107910156 9.417751312255859375 6.0571742057800292969 3.3121781349182128906 0.92736566066741943359 -9999 -9999 -9999 -9999
