data/dist_coast.asc
ncols        384
nrows        480
xllcorner    138.000000000000
yllcorner    -29.000000000000
cellsize     0.041666666667
NODATA_value -9999
[rows 115 to 137 of 480, columns 100 to 149 of 384]
71.96596527099609375 76.14485931396484375 80.4730987548828125 84.7400054931640625 89.0117645263671875 93.11339569091796875 97.0567474365234375 101.02782440185546875 104.92529296875 106.2376708984375 101.6835174560546875 97.1287994384765625 92.57342529296875 88.0172882080078125 83.46021270751953125 78.90203094482421875 74.36434173583984375 69.8324127197265625 65.3026885986328125 60.775615692138671875 56.25180816650390625 51.7320709228515625 47.217510223388671875 42.709747314453125 38.211582183837890625 33.72657012939453125 29.260854721069335938 24.825162887573242188 20.406988143920898438 16.075109481811523438 11.8127288818359375 7.7010302543640136719 3.9676358699798583984 0.97957366704940795898 -9999 -9999 -9999 -9999 -9999 -9999 -9999 -9999 -9999 -9999 -9999 -9999 -9999 -9999 -9999 -9999
70.35553741455078125 74.59621429443359375 78.84557342529296875 83.11367034912109375 87.4164276123046875 91.74401092529296875 96.0914154052734375 100.4560546875 104.5815887451171875 106.60861968994140625 102.07424163818359375 97.54108428955078125 93.00933837890625 88.47918701171875 83.95085906982421875 79.424652099609375 74.90091705322265625 70.39763641357421875 65.910919189453125 61.433010101318359375 56.965911865234375 52.511852264404296875 48.069637298583984375 43.63774871826171875 39.2263336181640625 34.84329986572265625 30.501062393188476563 26.220371246337890625 22.035329818725585938 17.9047393798828125 13.670431137084960938 9.3949108123779296875 5.3871850967407226563 1.6309933662414550781 -9999 -9999 -9999 -9999 -9999 -9999 -9999 -9999 -9999 -9999 -9999 -9999 -9999 -9999 -9999 -9999
68.7262420654296875 73.0181732177734375 77.33077239990234375 81.66693115234375 86.0240631103515625 90.411376953125 94.82035064697265625 99.2412872314453125 103.63089752197265625 106.94194793701171875 102.66335296630859375 98.160736083984375 93.66240692138671875 89.1689910888671875 84.68123626708984375 80.2000885009765625 75.7266845703125 71.26245880126953125 66.8200836181640625 62.404541015625 58.005023956298828125 53.625209808349609375 49.264217376708984375 44.9273834228515625 40.635288238525390625 36.405193328857421875 32.17343902587890625 27.91870880126953125 23.682689666748046875 19.487718582153320313 15.354038238525390625 11.408698081970214844 7.8078393936157226563 3.7186920642852783203 1.8539346456527709961 -9999 -9999 -9999 -9999 -9999 -9999 -9999 -9999 -9999 -9999 -9999 -9999 -9999 -9999 -9999
67.284759521484375 71.6540985107421875 76.04332733154296875 80.44921875 84.86920928955078125 89.30120849609375 93.750762939453125 98.220306396484375 102.69608306884765625 106.94834136962890625 103.37702178955078125 98.98406219482421875 94.52831268310546875 90.08158111572265625 85.64527130126953125 81.2210540771484375 76.80524444580078125 72.3950653076171875 67.998016357421875 63.624347686767578125 59.294189453125 55.000072479248046875 50.750270843505859375 46.504497528076171875 42.27837371826171875 38.088199615478515625 33.89502716064453125 29.7083587646484375 25.594470977783203125 21.587612152099609375 17.54679107666015625 13.19658660888671875 8.8084325790405273438 4.5314784049987792969 2.1926331520080566406 -9999 -9999 -9999 -9999 -9999 -9999 -9999 -9999 -9999 -9999 -9999 -9999 -9999 -9999 -9999
66.11106109619140625 70.55365753173828125 75.007843017578125 79.4716796875 83.9436187744140625 88.42243194580078125 92.9071044921875 97.39934539794921875 101.91117095947265625 106.42374420166015625 104.13765716552734375 100.00079345703125 95.5885009765625 91.18686676025390625 86.79746246337890625 82.42218780517578125 78.0615692138671875 73.71826171875 69.39995574951171875 65.112091064453125 60.864253997802734375 56.665660858154296875 52.498165130615234375 48.26477813720703125 44.03969573974609375 39.87218475341796875 35.747127532958984375 31.592729568481445313 27.364877700805664063 23.131023406982421875 18.86367034912109375 14.593555450439453125 10.395533561706542969 6.4732913970947265625 3.4423680305480957031 3.1865069866180419922 -9999 -9999 -9999 -9999 -9999 -9999 -9999 -9999 -9999 -9999 -9999 -9999 -9999 -9999
65.23097991943359375 69.730499267578125 74.2348480224609375 78.7431793212890625 83.25482940673828125 87.7692718505859375 92.28607940673828125 96.8046875 101.32152557373046875 105.83300018310546875 104.92352294921875 101.1866455078125 96.8170166015625 92.46421051025390625 88.13066864013671875 83.81932830810546875 79.53374481201171875 75.27820587158203125 71.05689239501953125 66.85695648193359375 62.603549957275390625 58.36498260498046875 54.171085357666015625 50.01556396484375 45.857391357421875 41.6976470947265625 37.525279998779296875 33.289150238037109375 29.004720687866210938 24.761089324951171875 20.632982254028320313 16.626157760620117188 12.826733589172363281 9.4984998703002929688 7.2188873291015625 4.1021542549133300781 1.7661749124526977539 -9999 -9999 -9999 -9999 -9999 -9999 -9999 -9999 -9999 -9999 -9999 -9999 -9999
64.5753173828125 69.09449005126953125 73.6137542724609375 78.13306427001953125 82.65238189697265625 87.1716766357421875 91.69091796875 96.2100982666015625 100.72882843017578125 105.24786376953125 105.65601348876953125 102.51331329345703125 98.20575714111328125 93.920379638671875 89.6602935791015625 85.42364501953125 81.1947479248046875 76.9605255126953125 72.74505615234375 68.54607391357421875 64.35868072509765625 60.20243072509765625 56.09288787841796875 51.9142303466796875 47.639148712158203125 43.34770965576171875 39.100856781005859375 34.91788482666015625 30.82012939453125 26.784585952758789063 22.928508758544921875 19.235027313232421875 15.919285774230957031 13.175885200500488281 9.911899566650390625 5.7548699378967285156 2.9264631271362304688 -9999 -9999 -9999 -9999 -9999 -9999 -9999 -9999 -9999 -9999 -9999 -9999 -9999
64.04772186279296875 68.58336639404296875 73.1191864013671875 77.65512847900390625 82.19115447998046875 86.72723388671875 91.263336181640625 95.79946136474609375 100.33556365966796875 104.87164306640625 106.41794586181640625 104.02144622802734375 99.778564453125 95.550323486328125 91.33512115478515625 87.1310577392578125 82.9217071533203125 78.7108306884765625 74.53359222412109375 70.39243316650390625 66.19000244140625 61.94617462158203125 57.69318389892578125 53.438877105712890625 49.224201202392578125 45.068248748779296875 40.95928955078125 36.931797027587890625 33.027111053466796875 29.231058120727539063 25.643438339233398438 22.12081146240234375 18.347988128662109375 14.348010063171386719 10.030604362487792969 5.5439443588256835938 2.3157150745391845703 -9999 -9999 -9999 -9999 -9999 -9999 -9999 -9999 -9999 -9999 -9999 -9999 -9999
63.74432373046875 68.3011016845703125 72.8553314208984375 77.40744781494140625 81.9577789306640625 86.5065765380859375 91.05414581298828125 95.6005859375 100.14600372314453125 104.69051361083984375 107.20975494384765625 105.71569061279296875 101.50662994384765625 97.27593231201171875 93.05267333984375 88.85826873779296875 84.68973541259765625 80.48987579345703125 76.28867340087890625 72.0893402099609375 67.8497161865234375 63.6128082275390625 59.40306854248046875 55.22911834716796875 51.111072540283203125 47.074405670166015625 43.1367034912109375 39.280963897705078125 35.5750732421875 31.857814788818359375 28.076169967651367188 24.148336410522460938 19.950288772583007813 15.67330169677734375 11.473221778869628906 7.4258832931518554688 4.3708562850952148438 -9999 -9999 -9999 -9999 -9999 -9999 -9999 -9999 -9999 -9999 -9999 -9999 -9999
63.76117706298828125 68.31771087646484375 72.8731689453125 77.424774169921875 81.97460174560546875 86.523101806640625 91.07038116455078125 95.61644744873046875 100.1614532470703125 104.70552825927734375 107.95563507080078125 107.40267181396484375 103.19235992431640625 99.000885009765625 94.83383941650390625 90.66931915283203125 86.4955902099609375 82.22721099853515625 77.97800445556640625 73.75548553466796875 69.56587982177734375 65.41825103759765625 61.317626953125 57.272243499755859375 53.290496826171875 49.376903533935546875 45.56157684326171875 41.770538330078125 37.9474334716796875 33.8023223876953125 29.393793106079101563 24.913251876831054688 20.4434661865234375 15.98729705810546875 11.527584075927734375 7.0979542732238769531 3.1472980976104736328 -9999 -9999 -9999 -9999 -9999 -9999 -9999 -9999 -9999 -9999 -9999 -9999 -9999
64.06722259521484375 68.615203857421875 73.147186279296875 77.6699981689453125 82.20001220703125 86.7362060546875 91.27725982666015625 95.8225250244140625 100.3714447021484375 104.915130615234375 108.69927978515625 109.18256378173828125 105.02136993408203125 100.8343658447265625 96.575592041015625 92.3213958740234375 88.0922088623046875 83.89189910888671875 79.7250518798828125 75.58802032470703125 71.49279022216796875 67.4493865966796875 63.460819244384765625 59.536289215087890625 55.68898773193359375 51.89391326904296875 47.598072052001953125 43.2047576904296875 38.68647003173828125 34.171539306640625 29.661457061767578125 25.158807754516601563 20.668468475341796875 16.200838088989257813 11.782477378845214844 7.5010013580322265625 3.7823016643524169922 4.1636691093444824219 -9999 -9999 -9999 -9999 -9999 -9999 -9999 -9999 -9999 -9999 1.3429741859436035156 2.2328412532806396484
64.44293212890625 68.9511260986328125 73.4629058837890625 77.9994049072265625 82.53662872314453125 87.0734100341796875 91.6097869873046875 96.14581298828125 100.6815032958984375 105.2111968994140625 109.36573028564453125 110.90613555908203125 106.6847381591796875 102.4565582275390625 98.23091888427734375 94.0355377197265625 89.8664703369140625 85.73626708984375 81.64886474609375 77.60788726806640625 73.6172637939453125 69.618316650390625 65.4865570068359375 61.28205108642578125 57.027252197265625 52.696990966796875 48.1938934326171875 43.68155670166015625 39.1732330322265625 34.726375579833984375 30.306272506713867188 25.923875808715820313 21.601537704467773438 17.38198089599609375 13.353465080261230469 9.7315921783447265625 7.1721167564392089844 6.1250147819519042969 -9999 -9999 -9999 -9999 -9999 -9999 -9999 -9999 -9999 -9999 1.808323979377746582 1.7193883657455444336
65.1155548095703125 69.58133697509765625 74.0551300048828125 78.5369873046875 83.03968048095703125 87.55063629150390625 92.06369781494140625 96.5785369873046875 101.09490203857421875 105.612579345703125 109.9931182861328125 112.597015380859375 108.3881378173828125 104.19603729248046875 100.032379150390625 95.89980316162109375 91.8018951416015625 87.7490692138671875 83.70613861083984375 79.6317596435546875 75.5215606689453125 71.30843353271484375 66.87084197998046875 62.39781951904296875 57.9338226318359375 53.481067657470703125 49.042476654052734375 44.62229156494140625 40.226619720458984375 35.8645782470703125 31.60028076171875 27.41304779052734375 23.254323959350585938 19.121747970581054688 15.05915069580078125 11.17350006103515625 7.5641760826110839844 4.2050690650939941406 -9999 -9999 -9999 -9999 -9999 -9999 -9999 -9999 -9999 -9999 2.4973032474517822266 2.5229125022888183594
66.01229095458984375 70.47559356689453125 74.91689300537109375 79.3527984619140625 83.79708099365234375 88.25902557373046875 92.7381744384765625 97.2216339111328125 101.70937347412109375 106.2008056640625 110.66657257080078125 114.253021240234375 110.1999969482421875 106.0763702392578125 101.98604583740234375 97.935028076171875 93.928436279296875 89.82781982421875 85.523162841796875 81.0704193115234375 76.62664794921875 72.19344329833984375 67.772796630859375 63.36777496337890625 58.98207855224609375 54.6199188232421875 50.287441253662109375 45.993072509765625 41.748630523681640625 37.571132659912109375 33.485759735107421875 29.353912353515625 24.95932769775390625 20.471250534057617188 16.005601882934570313 11.588598251342773438 7.31990814208984375 3.9381475448608398438 3.2569930553436279297 -9999 -9999 -9999 -9999 -9999 -9999 -9999 -9999 -9999 2.7917408943176269531 4.6773123741149902344
67.04718017578125 71.4564056396484375 75.8668670654296875 80.29274749755859375 84.7387542724609375 89.18912506103515625 93.6252593994140625 98.06113433837890625 102.5139007568359375 106.978546142578125 111.44158172607421875 115.83512115478515625 112.1146392822265625 108.057373046875 103.8456268310546875 99.574249267578125 95.26508331298828125 90.8932647705078125 86.4761505126953125 82.0579681396484375 77.67409515380859375 73.30760955810546875 68.962249755859375 64.64300537109375 60.35455322265625 56.1039581298828125 51.860836029052734375 47.5672607421875 43.219940185546875 38.854122161865234375 34.46198272705078125 30.02965545654296875 25.609437942504882813 21.267595291137695313 17.021291732788085938 12.963301658630371094 8.9659872055053710938 5.4085512161254882813 3.3215186595916748047 -9999 -9999 -9999 -9999 -9999 -9999 -9999 -9999 2.0066003799438476563 4.01023101806640625 7.3906893730163574219
68.2997894287109375 72.63584136962890625 76.99353790283203125 81.3695068359375 85.7610321044921875 90.1640472412109375 94.57851409912109375 99.00940704345703125 103.46086883544921875 107.91230010986328125 112.3358306884765625 116.7763824462890625 113.76549530029296875 109.6051025390625 105.22415924072265625 100.81494903564453125 96.41678619384765625 92.031219482421875 87.6601104736328125 83.30567169189453125 78.9705963134765625 74.6812591552734375 70.394744873046875 66.1064910888671875 61.81610107421875 57.522716522216796875 53.19289398193359375 48.80208587646484375 44.3836212158203125 39.988750457763671875 35.625934600830078125 31.307958602905273438 27.061223983764648438 22.956981658935546875 19.016590118408203125 15.265566825866699219 11.281702995300292969 7.2205882072448730469 4.0490155220031738281 2.3927981853485107422 -9999 -9999 -9999 -9999 -9999 -9999 2.9849076271057128906 4.7372555732727050781 7.2578320503234863281 10.321035385131835938
69.624481201171875 74.03505706787109375 78.3539886474609375 82.65838623046875 86.98520660400390625 91.3313140869140625 95.69409942626953125 100.07140350341796875 104.46140289306640625 108.8699798583984375 113.29436492919921875 117.71498870849609375 115.04300689697265625 110.751373291015625 106.38152313232421875 102.0254364013671875 97.68492889404296875 93.36212158203125 89.05954742431640625 84.7801971435546875 80.52774810791015625 76.30144500732421875 71.8988494873046875 67.47962188720703125 63.07535552978515625 58.689380645751953125 54.32605743408203125 49.9912109375 45.6927642822265625 41.4416961669921875 37.2535400390625 33.156902313232421875 29.19366455078125 25.29581451416015625 21.226709365844726563 17.202955245971679688 13.420388221740722656 9.8328533172607421875 6.5839300155639648438 3.9563341140747070313 2.1510446071624755859 1.5505414009094238281 1.0252796411514282227 0.41871374845504760742 1.5851461887359619141 2.7508397102355957031 5.2963051795959472656 8.440929412841796875 11.067005157470703125 13.544068336486816406
70.3413238525390625 74.829803466796875 79.18353271484375 83.550689697265625 87.9928436279296875 92.4542236328125 96.853240966796875 101.1919403076171875 105.55094146728515625 109.92856597900390625 114.182525634765625 118.31148529052734375 116.21442413330078125 112.033111572265625 107.71817779541015625 103.4213409423828125 99.1276397705078125 94.8043670654296875 90.45855712890625 86.1055755615234375 81.7450103759765625 77.373748779296875 72.98697662353515625 68.6315155029296875 64.31021881103515625 60.018650054931640625 55.7635345458984375 51.553684234619140625 47.400768280029296875 43.320484161376953125 39.33898162841796875 35.336261749267578125 31.312658309936523438 27.32790374755859375 23.443033218383789063 19.750196456909179688 16.19185638427734375 12.833682060241699219 9.8418912887573242188 7.0787057876586914063 4.9525747299194335938 3.7317168712615966797 2.5407660007476806641 3.0741109848022460938 4.9834842681884765625 6.8707866668701171875 8.7981891632080078125 11.49311065673828125 14.727558135986328125 17.185045242309570313
70.08908843994140625 74.49267578125 78.83220672607421875 83.13330078125 87.40145111083984375 91.61884307861328125 95.768646240234375 99.89742279052734375 104.0584564208984375 108.24953460693359375 112.46527099609375 116.702789306640625 116.6912689208984375 113.43549346923828125 109.124847412109375 104.81157684326171875 100.48018646240234375 96.10540008544921875 91.72150421142578125 87.35235595703125 83.00016021728515625 78.6673736572265625 74.3574066162109375 70.0744476318359375 65.83710479736328125 61.655517578125 57.525020599365234375 53.45706939697265625 49.45867919921875 45.443111419677734375 41.478435516357421875 37.498104095458984375 33.573726654052734375 29.80535888671875 26.124507904052734375 22.548345565795898438 19.219120025634765625 16.167646408081054688 13.319155693054199219 10.950644493103027344 9.3502569198608398438 7.4998593330383300781 6.0826282501220703125 7.0636529922485351563 8.950672149658203125 10.845305442810058594 12.837492942810058594 14.890959739685058594 17.79476165771484375 21.03607940673828125
69.43084716796875 73.46791839599609375 77.47008514404296875 81.5258026123046875 85.6274871826171875 89.7688446044921875 93.94461822509765625 98.1503143310546875 102.3768157958984375 106.58794403076171875 110.8058013916015625 115.02265167236328125 116.78704071044921875 114.78964996337890625 110.40929412841796875 106.04088592529296875 101.68592071533203125 97.34613037109375 93.02420806884765625 88.723052978515625 84.445159912109375 80.19423675537109375 75.97480010986328125 71.7923736572265625 67.65378570556640625 63.57616424560546875 59.569797515869140625 55.59874725341796875 51.6752777099609375 47.639251708984375 43.68395233154296875 39.848423004150390625 36.12146759033203125 32.4935302734375 28.986783981323242188 25.671634674072265625 22.554378509521484375 19.634914398193359375 17.10169219970703125 15.098627090454101563 13.621632575988769531 11.49898529052734375 10.481434822082519531 11.285115242004394531 12.925829887390136719 14.828400611877441406 16.954271316528320313 18.760198593139648438 21.175317764282226563 24.238384246826171875
67.2979736328125 71.36103057861328125 75.47548675537109375 79.63336944580078125 83.824798583984375 88.032257080078125 92.24835205078125 96.47380828857421875 100.700927734375 104.92569732666015625 109.16466522216796875 113.4192047119140625 116.48726654052734375 115.99848175048828125 111.6682891845703125 107.353851318359375 103.05706787109375 98.78061676025390625 94.5281829833984375 90.30204010009765625 86.10604095458984375 81.94478607177734375 77.8238067626953125 73.7498016357421875 69.7309112548828125 65.76473236083984375 61.80280303955078125 57.75357818603515625 53.784641265869140625 49.9101715087890625 46.148220062255859375 42.471744537353515625 38.875675201416015625 35.407466888427734375 32.109539031982421875 28.976060867309570313 26.031055450439453125 23.364534378051757813 21.090192794799804688 19.365865707397460938 17.459659576416015625 15.723568916320800781 14.967134475708007813 15.522552490234375 17.004297256469726563 18.898784637451171875 20.969038009643554688 22.86750030517578125 24.919321060180664063 27.596797943115234375
65.32340240478515625 69.48553466796875 73.69460296630859375 77.92394256591796875 82.159820556640625 86.3822784423828125 90.6048126220703125 94.84200286865234375 99.09494781494140625 103.368408203125 107.66109466552734375 111.97083282470703125 116.04801177978515625 117.388916015625 113.0987091064453125 108.84101104736328125 104.60793304443359375 100.40163421630859375 96.2239837646484375 92.078857421875 87.970794677734375 83.9051971435546875 79.8884735107421875 75.9014434814453125 71.9000396728515625 67.88787078857421875 63.905147552490234375 59.979801177978515625 56.17301177978515625 52.462299346923828125 48.843837738037109375 45.2685699462890625 41.81470489501953125 38.539638519287109375 35.404193878173828125 32.430606842041015625 29.696117401123046875 27.284328460693359375 25.273380279541015625 23.601043701171875 21.61248779296875 20.079721450805664063 19.481243133544921875 19.8997039794921875 21.216947555541992188 23.078023910522460938 24.954013824462890625 27.10207366943359375 28.924886703491210938 31.259801864624023438
63.626880645751953125 67.85457611083984375 72.0578460693359375 76.27730560302734375 80.503021240234375 84.752685546875 89.029510498046875 93.328125 97.64569854736328125 101.97985076904296875 106.328582763671875 110.6901702880859375 115.04045867919921875 117.70569610595703125 114.7074127197265625 110.50066375732421875 106.3324127197265625 102.200042724609375 98.1019287109375 94.042510986328125 90.02695465087890625 86.0297698974609375 82.03144073486328125 78.04653167724609375 74.0670318603515625 70.12494659423828125 66.26023101806640625 62.487361907958984375 58.821262359619140625 55.19476318359375 51.636737823486328125 48.218997955322265625 44.96613311767578125 41.8350372314453125 38.83095550537109375 36.046321868896484375 33.52828216552734375 31.31568145751953125 29.5163116455078125 27.622501373291015625 25.785236358642578125 24.505273818969726563 24.007946014404296875 24.340108871459960938 25.477832794189453125 27.258005142211914063 28.996889114379882813 31.186006546020507813 33.0270843505859375 35.12779998779296875
