data/dist_coast.asc
ncols        384
nrows        480
xllcorner    138.000000000000
yllcorner    -29.000000000000
cellsize     0.041666666667
NODATA_value -9999
[rows 299 to 321 of 480, columns 100 to 149 of 384]
461.606353759765625 463.268310546875 464.961181640625 466.687530517578125 468.44805908203125 470.247528076171875 472.079315185546875 473.943023681640625 475.83831787109375 477.592681884765625 478.2620849609375 474.955474853515625 471.473388671875 467.9981689453125 464.536834716796875 461.0897216796875 457.657073974609375 454.239227294921875 450.83941650390625 447.45751953125 444.091552734375 440.74188232421875 437.408843994140625 434.092803955078125 430.79412841796875 427.514678955078125 424.2548828125 421.0137939453125 417.79180908203125 414.58941650390625 411.406951904296875 408.24603271484375 405.110107421875 401.996856689453125 398.905609130859375 395.83685302734375 392.7911376953125 389.768890380859375 386.77069091796875 383.80047607421875 380.790252685546875 377.751190185546875 374.7109375 371.690277099609375 368.69683837890625 365.730316162109375 362.794677734375 359.88629150390625 357.005828857421875 354.1539306640625
465.89984130859375 467.548736572265625 469.22509765625 470.93475341796875 472.68157958984375 474.4637451171875 476.2781982421875 478.124420166015625 480.002044677734375 481.48822021484375 481.14813232421875 477.666534423828125 474.19891357421875 470.7451171875 467.305389404296875 463.880096435546875 460.469482421875 457.073883056640625 453.695831298828125 450.335723876953125 446.992645263671875 443.66607666015625 440.3563232421875 437.06378173828125 433.789031982421875 430.534912109375 427.29931640625 424.0826416015625 420.885284423828125 417.7076416015625 414.550201416015625 411.414154052734375 408.303009033203125 405.21533203125 402.14984130859375 399.107025146484375 396.087371826171875 393.091400146484375 390.12127685546875 387.1094970703125 384.067779541015625 381.0296630859375 378.01165771484375 375.01849365234375 372.050689697265625 369.11370849609375 366.20611572265625 363.325927734375 360.47381591796875 357.650360107421875
470.19891357421875 471.835418701171875 473.49627685546875 475.19036865234375 476.923126220703125 478.688140869140625 480.4853515625 482.3143310546875 484.174591064453125 485.62518310546875 483.78594970703125 480.400543212890625 476.954071044921875 473.521636962890625 470.103485107421875 466.699951171875 463.311309814453125 459.93896484375 456.58355712890625 453.244140625 449.923004150390625 446.619384765625 443.33282470703125 440.063690185546875 436.8140869140625 433.5838623046875 430.372314453125 427.17987060546875 424.0069580078125 420.85394287109375 417.721282958984375 414.6121826171875 411.525146484375 408.46124267578125 405.421295166015625 402.4041748046875 399.409393310546875 396.431884765625 393.433197021484375 390.385223388671875 387.3465576171875 384.3311767578125 381.340240478515625 378.374267578125 375.4346923828125 372.524871826171875 369.644378662109375 366.79205322265625 363.9678955078125 361.172515869140625
474.502960205078125 476.12628173828125 477.77447509765625 479.455902099609375 481.172210693359375 482.92059326171875 484.70074462890625 486.512603759765625 488.32318115234375 489.766387939453125 486.570465087890625 483.163726806640625 479.738372802734375 476.327239990234375 472.93060302734375 469.54876708984375 466.1820068359375 462.83306884765625 459.500030517578125 456.183197021484375 452.88287353515625 449.601287841796875 446.337799072265625 443.0924072265625 439.867401123046875 436.660888671875 433.4732666015625 430.304901123046875 427.15625 424.027679443359375 420.9208984375 417.837310791015625 414.77532958984375 411.735382080078125 408.71929931640625 405.72637939453125 402.74627685546875 399.749755859375 396.69805908203125 393.66168212890625 390.64886474609375 387.66009521484375 384.695953369140625 381.75689697265625 378.84698486328125 375.964508056640625 373.109130859375 370.283935546875 367.48736572265625 364.719696044921875
478.812744140625 480.422088623046875 482.06036376953125 483.728485107421875 485.428619384765625 487.160675048828125 488.924285888671875 490.71917724609375 492.374755859375 492.599609375 489.37396240234375 485.955596923828125 482.55133056640625 479.16143798828125 475.786224365234375 472.425994873046875 469.08233642578125 465.755523681640625 462.44476318359375 459.150360107421875 455.872650146484375 452.612030029296875 449.370635986328125 446.149993896484375 442.948394775390625 439.76544189453125 436.6015625 433.4571533203125 430.332550048828125 427.228240966796875 424.1478271484375 421.08892822265625 418.051788330078125 415.036834716796875 412.044525146484375 409.0665283203125 406.06298828125 403.008636474609375 399.975128173828125 396.96478271484375 393.978179931640625 391.015777587890625 388.078094482421875 385.16729736328125 382.285186767578125 379.429718017578125 376.6014404296875 373.80096435546875 371.031524658203125 368.291168212890625
483.128875732421875 484.723602294921875 486.353851318359375 488.007843017578125 489.69219970703125 491.40814208984375 493.155487060546875 494.9339599609375 496.668731689453125 495.300262451171875 492.173248291015625 488.77569580078125 485.392425537109375 482.023712158203125 478.66986083984375 475.331329345703125 472.0106201171875 468.705780029296875 465.41717529296875 462.145111083984375 458.88995361328125 455.652008056640625 452.43243408203125 449.23480224609375 446.05645751953125 442.89697265625 439.756683349609375 436.635986328125 433.535308837890625 430.456756591796875 427.40087890625 424.366455078125 421.353912353515625 418.36370849609375 415.383056640625 412.369903564453125 409.317626953125 406.286895751953125 403.279022216796875 400.29449462890625 397.33380126953125 394.397491455078125 391.48602294921875 388.604156494140625 385.748626708984375 382.919830322265625 380.118316650390625 377.344696044921875 374.599639892578125 371.887298583984375
487.451141357421875 489.031982421875 490.6510009765625 492.292938232421875 493.962738037109375 495.662811279296875 497.394134521484375 499.15643310546875 500.9517822265625 498.31683349609375 495.00030517578125 491.623504638671875 488.26116943359375 484.91357421875 481.581024169921875 478.2652587890625 474.96624755859375 471.683319091796875 468.416778564453125 465.166961669921875 461.934173583984375 458.71881103515625 455.5235595703125 452.34710693359375 449.19110107421875 446.054840087890625 442.93798828125 439.84088134765625 436.764129638671875 433.711181640625 430.679443359375 427.66925048828125 424.68109130859375 421.6959228515625 418.673309326171875 415.62860107421875 412.59808349609375 409.591583251953125 406.609100341796875 403.650115966796875 400.715118408203125 397.804595947265625 394.921417236328125 392.06585693359375 389.236572265625 386.43414306640625 383.659088134765625 380.911956787109375 378.193389892578125 375.50836181640625
491.779388427734375 493.348785400390625 494.952606201171875 496.583404541015625 498.24005126953125 499.924530029296875 501.640106201171875 503.367034912109375 503.963104248046875 501.219818115234375 497.856109619140625 494.498565673828125 491.1571044921875 487.830535888671875 484.519500732421875 481.2261962890625 477.94879150390625 474.6876220703125 471.443023681640625 468.21533203125 465.00482177734375 461.812957763671875 458.64093017578125 455.4873046875 452.352447509765625 449.23858642578125 446.14495849609375 443.071258544921875 440.019927978515625 436.99078369140625 433.982940673828125 430.996795654296875 428.008697509765625 424.9832763671875 421.9405517578125 418.912017822265625 415.9061279296875 412.922943115234375 409.96478271484375 407.03106689453125 404.121490478515625 401.237030029296875 398.3814697265625 395.5517578125 392.748443603515625 389.972015380859375 387.22308349609375 384.50213623046875 381.811767578125 379.15374755859375
496.11468505859375 497.671600341796875 499.260498046875 500.87945556640625 502.52392578125 504.193145751953125 505.893157958984375 507.626434326171875 506.891510009765625 504.09228515625 500.739837646484375 497.40191650390625 494.07977294921875 490.774169921875 487.485565185546875 484.213592529296875 480.95770263671875 477.718231201171875 474.4954833984375 471.289764404296875 468.101409912109375 464.933441162109375 461.783966064453125 458.65301513671875 455.540985107421875 452.448272705078125 449.3770751953125 446.3271484375 443.300567626953125 440.29498291015625 437.307861328125 434.318695068359375 431.2978515625 428.2515869140625 425.22418212890625 422.22064208984375 419.239501953125 416.281158447265625 413.3460693359375 410.43670654296875 407.55224609375 404.695526123046875 401.865447998046875 399.061279296875 396.2835693359375 393.532867431640625 390.809661865234375 388.114532470703125 385.45306396484375 382.821044921875
500.4578857421875 502.000274658203125 503.574493408203125 505.180206298828125 506.812744140625 508.46844482421875 510.15313720703125 511.874237060546875 510.07763671875 506.98193359375 503.649932861328125 500.33258056640625 497.03021240234375 493.744384765625 490.47772216796875 487.227020263671875 483.9925537109375 480.774627685546875 477.573577880859375 474.389739990234375 471.224700927734375 468.079254150390625 464.9521484375 461.84375 458.75439453125 455.684478759765625 452.634368896484375 449.6087646484375 446.605438232421875 443.61810302734375 440.62841796875 437.608245849609375 434.560943603515625 431.53466796875 428.533447265625 425.55426025390625 422.597564697265625 419.663818359375 416.753448486328125 413.866943359375 411.008087158203125 408.1776123046875 405.3726806640625 402.593780517578125 399.84136962890625 397.11602783203125 394.41827392578125 391.751495361328125 389.11566162109375 386.509307861328125
504.806610107421875 506.334716796875 507.89447021484375 509.485504150390625 511.105499267578125 512.75030517578125 514.4227294921875 515.41534423828125 513.19024658203125 509.897552490234375 506.58587646484375 503.2890625 500.00732421875 496.742767333984375 493.49554443359375 490.2659912109375 487.05279541015625 483.8563232421875 480.6768798828125 477.5147705078125 474.37322998046875 471.2498779296875 468.14501953125 465.058990478515625 461.99212646484375 458.944854736328125 455.91839599609375 452.91485595703125 449.931427001953125 446.938507080078125 443.913116455078125 440.86871337890625 437.845062255859375 434.84454345703125 431.867340087890625 428.912261962890625 425.979827880859375 423.070404052734375 420.184478759765625 417.322540283203125 414.488677978515625 411.682708740234375 408.902618408203125 406.148651123046875 403.4212646484375 400.720947265625 398.04913330078125 395.40960693359375 392.799041748046875 390.21795654296875
509.160797119140625 510.674774169921875 512.22027587890625 513.796875 515.4036865234375 517.03851318359375 518.69940185546875 518.550537109375 516.144775390625 512.83868408203125 509.54730224609375 506.2708740234375 503.010284423828125 499.767242431640625 496.54010009765625 493.33001708984375 490.138031005859375 486.962890625 483.804901123046875 480.6658935546875 477.546234130859375 474.44482421875 471.362030029296875 468.2982177734375 465.25372314453125 462.2288818359375 459.226898193359375 456.24609375 453.248779296875 450.2164306640625 447.174896240234375 444.15380859375 441.154022216796875 438.1787109375 435.22528076171875 432.294097900390625 429.385650634765625 426.500335693359375 423.63861083984375 420.802764892578125 417.99395751953125 415.2103271484375 412.454681396484375 409.725341796875 407.022613525390625 404.3470458984375 401.702850341796875 399.088226318359375 396.5025634765625 393.946380615234375
513.5203857421875 515.0203857421875 516.5517578125 518.1141357421875 519.70721435546875 521.3336181640625 522.98211669921875 521.8951416015625 519.0909423828125 515.80487060546875 512.53369140625 509.277618408203125 506.038848876953125 502.81646728515625 499.61016845703125 496.420257568359375 493.247772216796875 490.09381103515625 486.957305908203125 483.841217041015625 480.74322509765625 477.663604736328125 474.602752685546875 471.56097412109375 468.53863525390625 465.53729248046875 462.55841064453125 459.551727294921875 456.51824951171875 453.47991943359375 450.46099853515625 447.4630126953125 444.488494873046875 441.53662109375 438.606719970703125 435.69921875 432.81451416015625 429.953033447265625 427.11529541015625 424.305877685546875 421.521270751953125 418.76190185546875 416.028289794921875 413.323272705078125 410.644927978515625 407.99542236328125 405.376922607421875 402.786834716796875 400.2257080078125 397.694061279296875
517.88507080078125 519.37152099609375 520.888916015625 522.43719482421875 524.01605224609375 525.63140869140625 526.9754638671875 525.2913818359375 522.0618896484375 518.7957763671875 515.544677734375 512.30950927734375 509.091796875 505.8900146484375 502.704437255859375 499.535369873046875 496.383087158203125 493.2486572265625 490.134918212890625 487.04022216796875 483.9637451171875 480.90576171875 477.866668701171875 474.846771240234375 471.846405029296875 468.869049072265625 465.85699462890625 462.822113037109375 459.787872314453125 456.76934814453125 453.771148681640625 450.79669189453125 447.84637451171875 444.917724609375 442.01116943359375 439.1270751953125 436.265869140625 433.428009033203125 430.6163330078125 427.83074951171875 425.070037841796875 422.33465576171875 419.62506103515625 416.941925048828125 414.28759765625 411.6650390625 409.07073974609375 406.504852294921875 403.967926025390625 401.46044921875
522.2547607421875 523.727783203125 525.23162841796875 526.7659912109375 528.333740234375 529.93511962890625 530.2716064453125 528.3182373046875 525.05718994140625 521.81097412109375 518.579833984375 515.36614990234375 512.16876220703125 508.987457275390625 505.822479248046875 502.674102783203125 499.542694091796875 496.4288330078125 493.33587646484375 490.262451171875 487.20733642578125 484.170867919921875 481.153350830078125 478.154876708984375 475.174530029296875 472.1649169921875 469.12762451171875 466.094146728515625 463.078125 460.082122802734375 457.1065673828125 454.15472412109375 451.2271728515625 448.321533203125 445.43804931640625 442.5771484375 439.739227294921875 436.925323486328125 434.13885498046875 431.376861572265625 428.6397705078125 425.928070068359375 423.2421875 420.582611083984375 417.952606201171875 415.354248046875 412.7838134765625 410.241790771484375 407.72869873046875 405.24505615234375
526.62933349609375 528.08917236328125 529.57958984375 531.10040283203125 532.65753173828125 534.2447509765625 533.7620849609375 531.31781005859375 528.076416015625 524.8499755859375 521.6395263671875 518.44647216796875 515.269287109375 512.10833740234375 508.963836669921875 505.836090087890625 502.725372314453125 499.6339111328125 496.561279296875 493.5074462890625 490.473541259765625 487.4583740234375 484.46112060546875 481.4754638671875 478.4735107421875 475.43194580078125 472.39886474609375 469.38525390625 466.39141845703125 463.41778564453125 460.4659423828125 457.537445068359375 454.630401611328125 451.74749755859375 448.88690185546875 446.0489501953125 443.234039306640625 440.445587158203125 437.682373046875 434.943695068359375 432.22998046875 429.541656494140625 426.87921142578125 424.243499755859375 421.639007568359375 419.0625 416.515625 413.99713134765625 411.507537841796875 409.045379638671875
531.0086669921875 532.45550537109375 533.9327392578125 535.44317626953125 536.9869384765625 538.560302734375 537.511962890625 534.34100341796875 531.119140625 527.91241455078125 524.72308349609375 521.550048828125 518.39300537109375 515.25225830078125 512.12811279296875 509.020843505859375 505.93121337890625 502.861541748046875 499.809783935546875 496.7762451171875 493.761932373046875 490.766754150390625 487.780426025390625 484.7762451171875 481.732452392578125 478.701995849609375 475.690765380859375 472.6990966796875 469.727325439453125 466.775848388671875 463.848236083984375 460.942169189453125 458.057647705078125 455.195159912109375 452.357177734375 449.54193115234375 446.7509765625 443.986602783203125 441.246368408203125 438.530731201171875 435.840087890625 433.174896240234375 430.53558349609375 427.92578125 425.344512939453125 422.790771484375 420.265655517578125 417.7703857421875 415.302459716796875 412.852508544921875
535.39263916015625 536.82666015625 538.29095458984375 539.7913818359375 541.32171630859375 542.0418701171875 540.60247802734375 537.387451171875 534.18505859375 530.99871826171875 527.82965087890625 524.67645263671875 521.5394287109375 518.4188232421875 515.31488037109375 512.22796630859375 509.16033935546875 506.111297607421875 503.080291748046875 500.06756591796875 497.073486328125 494.08929443359375 491.077423095703125 488.031494140625 485.00360107421875 481.994720458984375 479.005157470703125 476.035247802734375 473.085357666015625 470.15740966796875 467.252288818359375 464.368438720703125 461.506256103515625 458.66607666015625 455.84844970703125 453.055694580078125 450.289581298828125 447.547882080078125 444.830413818359375 442.13751220703125 439.469696044921875 436.82733154296875 434.21197509765625 431.62664794921875 429.068359375 426.53753662109375 424.03466796875 421.560791015625 419.109649658203125 416.638946533203125
539.7811279296875 541.2025146484375 542.65692138671875 544.1446533203125 545.66180419921875 545.67938232421875 543.6585693359375 540.45831298828125 537.273681640625 534.108154296875 530.95880126953125 527.82537841796875 524.708251953125 521.60760498046875 518.52374267578125 515.4576416015625 512.41131591796875 509.382781982421875 506.372344970703125 503.38031005859375 500.392730712890625 497.37249755859375 494.3291015625 491.303741455078125 488.297149658203125 485.30963134765625 482.341552734375 479.393218994140625 476.464996337890625 473.560821533203125 470.677642822265625 467.815826416015625 464.9757080078125 462.15765380859375 459.36212158203125 456.59130859375 453.848236083984375 451.12896728515625 448.4339599609375 445.763580322265625 443.1182861328125 440.498443603515625 437.908355712890625 435.345703125 432.81005859375 430.301849365234375 427.82159423828125 425.36529541015625 422.907470703125 420.418853759765625
544.17401123046875 545.58306884765625 547.02801513671875 548.50286865234375 550.00701904296875 549.578857421875 546.73321533203125 543.55218505859375 540.38720703125 537.23992919921875 534.110107421875 530.996337890625 527.89892578125 524.81817626953125 521.75433349609375 518.7098388671875 515.6837158203125 512.675537109375 509.685516357421875 506.693634033203125 503.667388916015625 500.628753662109375 497.603790283203125 494.598052978515625 491.612579345703125 488.64630126953125 485.69952392578125 482.772613525390625 479.8677978515625 476.98529052734375 474.12384033203125 471.283782958984375 468.465545654296875 465.66943359375 462.8958740234375 460.149139404296875 457.42645263671875 454.729400634765625 452.05657958984375 449.408447265625 446.785369873046875 444.1895751953125 441.622711181640625 439.082427978515625 436.569122314453125 434.083251953125 431.621856689453125 429.172027587890625 426.68023681640625 424.21142578125
548.5712890625 549.97088623046875 551.40374755859375 552.86590576171875 553.87237548828125 552.9837646484375 549.83001708984375 546.66802978515625 543.52362060546875 540.395263671875 537.283203125 534.18896484375 531.11126708984375 528.05023193359375 525.00689697265625 521.98321533203125 518.97723388671875 515.98870849609375 512.993896484375 509.966888427734375 506.92889404296875 503.905242919921875 500.9010009765625 497.915374755859375 494.94952392578125 492.0042724609375 489.078643798828125 486.1732177734375 483.2913818359375 480.430328369140625 477.59039306640625 474.771942138671875 471.975341796875 469.200958251953125 466.451202392578125 463.726531982421875 461.025390625 458.34869384765625 455.69781494140625 453.0716552734375 450.4705810546875 447.8994140625 445.3546142578125 442.836395263671875 440.345123291015625 437.879974365234375 435.43121337890625 432.94451904296875 430.469329833984375 428.021453857421875
552.9727783203125 554.36346435546875 555.78399658203125 557.23370361328125 557.64947509765625 556.106689453125 552.94854736328125 549.80645751953125 546.68157958984375 543.57244873046875 540.47943115234375 537.4029541015625 534.3447265625 531.30328369140625 528.28125 525.27740478515625 522.2862548828125 519.29052734375 516.26861572265625 513.227783203125 510.205169677734375 507.203125 504.219512939453125 501.254608154296875 498.30877685546875 495.383148193359375 492.47845458984375 489.59600830078125 486.7353515625 483.895538330078125 481.076934814453125 478.27984619140625 475.504669189453125 472.75201416015625 470.02581787109375 467.322784423828125 464.643341064453125 461.987823486328125 459.357269287109375 456.752777099609375 454.175750732421875 451.62664794921875 449.1036376953125 446.607177734375 444.13763427734375 441.685638427734375 439.210662841796875 436.728759765625 434.274810791015625 431.849090576171875
557.381103515625 558.76031494140625 560.168701171875 561.60614013671875 561.6690673828125 559.22784423828125 556.08843994140625 552.96661376953125 549.86077880859375 546.77081298828125 543.69696044921875 540.6395263671875 537.59893798828125 534.57781982421875 531.57611083984375 528.58538818359375 525.5870361328125 522.5633544921875 519.525146484375 516.50439453125 513.503662109375 510.52203369140625 507.55889892578125 504.614593505859375 501.689422607421875 498.783660888671875 495.899139404296875 493.038909912109375 490.199249267578125 487.3804931640625 484.582977294921875 481.80706787109375 479.0531005859375 476.32391357421875 473.61907958984375 470.937469482421875 468.279449462890625 465.6453857421875 463.035675048828125 460.451751708984375 457.8984375 455.370849609375 452.869354248046875 450.39434814453125 447.9381103515625 445.4747314453125 442.988189697265625 440.528594970703125 438.096527099609375 435.692657470703125
