data/dist_coast.asc
ncols        384
nrows        480
xllcorner    138.000000000000
yllcorner    -29.000000000000
cellsize     0.041666666667
NODATA_value -9999
[rows 322 to 344 of 480, columns 150 to 199 of 384]
437.197906494140625 434.873077392578125 432.581024169921875 430.322998046875 428.095489501953125 425.89892578125 423.7337646484375 421.600433349609375 419.5 417.43804931640625 415.409576416015625 413.415008544921875 411.454833984375 409.525177001953125 407.610382080078125 405.659942626953125 403.74603271484375 401.770355224609375 399.610748291015625 397.10992431640625 394.27667236328125 391.3856201171875 388.523590087890625 385.687347412109375 382.87744140625 380.09442138671875 377.34051513671875 374.615936279296875 371.923095703125 369.261627197265625 366.630157470703125 364.029327392578125 361.459747314453125 358.92205810546875 356.41778564453125 353.951995849609375 351.520416259765625 349.12493896484375 346.76641845703125 344.44140625 342.116607666015625 339.336517333984375 335.926055908203125 332.310791015625 328.66058349609375 325.024810791015625 321.40399169921875 317.799102783203125 314.216461181640625 310.652191162109375
441.09320068359375 438.790435791015625 436.5216064453125 434.282989501953125 432.0762939453125 429.90045166015625 427.755889892578125 425.643035888671875 423.566558837890625 421.52484130859375 419.516387939453125 417.54168701171875 415.601165771484375 413.6851806640625 411.74041748046875 409.812042236328125 407.89764404296875 405.806640625 403.3614501953125 400.580230712890625 397.689910888671875 394.827362060546875 391.9913330078125 389.18121337890625 386.397491455078125 383.6407470703125 380.911468505859375 378.213714599609375 375.549346923828125 372.9144287109375 370.309539794921875 367.735321044921875 365.1923828125 362.6812744140625 360.20745849609375 357.768341064453125 355.36334228515625 352.99310302734375 350.652618408203125 348.2630615234375 345.60601806640625 341.996856689453125 338.346099853515625 334.709381103515625 331.087127685546875 327.479827880859375 323.88787841796875 320.313995361328125 316.756988525390625 313.222747802734375
445.0029296875 442.724090576171875 440.47601318359375 438.257843017578125 436.070343017578125 433.914886474609375 431.790557861328125 429.69952392578125 427.64495849609375 425.62310791015625 423.63433837890625 421.67913818359375 419.751251220703125 417.82733154296875 415.88519287109375 413.975616455078125 411.968475341796875 409.608856201171875 406.8819580078125 403.9927978515625 401.12933349609375 398.293548583984375 395.483245849609375 392.69891357421875 389.941070556640625 387.210235595703125 384.506988525390625 381.836334228515625 379.19781494140625 376.589080810546875 374.01043701171875 371.46240234375 368.945648193359375 366.4632568359375 364.016937255859375 361.604034423828125 359.22515869140625 356.880950927734375 354.49810791015625 351.676605224609375 348.0252685546875 344.387603759765625 340.764007568359375 337.15484619140625 333.560638427734375 329.981781005859375 326.420135498046875 322.8760986328125 319.349151611328125 315.8406982421875
448.92852783203125 446.671478271484375 444.443817138671875 442.2459716796875 440.07830810546875 437.94183349609375 435.837432861328125 433.769744873046875 431.734893798828125 429.732574462890625 427.763153076171875 425.825347900390625 423.90869140625 421.964447021484375 420.040374755859375 418.0877685546875 415.8399658203125 413.18194580078125 410.2939453125 407.42974853515625 404.59405517578125 401.783599853515625 398.998687744140625 396.239837646484375 393.50750732421875 390.802276611328125 388.127227783203125 385.483001708984375 382.867950439453125 380.285003662109375 377.732147216796875 375.209930419921875 372.71929931640625 370.266082763671875 367.8455810546875 365.45843505859375 363.105224609375 360.63336181640625 357.623016357421875 354.059906005859375 350.434967041015625 346.8240966796875 343.227691650390625 339.646209716796875 336.080047607421875 332.53021240234375 328.998748779296875 325.484283447265625 321.98736572265625 318.508514404296875
452.86907958984375 450.63226318359375 448.424713134765625 446.246856689453125 444.099090576171875 441.981842041015625 439.89892578125 437.85150146484375 435.836029052734375 433.852874755859375 431.902496337890625 429.9783935546875 428.0513916015625 426.111572265625 424.19696044921875 422.024658203125 419.4527587890625 416.59442138671875 413.72991943359375 410.892913818359375 408.08233642578125 405.296905517578125 402.537078857421875 399.8033447265625 397.09625244140625 394.416900634765625 391.769683837890625 389.150909423828125 386.5611572265625 384.001556396484375 381.47412109375 378.977264404296875 376.515716552734375 374.08795166015625 371.692840576171875 369.330963134765625 366.78082275390625 363.618743896484375 360.105743408203125 356.491943359375 352.889404296875 349.305389404296875 345.736236572265625 342.182403564453125 338.64434814453125 335.124725341796875 331.622344970703125 328.137420654296875 324.67047119140625 321.2220458984375
456.822967529296875 454.606048583984375 452.4183349609375 450.260162353515625 448.131988525390625 446.034423828125 443.973358154296875 441.944488525390625 439.94805908203125 437.9837646484375 436.04925537109375 434.131256103515625 432.1876220703125 430.267852783203125 428.185791015625 425.70867919921875 422.897369384765625 420.031890869140625 417.190765380859375 414.37945556640625 411.593536376953125 408.83282470703125 406.097747802734375 403.38885498046875 400.706634521484375 398.055328369140625 395.433197021484375 392.839508056640625 390.27484130859375 387.73968505859375 385.2357177734375 382.765777587890625 380.331024169921875 377.928253173828125 375.508270263671875 372.874908447265625 369.738525390625 366.164886474609375 362.55926513671875 358.9677734375 355.390655517578125 351.830535888671875 348.288665771484375 344.76251220703125 341.25384521484375 337.76318359375 334.289886474609375 330.834442138671875 327.397430419921875 323.97930908203125
460.78985595703125 458.592559814453125 456.424346923828125 454.28558349609375 452.1766357421875 450.101654052734375 448.05963134765625 446.048828125 444.0706787109375 442.12469482421875 440.203277587890625 438.270660400390625 436.3365478515625 434.3304443359375 431.946807861328125 429.198516845703125 426.333831787109375 423.492401123046875 420.678009033203125 417.888885498046875 415.127105712890625 412.390777587890625 409.680206298828125 406.995819091796875 404.3399658203125 401.714569091796875 399.117156982421875 396.5482177734375 394.00823974609375 391.497833251953125 389.0174560546875 386.57470703125 384.16461181640625 381.7060546875 378.998046875 375.834503173828125 372.225555419921875 368.63116455078125 365.05157470703125 361.486358642578125 357.93585205078125 354.4005126953125 350.884002685546875 347.385955810546875 343.90667724609375 340.44464111328125 337.000335693359375 333.574310302734375 330.167083740234375 326.779205322265625
464.769439697265625 462.591461181640625 460.44244384765625 458.32275390625 456.2340087890625 454.1800537109375 452.156768798828125 450.16455078125 448.203826904296875 446.274169921875 444.36187744140625 442.4112548828125 440.457122802734375 438.1781005859375 435.49786376953125 432.634002685546875 429.79302978515625 426.97705078125 424.187530517578125 421.422454833984375 418.682464599609375 415.970245361328125 413.2838134765625 410.623626708984375 407.995086669921875 405.394073486328125 402.821014404296875 400.27642822265625 397.760833740234375 395.274749755859375 392.822021484375 390.40240478515625 387.974700927734375 385.17138671875 381.888153076171875 378.29083251953125 374.707366943359375 371.139404296875 367.585723876953125 364.0467529296875 360.52288818359375 357.014556884765625 353.522186279296875 350.0526123046875 346.60150146484375 343.16802978515625 339.752655029296875 336.35595703125 332.978424072265625 329.622161865234375
468.7613525390625 466.6024169921875 464.472320556640625 462.371429443359375 460.3046875 458.269317626953125 456.26446533203125 454.290557861328125 452.347930908203125 450.43023681640625 448.48992919921875 446.560546875 444.415191650390625 441.79547119140625 438.93243408203125 436.091949462890625 433.2744140625 430.48455810546875 427.71875 424.977447509765625 422.26104736328125 419.570648193359375 416.9080810546875 414.27471923828125 411.67022705078125 409.093231201171875 406.544219970703125 404.023651123046875 401.532073974609375 399.0711669921875 396.644744873046875 394.24908447265625 391.386627197265625 387.946502685546875 384.360565185546875 380.787994384765625 377.230987548828125 373.688568115234375 370.16082763671875 366.648101806640625 363.150848388671875 359.66949462890625 356.205718994140625 352.7603759765625 349.337371826171875 345.932373046875 342.54583740234375 339.1783447265625 335.830780029296875 332.506317138671875
472.76531982421875 470.6251220703125 468.513671875 466.433380126953125 464.386260986328125 462.369171142578125 460.382476806640625 458.426544189453125 456.49713134765625 454.57647705078125 452.632720947265625 450.662353515625 448.09039306640625 445.229156494140625 442.38916015625 439.571807861328125 436.77996826171875 434.013519287109375 431.271148681640625 428.553314208984375 425.860443115234375 423.193023681640625 420.553466796875 417.9456787109375 415.364898681640625 412.811614990234375 410.2862548828125 407.78936767578125 405.3214111328125 402.887603759765625 400.44671630859375 397.457275390625 393.9989013671875 390.4344482421875 386.872955322265625 383.326202392578125 379.79473876953125 376.27789306640625 372.776031494140625 369.28955078125 365.81890869140625 362.36480712890625 358.929779052734375 355.5120849609375 352.11334228515625 348.7366943359375 345.37890625 342.04046630859375 338.72454833984375 335.4300537109375
476.781036376953125 474.659332275390625 472.566192626953125 470.507415771484375 468.47845458984375 466.4793701171875 464.510528564453125 462.572265625 460.6593017578125 458.711883544921875 456.78466796875 454.321990966796875 451.52423095703125 448.684722900390625 445.8675537109375 443.0738525390625 440.3067626953125 437.563385009765625 434.84417724609375 432.149566650390625 429.479949951171875 426.835784912109375 424.22149658203125 421.635955810546875 419.07855224609375 416.548614501953125 414.046630859375 411.57305908203125 409.130950927734375 406.5279541015625 403.515289306640625 400.088531494140625 396.52001953125 392.96478271484375 389.424835205078125 385.904052734375 382.397796630859375 378.906494140625 375.430511474609375 371.970245361328125 368.526123046875 365.10064697265625 361.6929931640625 358.302978515625 354.93115234375 351.580078125 348.2508544921875 344.94281005859375 341.549774169921875 338.00372314453125
480.8082275390625 478.704681396484375 476.63250732421875 474.592041015625 472.580963134765625 470.599578857421875 468.6483154296875 466.722442626953125 464.796661376953125 462.856781005859375 460.51788330078125 457.814910888671875 454.97869873046875 452.161712646484375 449.367095947265625 446.598541259765625 443.854248046875 441.13372802734375 438.437408447265625 435.76568603515625 433.1190185546875 430.4998779296875 427.909515380859375 425.34576416015625 422.810699462890625 420.303802490234375 417.8248291015625 415.37469482421875 412.68804931640625 409.604766845703125 406.167388916015625 402.60955810546875 399.06500244140625 395.53399658203125 392.01861572265625 388.520416259765625 385.039398193359375 381.5736083984375 378.123443603515625 374.689361572265625 371.272796630859375 367.8748779296875 364.494476318359375 361.132080078125 357.78814697265625 354.46319580078125 351.09857177734375 347.620758056640625 343.8177490234375 339.7777099609375
484.84722900390625 482.761444091796875 480.70977783203125 478.687042236328125 476.69354248046875 474.7296142578125 472.793243408203125 470.87445068359375 468.932861328125 466.7105712890625 464.0870361328125 461.274932861328125 458.455657958984375 455.659576416015625 452.888885498046875 450.1436767578125 447.421905517578125 444.723968505859375 442.050262451171875 439.401214599609375 436.777374267578125 434.18365478515625 431.6160888671875 429.075103759765625 426.5611572265625 424.07666015625 421.6116943359375 418.943115234375 415.730255126953125 412.249755859375 408.702362060546875 405.168212890625 401.6475830078125 398.14166259765625 394.651458740234375 391.175994873046875 387.718719482421875 384.278411865234375 380.854034423828125 377.4461669921875 374.05767822265625 370.68658447265625 367.3333740234375 363.998443603515625 360.640289306640625 357.121795654296875 353.174774169921875 349.069610595703125 344.951385498046875 340.835662841796875
488.897674560546875 486.83197021484375 484.797393798828125 482.7921142578125 480.815948486328125 478.86920166015625 476.94683837890625 475.015228271484375 472.895782470703125 470.34814453125 467.5703125 464.75128173828125 461.954010009765625 459.178863525390625 456.4317626953125 453.70880126953125 451.00933837890625 448.333709716796875 445.682342529296875 443.055633544921875 440.45703125 437.88580322265625 435.340728759765625 432.822235107421875 430.330718994140625 427.86553955078125 425.30731201171875 421.869354248046875 418.335479736328125 414.79827880859375 411.274261474609375 407.76373291015625 404.26702880859375 400.786773681640625 397.32122802734375 393.870697021484375 390.435577392578125 387.020111083984375 383.6214599609375 380.2413330078125 376.879302978515625 373.506439208984375 369.982818603515625 366.23846435546875 362.379608154296875 358.378875732421875 354.269378662109375 350.15728759765625 346.053955078125 341.95343017578125
492.95989990234375 490.91351318359375 488.895477294921875 486.90704345703125 484.947906494140625 483.0159912109375 481.0986328125 479.064239501953125 476.608184814453125 473.864013671875 471.045257568359375 468.247955322265625 465.47247314453125 462.72149658203125 459.995025634765625 457.29345703125 454.615997314453125 451.962432861328125 449.3331298828125 446.729644775390625 444.1549072265625 441.605865478515625 439.082977294921875 436.586639404296875 434.0816650390625 431.430908203125 427.96453857421875 424.424407958984375 420.897125244140625 417.38299560546875 413.88232421875 410.395416259765625 406.924072265625 403.468109130859375 400.02716064453125 396.60150146484375 393.191558837890625 389.797943115234375 386.425811767578125 382.970947265625 379.41650390625 375.729095458984375 371.82171630859375 367.71356201171875 363.60797119140625 359.505157470703125 355.405059814453125 351.307769775390625 347.2152099609375 343.1304931640625
497.0343017578125 495.005126953125 493.004180908203125 491.03173828125 489.088897705078125 487.16668701171875 485.207489013671875 482.876739501953125 480.156097412109375 477.337615966796875 474.540313720703125 471.764495849609375 469.011199951171875 466.28369140625 463.5789794921875 460.897430419921875 458.241485595703125 455.60968017578125 453.002197265625 450.42333984375 447.870513916015625 445.3433837890625 442.8424072265625 440.275909423828125 437.401275634765625 434.041778564453125 430.518890380859375 426.998809814453125 423.49432373046875 420.003265380859375 416.52593994140625 413.063201904296875 409.61663818359375 406.184967041015625 402.768524169921875 399.36767578125 395.982818603515625 392.61431884765625 389.223541259765625 385.243194580078125 381.1495361328125 377.050537109375 372.954193115234375 368.860565185546875 364.769927978515625 360.682281494140625 356.59765625 352.516143798828125 348.4378662109375 344.3662109375
501.1187744140625 499.1065673828125 497.1224365234375 495.16668701171875 493.23681640625 491.31976318359375 489.162017822265625 486.446624755859375 483.62841796875 480.83111572265625 478.055023193359375 475.300537109375 472.570953369140625 469.864898681640625 467.18170166015625 464.52166748046875 461.88531494140625 459.275054931640625 456.691131591796875 454.1346435546875 451.60345458984375 449.09796142578125 446.479583740234375 443.487060546875 440.14141845703125 436.620941162109375 433.108917236328125 429.60992431640625 426.126434326171875 422.658447265625 419.20440673828125 415.766693115234375 412.344085693359375 408.936614990234375 405.544647216796875 402.088958740234375 398.37188720703125 394.47503662109375 390.477630615234375 386.394561767578125 382.307159423828125 378.222564697265625 374.14093017578125 370.062408447265625 365.987213134765625 361.915252685546875 357.84661865234375 353.78143310546875 349.719818115234375 345.661895751953125
505.21307373046875 503.21759033203125 501.250030517578125 499.31072998046875 497.39544677734375 495.445953369140625 492.72833251953125 489.917694091796875 487.120391845703125 484.344085693359375 481.589019775390625 478.85687255859375 476.1495361328125 473.4647216796875 470.802764892578125 468.164031982421875 465.54888916015625 462.958282470703125 460.39825439453125 457.863128662109375 455.341278076171875 452.69207763671875 449.662841796875 446.241180419921875 442.725433349609375 439.222808837890625 435.733154296875 432.25677490234375 428.7939453125 425.34783935546875 421.918182373046875 418.504425048828125 415.030029296875 411.437530517578125 407.718475341796875 403.8804931640625 399.84375 395.758331298828125 391.6739501953125 387.592437744140625 383.517578125 379.447906494140625 375.3814697265625 371.318634033203125 367.25927734375 363.203460693359375 359.151336669921875 355.102996826171875 351.058563232421875 347.018463134765625
509.316986083984375 507.33795166015625 505.38671875 503.45916748046875 501.533203125 498.979644775390625 496.205413818359375 493.408203125 490.63165283203125 487.876068115234375 485.141815185546875 482.432891845703125 479.746551513671875 477.082733154296875 474.441802978515625 471.8240966796875 469.22998046875 466.6627197265625 464.12237548828125 461.58148193359375 458.91497802734375 455.859832763671875 452.339569091796875 448.832275390625 445.338836669921875 441.858306884765625 438.390960693359375 434.9371337890625 431.49713134765625 428.071441650390625 424.604248046875 421.051910400390625 417.27239990234375 413.290130615234375 409.20855712890625 405.129730224609375 401.053985595703125 396.981170654296875 392.911407470703125 388.8447265625 384.78125 380.726043701171875 376.675445556640625 372.62860107421875 368.5855712890625 364.54144287109375 360.493072509765625 356.4437255859375 352.39385986328125 348.34356689453125
513.43023681640625 511.467437744140625 509.530853271484375 507.595733642578125 505.22015380859375 502.488677978515625 499.696044921875 496.91778564453125 494.1617431640625 491.426727294921875 488.714996337890625 486.02716064453125 483.361541748046875 480.718505859375 478.09832763671875 475.501434326171875 472.929107666015625 470.3843994140625 467.86419677734375 465.129974365234375 461.95159912109375 458.440399169921875 454.941436767578125 451.456878662109375 447.985260009765625 444.52679443359375 441.081756591796875 437.650482177734375 434.2239990234375 430.635894775390625 426.7261962890625 422.649993896484375 418.57659912109375 414.506011962890625 410.4383544921875 406.37384033203125 402.312591552734375 398.254547119140625 394.19976806640625 390.14837646484375 386.1004638671875 382.056243896484375 378.0137939453125 373.970977783203125 369.927734375 365.87884521484375 361.82366943359375 357.77142333984375 353.7232666015625 349.678955078125
517.55267333984375 515.6058349609375 513.65185546875 511.4510498046875 508.764892578125 505.9849853515625 503.20587158203125 500.44720458984375 497.71026611328125 494.995819091796875 492.306610107421875 489.6392822265625 486.994171142578125 484.37164306640625 481.772003173828125 479.195648193359375 476.64654541015625 474.122467041015625 471.276519775390625 468.033966064453125 464.5435791015625 461.053436279296875 457.576873779296875 454.113983154296875 450.664154052734375 447.20355224609375 443.642059326171875 439.8602294921875 435.9937744140625 432.010528564453125 427.952850341796875 423.886444091796875 419.82684326171875 415.77032470703125 411.717010498046875 407.667236328125 403.620819091796875 399.577911376953125 395.53582763671875 391.49029541015625 387.438568115234375 383.386566162109375 379.334075927734375 375.283660888671875 371.236846923828125 367.193756103515625 363.154449462890625 359.119354248046875 355.088470458984375 351.061798095703125
521.68402099609375 519.7252197265625 517.64678955078125 515.0418701171875 512.27239990234375 509.4931640625 506.734100341796875 503.995513916015625 501.27777099609375 498.584869384765625 495.9158935546875 493.268829345703125 490.644012451171875 488.041778564453125 485.462432861328125 482.90814208984375 480.380279541015625 477.424468994140625 474.111419677734375 470.65325927734375 467.168212890625 463.698699951171875 460.244354248046875 456.708648681640625 453.079376220703125 449.3486328125 445.471527099609375 441.40582275390625 437.343170166015625 433.283447265625 429.226715087890625 425.173004150390625 421.12451171875 417.079376220703125 413.0341796875 408.988739013671875 404.9429931640625 400.896881103515625 396.849151611328125 392.798797607421875 388.74774169921875 384.70025634765625 380.656341552734375 376.618804931640625 372.588348388671875 368.561920166015625 364.539764404296875 360.522186279296875 356.509063720703125 352.48870849609375
525.81085205078125 523.78399658203125 521.33026123046875 518.55828857421875 515.7789306640625 513.01953125 510.28033447265625 507.5616455078125 504.8646240234375 502.191986083984375 499.542449951171875 496.915435791015625 494.3106689453125 491.728485107421875 489.16888427734375 486.539886474609375 483.582550048828125 480.2449951171875 476.76708984375 473.2906494140625 469.82647705078125 466.376434326171875 462.820159912109375 458.909759521484375 454.850006103515625 450.7918701171875 446.736602783203125 442.6844482421875 438.635467529296875 434.589630126953125 430.5469970703125 426.50762939453125 422.4691162109375 418.4124755859375 414.356658935546875 410.303985595703125 406.254547119140625 402.208404541015625 398.165679931640625 394.12652587890625 390.091278076171875 386.05975341796875 382.0321044921875 378.0084228515625 373.987701416015625 369.962890625 365.933197021484375 361.898040771484375 357.857147216796875 353.803131103515625
