data/diurntemp.asc
ncols        384
nrows        480
xllcorner    138.000000000000
yllcorner    -29.000000000000
cellsize     0.041666666667
NODATA_value -9999
[rows 242 to 263 of 480, columns 0 to 48 of 384]
15.014333724975585938 14.803333282470703125 14.536333084106445313 14.320666313171386719 14.208666801452636719 13.996999740600585938 13.821666717529296875 13.774000167846679688 13.627666473388671875 13.463999748229980469 13.385999679565429688 13.409333229064941406 13.360999107360839844 13.270667076110839844 13.260999679565429688 13.310999870300292969 13.368000030517578125 13.4806671142578125 13.816666603088378906 14.203000068664550781 14.291333198547363281 14.369999885559082031 14.2606658935546875 14.257332801818847656 14.4850006103515625 14.319666862487792969 13.798000335693359375 13.506333351135253906 13.467333793640136719 13.307666778564453125 13.264333724975585938 13.450000762939453125 13.375666618347167969 13.498666763305664063 13.539999961853027344 13.165333747863769531 13.052332878112792969 13.418999671936035156 13.630000114440917969 13.756333351135253906 13.853333473205566406 13.928999900817871094 13.948333740234375 13.837666511535644531 13.900666236877441406 14.210999488830566406 14.302666664123535156 14.387666702270507813 14.604332923889160156
14.820333480834960938 14.551333427429199219 14.284666061401367188 14.047666549682617188 13.975666046142578125 13.826999664306640625 13.739999771118164063 13.748999595642089844 13.664999961853027344 13.539999008178710938 13.417333602905273438 13.329333305358886719 13.235332489013671875 13.202333450317382813 13.247332572937011719 13.352999687194824219 13.449666976928710938 13.344333648681640625 13.543334007263183594 13.931666374206542969 14.104333877563476563 14.24566650390625 14.355666160583496094 14.449334144592285156 14.509333610534667969 14.184666633605957031 13.670000076293945313 13.41699981689453125 13.406666755676269531 13.312999725341796875 13.211333274841308594 13.267999649047851563 13.287000656127929688 13.48166656494140625 13.378666877746582031 13.030333518981933594 13.000332832336425781 13.204333305358886719 13.41699981689453125 13.598666191101074219 13.888333320617675781 14.065000534057617188 13.916333198547363281 13.770333290100097656 13.862333297729492188 14.1829986572265625 14.298333168029785156 14.418999671936035156 14.598667144775390625
14.829333305358886719 14.609333038330078125 14.508333206176757813 14.381666183471679688 14.251999855041503906 14.003665924072265625 13.889666557312011719 13.793000221252441406 13.911000251770019531 13.890333175659179688 13.728000640869140625 13.480666160583496094 13.292332649230957031 13.263333320617675781 13.340666770935058594 13.406999588012695313 13.391667366027832031 13.318667411804199219 13.552666664123535156 13.859666824340820313 14.020333290100097656 14.288332939147949219 14.289333343505859375 14.403333663940429688 14.335666656494140625 13.956999778747558594 13.554332733154296875 13.401333808898925781 13.403666496276855469 13.40633392333984375 13.359666824340820313 13.20800018310546875 13.176666259765625 13.3513336181640625 13.211333274841308594 13.008000373840332031 12.965666770935058594 13.040667533874511719 13.171999931335449219 13.468667030334472656 13.949334144592285156 14.137332916259765625 13.937333106994628906 13.866666793823242188 13.862667083740234375 14.150667190551757813 14.3296661376953125 14.428667068481445313 14.521332740783691406
14.8253326416015625 14.735332489013671875 14.737333297729492188 14.731333732604980469 14.6056671142578125 14.294666290283203125 14.052333831787109375 14.120667457580566406 14.579333305358886719 14.443667411804199219 14.059000015258789063 13.651000022888183594 13.451999664306640625 13.473333358764648438 13.517333030700683594 13.550333023071289063 13.494999885559082031 13.378665924072265625 13.649333953857421875 13.842000961303710938 13.988667488098144531 14.251333236694335938 14.219666481018066406 14.260333061218261719 14.163666725158691406 13.862333297729492188 13.618333816528320313 13.5366668701171875 13.476999282836914063 13.460332870483398438 13.535333633422851563 13.40633392333984375 13.228333473205566406 13.174666404724121094 12.999667167663574219 12.855333328247070313 12.934000015258789063 13.109333038330078125 13.103333473205566406 13.298999786376953125 13.798666954040527344 14.05933380126953125 13.9913330078125 14.030666351318359375 14.013333320617675781 14.195333480834960938 14.362667083740234375 14.410333633422851563 14.528000831604003906
14.905333518981933594 14.878333091735839844 14.860667228698730469 14.86100006103515625 14.746666908264160156 14.415332794189453125 14.166666984558105469 14.557999610900878906 15.173666954040527344 14.663000106811523438 14.12599945068359375 13.760334014892578125 13.648000717163085938 13.755000114440917969 13.796000480651855469 13.673333168029785156 13.47299957275390625 13.331333160400390625 13.523332595825195313 13.751667022705078125 13.945000648498535156 14.133333206176757813 14.1660003662109375 14.153666496276855469 13.996000289916992188 13.701000213623046875 13.494333267211914063 13.44066619873046875 13.489000320434570313 13.591000556945800781 13.632333755493164063 13.47299957275390625 13.237999916076660156 13.004332542419433594 12.842332839965820313 12.743666648864746094 12.924666404724121094 13.124666213989257813 12.999666213989257813 12.997333526611328125 13.517333030700683594 13.983666419982910156 14.060000419616699219 14.192999839782714844 14.279666900634765625 14.3556671142578125 14.402666091918945313 14.462332725524902344 14.590666770935058594
15.194666862487792969 15.116665840148925781 15.010334014892578125 14.898000717163085938 14.729666709899902344 14.447000503540039063 14.469999313354492188 14.983666419982910156 15.530000686645507813 14.835333824157714844 14.194333076477050781 13.964333534240722656 13.867000579833984375 13.883334159851074219 13.876667022705078125 13.657999992370605469 13.394666671752929688 13.239333152770996094 13.316332817077636719 13.627333641052246094 13.878665924072265625 14.000333786010742188 14.050333023071289063 14.072666168212890625 13.897333145141601563 13.720999717712402344 13.581666946411132813 13.428333282470703125 13.434999465942382813 13.6273345947265625 13.668000221252441406 13.436999320983886719 13.186999320983886719 12.97733306884765625 12.899333000183105469 12.772665977478027344 12.916333198547363281 12.995999336242675781 12.918333053588867188 12.955333709716796875 13.503666877746582031 14.047332763671875 14.154000282287597656 14.270667076110839844 14.349333763122558594 14.350000381469726563 14.430999755859375 14.604001045227050781 14.573666572570800781
15.687334060668945313 15.535333633422851563 15.377666473388671875 15.098666191101074219 14.917000770568847656 14.693333625793457031 14.837999343872070313 15.173000335693359375 15.545332908630371094 15.061666488647460938 14.424999237060546875 14.209000587463378906 14.044000625610351563 13.909000396728515625 13.868333816528320313 13.703332901000976563 13.5323333740234375 13.33300018310546875 13.327666282653808594 13.53766632080078125 13.761000633239746094 13.914333343505859375 13.936333656311035156 14.007333755493164063 13.7823333740234375 13.755666732788085938 13.856332778930664063 13.723000526428222656 13.517000198364257813 13.546999931335449219 13.602999687194824219 13.47833251953125 13.292333602905273438 13.079000473022460938 12.961333274841308594 12.919333457946777344 12.913667678833007813 12.831665992736816406 12.913666725158691406 13.215000152587890625 13.760999679565429688 14.183666229248046875 14.198667526245117188 14.198999404907226563 14.248332977294921875 14.245332717895507813 14.456666946411132813 14.653666496276855469 14.547332763671875
16.094999313354492188 15.907666206359863281 15.788666725158691406 15.510666847229003906 15.407666206359863281 15.133000373840332031 15.094333648681640625 15.145999908447265625 15.215000152587890625 14.939666748046875 14.53333282470703125 14.355000495910644531 14.3470001220703125 14.369333267211914063 14.310999870300292969 14.085000038146972656 13.821000099182128906 13.644999504089355469 13.584333419799804688 13.627000808715820313 13.717000007629394531 13.873000144958496094 13.928333282470703125 14.011667251586914063 13.762000083923339844 13.635333061218261719 13.781665802001953125 13.90633392333984375 13.816999435424804688 13.618000030517578125 13.498665809631347656 13.465333938598632813 13.465332984924316406 13.234333038330078125 12.982666015625 13.008333206176757813 12.9160003662109375 12.741000175476074219 12.835332870483398438 13.323332786560058594 13.939999580383300781 14.250333786010742188 14.116666793823242188 13.996666908264160156 14.199000358581542969 14.254667282104492188 14.423333168029785156 14.57866668701171875 14.587999343872070313
16.089666366577148438 15.907999992370605469 15.826333045959472656 15.792332649230957031 15.70366668701171875 15.461000442504882813 15.500333786010742188 15.360666275024414063 15.1336669921875 14.776333808898925781 14.438000679016113281 14.279999732971191406 14.659999847412109375 15.038999557495117188 14.9503326416015625 14.614665985107421875 14.103667259216308594 13.913666725158691406 13.946999549865722656 14.029666900634765625 13.989666938781738281 13.966333389282226563 14.017666816711425781 14.118666648864746094 13.983333587646484375 13.801667213439941406 13.72299957275390625 13.978666305541992188 14.23166656494140625 13.904999732971191406 13.538666725158691406 13.370000839233398438 13.42566680908203125 13.363999366760253906 13.085666656494140625 12.948332786560058594 12.953999519348144531 12.779333114624023438 12.733666419982910156 13.259333610534667969 13.990667343139648438 14.265999794006347656 13.994333267211914063 13.81133270263671875 14.089000701904296875 14.086666107177734375 14.206333160400390625 14.448999404907226563 14.589666366577148438
16.097333908081054688 16.038999557495117188 15.961999893188476563 15.934665679931640625 15.83499908447265625 15.793666839599609375 15.854000091552734375 15.62066650390625 15.313333511352539063 14.921999931335449219 14.384667396545410156 13.984333038330078125 14.4589996337890625 15.075999259948730469 15.136999130249023438 14.944000244140625 14.418333053588867188 14.036000251770019531 14.182332992553710938 14.390999794006347656 14.377667427062988281 14.271333694458007813 14.236666679382324219 14.123666763305664063 13.879666328430175781 13.795999526977539063 13.841333389282226563 14.201666831970214844 14.473333358764648438 13.979666709899902344 13.482333183288574219 13.307999610900878906 13.281000137329101563 13.191000938415527344 12.932666778564453125 12.885333061218261719 12.94499969482421875 12.928666114807128906 12.888332366943359375 13.34799957275390625 14.036000251770019531 14.29399871826171875 13.946666717529296875 13.645000457763671875 13.860334396362304688 13.886332511901855469 13.998000144958496094 14.236667633056640625 14.494999885559082031
16.021333694458007813 16.069334030151367188 15.954667091369628906 15.891333580017089844 15.906667709350585938 15.974332809448242188 15.964666366577148438 15.750332832336425781 15.562000274658203125 15.258333206176757813 14.5260009765625 14.246333122253417969 14.697666168212890625 15.164999961853027344 15.24900054931640625 15.173334121704101563 15.002666473388671875 14.685333251953125 14.467333793640136719 14.524999618530273438 14.524999618530273438 14.479000091552734375 14.47733306884765625 14.189000129699707031 13.796667098999023438 13.683333396911621094 13.853333473205566406 14.234666824340820313 14.325666427612304688 13.846333503723144531 13.543334007263183594 13.449000358581542969 13.467332839965820313 13.222333908081054688 13.008333206176757813 12.989665985107421875 13.065000534057617188 13.0366668701171875 12.96533203125 13.305333137512207031 13.990666389465332031 14.262333869934082031 13.835333824157714844 13.446000099182128906 13.634333610534667969 13.820666313171386719 13.955999374389648438 14.199000358581542969 14.3686676025390625
15.735666275024414063 15.775333404541015625 15.824000358581542969 15.778333663940429688 15.857334136962890625 15.949999809265136719 15.823999404907226563 15.690999984741210938 15.4806671142578125 15.208666801452636719 14.821999549865722656 14.721333503723144531 14.993000030517578125 15.21233367919921875 15.221999168395996094 15.215999603271484375 15.195333480834960938 15.102000236511230469 14.965999603271484375 14.718999862670898438 14.629332542419433594 14.709667205810546875 14.602665901184082031 14.249333381652832031 13.916666984558105469 13.794333457946777344 13.973333358764648438 14.225999832153320313 14.206000328063964844 13.854000091552734375 13.530333518981933594 13.470333099365234375 13.340999603271484375 13.120333671569824219 13.07866668701171875 13.169666290283203125 13.256000518798828125 13.251333236694335938 12.993666648864746094 13.172666549682617188 13.766999244689941406 14.044666290283203125 13.703332901000976563 13.319000244140625 13.394000053405761719 13.526000022888183594 13.76399993896484375 14.0883331298828125 14.226666450500488281
15.475666046142578125 15.49666595458984375 15.51399993896484375 15.453000068664550781 15.562334060668945313 15.62933349609375 15.546000480651855469 15.560667037963867188 15.447999954223632813 15.194000244140625 15.218999862670898438 15.327333450317382813 15.364333152770996094 15.33733367919921875 15.307332992553710938 15.329999923706054688 15.265999794006347656 15.159999847412109375 15.012000083923339844 14.763334274291992188 14.767999649047851563 14.834332466125488281 14.677000045776367188 14.31566619873046875 14.020333290100097656 13.940333366394042969 14.048000335693359375 14.217000007629394531 14.196666717529296875 13.926000595092773438 13.692666053771972656 13.577667236328125 13.290332794189453125 13.107000350952148438 13.140333175659179688 13.131999969482421875 13.169000625610351563 13.118333816528320313 13.019666671752929688 13.290333747863769531 13.723333358764648438 13.898333549499511719 13.637332916259765625 13.213666915893554688 13.211667060852050781 13.285999298095703125 13.748665809631347656 13.892999649047851563 13.950999259948730469
15.288333892822265625 15.323999404907226563 15.218999862670898438 15.102999687194824219 15.2910003662109375 15.389000892639160156 15.532666206359863281 15.687334060668945313 15.581666946411132813 15.174666404724121094 15.185333251953125 15.315000534057617188 15.352334022521972656 15.310000419616699219 15.303333282470703125 15.387666702270507813 15.2910003662109375 15.160333633422851563 15.011667251586914063 14.783666610717773438 14.810333251953125 14.626999855041503906 14.5970001220703125 14.298000335693359375 14.079999923706054688 13.947999954223632813 13.927332878112792969 14.043333053588867188 14.00333404541015625 13.806333541870117188 13.66500091552734375 13.286665916442871094 13.2133331298828125 13.115666389465332031 13.120333671569824219 13.092332839965820313 13.095999717712402344 13.040666580200195313 13.034667015075683594 13.272000312805175781 13.678667068481445313 13.8513336181640625 13.52700042724609375 13.154333114624023438 13.213999748229980469 13.410999298095703125 13.747333526611328125 13.915333747863769531 13.9720001220703125
15.197333335876464844 15.11100006103515625 14.990666389465332031 15.063333511352539063 15.204333305358886719 15.319665908813476563 15.545332908630371094 15.767666816711425781 15.769666671752929688 15.382332801818847656 14.998332977294921875 14.868666648864746094 14.986332893371582031 15.021999359130859375 15.086333274841308594 15.369999885559082031 15.379334449768066406 15.233999252319335938 15.053333282470703125 14.80066680908203125 14.557000160217285156 14.482666015625 14.493333816528320313 14.177000045776367188 13.909333229064941406 13.7239990234375 13.827666282653808594 13.86966705322265625 13.701666831970214844 13.839667320251464844 13.787667274475097656 13.293333053588867188 13.127666473388671875 13.073000907897949219 13.159000396728515625 13.229999542236328125 13.051000595092773438 12.916332244873046875 12.937000274658203125 13.118666648864746094 13.465000152587890625 13.658666610717773438 13.411333084106445313 13.020666122436523438 13.038000106811523438 13.172332763671875 13.540666580200195313 13.886333465576171875 13.989333152770996094
15.303332328796386719 15.154333114624023438 15.0453338623046875 15.089666366577148438 15.243666648864746094 15.467333793640136719 15.678334236145019531 15.84166717529296875 15.816333770751953125 15.548666954040527344 15.220332145690917969 15.025332450866699219 14.91266632080078125 14.798999786376953125 14.902667045593261719 15.227999687194824219 15.196332931518554688 14.93866729736328125 14.8339996337890625 14.691666603088378906 14.582333564758300781 14.598333358764648438 14.448332786560058594 14.135334014892578125 13.935666084289550781 13.676333427429199219 13.859333038330078125 13.88800048828125 13.603333473205566406 13.917666435241699219 13.960000038146972656 13.354000091552734375 13.100000381469726563 13.315667152404785156 13.439000129699707031 13.654666900634765625 13.367666244506835938 13.072999000549316406 13.002666473388671875 13.121333122253417969 13.37933349609375 13.406000137329101563 13.142999649047851563 13.005333900451660156 12.973333358764648438 12.933333396911621094 13.346999168395996094 13.865000724792480469 13.925999641418457031
15.387999534606933594 15.23600006103515625 15.155333518981933594 15.135666847229003906 15.11199951171875 15.297666549682617188 15.598666191101074219 15.789000511169433594 15.703333854675292969 15.525332450866699219 15.493999481201171875 15.3836669921875 15.131333351135253906 14.89766693115234375 14.898667335510253906 15.0410003662109375 14.904999732971191406 14.858000755310058594 14.785333633422851563 14.659999847412109375 14.623666763305664063 14.702666282653808594 14.399999618530273438 14.112333297729492188 13.949000358581542969 13.769000053405761719 13.895333290100097656 13.849999427795410156 13.625666618347167969 13.915667533874511719 13.903666496276855469 13.239999771118164063 13.104333877563476563 13.606333732604980469 13.7413330078125 13.762666702270507813 13.354999542236328125 13.034999847412109375 12.951999664306640625 12.92566680908203125 13.327666282653808594 13.501667022705078125 13.093333244323730469 12.959333419799804688 12.831333160400390625 12.801000595092773438 13.310667037963867188 13.86533355712890625 13.8426666259765625
15.363999366760253906 15.211666107177734375 15.1399993896484375 15.063333511352539063 14.984333992004394531 15.152667045593261719 15.52266693115234375 15.65200042724609375 15.44933319091796875 15.350999832153320313 15.482666015625 15.4850006103515625 15.243000030517578125 14.999333381652832031 14.928333282470703125 14.90399932861328125 14.832666397094726563 14.859333992004394531 14.809667587280273438 14.539999961853027344 14.556667327880859375 14.79633331298828125 14.45366668701171875 14.155666351318359375 14.004999160766601563 13.984333038330078125 13.948666572570800781 13.748666763305664063 13.55933380126953125 13.599666595458984375 13.478333473205566406 13.011333465576171875 13.080666542053222656 13.598667144775390625 13.733333587646484375 13.448333740234375 13.181666374206542969 12.975666999816894531 12.971666336059570313 12.887000083923339844 13.3899993896484375 13.718667030334472656 13.175000190734863281 12.837999343872070313 12.667666435241699219 12.780666351318359375 13.448999404907226563 13.727665901184082031 13.579999923706054688
15.430332183837890625 15.27266693115234375 15.185667037963867188 15.03466796875 15.03133392333984375 15.186000823974609375 15.410332679748535156 15.439666748046875 15.261667251586914063 15.246333122253417969 15.329999923706054688 15.290666580200195313 15.174333572387695313 15.124667167663574219 15.176333427429199219 15.261666297912597656 15.192666053771972656 14.887666702270507813 14.846334457397460938 14.692999839782714844 14.572332382202148438 14.604000091552734375 14.458333969116210938 14.34366607666015625 14.275666236877441406 14.182666778564453125 13.863666534423828125 13.571666717529296875 13.60666656494140625 13.6486663818359375 13.327333450317382813 13.085332870483398438 13.47833251953125 13.934666633605957031 14.012666702270507813 13.9720001220703125 13.84600067138671875 13.567667007446289063 13.236666679382324219 12.932332992553710938 13.401999473571777344 13.727999687194824219 13.170000076293945313 12.888333320617675781 12.92566680908203125 13.134333610534667969 13.421000480651855469 13.516666412353515625 13.4073333740234375
15.575333595275878906 15.375332832336425781 15.226000785827636719 15.076000213623046875 15.081333160400390625 15.203000068664550781 15.269000053405761719 15.269666671752929688 15.249333381652832031 15.340666770935058594 15.344333648681640625 15.188000679016113281 15.115999221801757813 15.1660003662109375 15.266666412353515625 15.443333625793457031 15.425333023071289063 15.073999404907226563 14.946999549865722656 14.942333221435546875 14.663666725158691406 14.524333000183105469 14.589333534240722656 14.67566680908203125 14.604666709899902344 14.383666038513183594 13.873666763305664063 13.442667007446289063 13.552666664123535156 13.692999839782714844 13.35233306884765625 13.300000190734863281 13.942000389099121094 14.142665863037109375 13.8339996337890625 14.058333396911621094 14.136666297912597656 13.997666358947753906 13.5410003662109375 13.044666290283203125 13.364000320434570313 13.647333145141601563 13.1336669921875 13.01833343505859375 13.270000457763671875 13.352999687194824219 13.329667091369628906 13.3426666259765625 13.274333000183105469
15.700666427612304688 15.442333221435546875 15.185999870300292969 15.069333076477050781 15.097333908081054688 15.182666778564453125 15.243332862854003906 15.258000373840332031 15.383000373840332031 15.545999526977539063 15.525333404541015625 15.324666023254394531 15.119333267211914063 15.053333282470703125 15.104000091552734375 15.189665794372558594 15.262666702270507813 15.221666336059570313 15.097332954406738281 15.047332763671875 14.795001029968261719 14.771333694458007813 14.811000823974609375 14.846666336059570313 14.712999343872070313 14.562000274658203125 14.042667388916015625 13.443666458129882813 13.3426666259765625 13.399333953857421875 13.234333992004394531 13.377333641052246094 14.067999839782714844 14.004332542419433594 13.353667259216308594 13.308666229248046875 13.418999671936035156 13.666333198547363281 13.69499969482421875 13.238666534423828125 13.339667320251464844 13.501667022705078125 13.055999755859375 13.081999778747558594 13.421999931335449219 13.176666259765625 13.289667129516601563 13.378000259399414063 13.382999420166015625
15.767666816711425781 15.573666572570800781 15.278666496276855469 15.0453338623046875 15.102000236511230469 15.170667648315429688 15.322666168212890625 15.391000747680664063 15.496333122253417969 15.607666969299316406 15.585666656494140625 15.379999160766601563 15.129666328430175781 15.006333351135253906 15.054333686828613281 15.140333175659179688 15.196332931518554688 15.178666114807128906 15.270999908447265625 15.179666519165039063 14.94300079345703125 14.87933349609375 14.834667205810546875 14.76399993896484375 14.663000106811523438 14.604999542236328125 14.142666816711425781 13.615666389465332031 13.520000457763671875 13.494999885559082031 13.3556671142578125 13.52266693115234375 14.091666221618652344 14.070333480834960938 13.588000297546386719 13.284000396728515625 13.076000213623046875 13.366666793823242188 13.576000213623046875 13.197333335876464844 13.147665977478027344 13.186667442321777344 12.9589996337890625 13.251333236694335938 13.549666404724121094 13.070666313171386719 13.092333793640136719 13.54833221435546875 13.859666824340820313
