data/diurntemp.asc
ncols        384
nrows        480
xllcorner    138.000000000000
yllcorner    -29.000000000000
cellsize     0.041666666667
NODATA_value -9999
[rows 330 to 351 of 480, columns 98 to 146 of 384]
14.656000137329101563 14.471999168395996094 14.350999832153320313 14.403666496276855469 14.404999732971191406 14.618999481201171875 15.221666336059570313 15.493000030517578125 15.428333282470703125 15.077000617980957031 14.516666412353515625 14.216666221618652344 14.284000396728515625 14.470000267028808594 14.574666976928710938 14.447000503540039063 14.307332992553710938 14.289999008178710938 14.479666709899902344 14.310333251953125 14.131667137145996094 13.941666603088378906 13.58300018310546875 13.226666450500488281 12.973666191101074219 13.156332969665527344 13.345000267028808594 13.21433258056640625 13.566666603088378906 14.498999595642089844 15.089666366577148438 15.513667106628417969 15.7176666259765625 15.770000457763671875 15.837999343872070313 15.830333709716796875 15.83300018310546875 15.796999931335449219 15.808000564575195313 15.823333740234375 15.772333145141601563 15.744998931884765625 15.775333404541015625 15.790666580200195313 15.795332908630371094 15.807666778564453125 15.725000381469726563 15.594999313354492188 15.521333694458007813
14.585333824157714844 14.26399993896484375 14.274333000183105469 14.527333259582519531 14.824666976928710938 15.341000556945800781 15.590332984924316406 15.402333259582519531 15.066333770751953125 14.5236663818359375 14.159333229064941406 14.036000251770019531 14.132999420166015625 14.438333511352539063 14.644000053405761719 14.572333335876464844 14.285999298095703125 14.173666954040527344 14.323666572570800781 14.010000228881835938 13.809332847595214844 13.793999671936035156 13.626999855041503906 13.4116668701171875 13.109999656677246094 12.812334060668945313 12.7866668701171875 13.201999664306640625 13.930999755859375 14.598666191101074219 15.058666229248046875 15.250333786010742188 15.282667160034179688 15.439667701721191406 15.732333183288574219 15.881333351135253906 15.837999343872070313 15.732999801635742188 15.717665672302246094 15.778666496276855469 15.77166748046875 15.666333198547363281 15.6486663818359375 15.708665847778320313 15.756666183471679688 15.80933380126953125 15.74900054931640625 15.696332931518554688 15.649666786193847656
14.804333686828613281 14.310000419616699219 14.297333717346191406 14.566333770751953125 14.921667098999023438 15.256667137145996094 15.454000473022460938 15.2953338623046875 14.875666618347167969 14.141332626342773438 13.854333877563476563 13.904334068298339844 13.932666778564453125 14.034000396728515625 14.304332733154296875 14.582333564758300781 14.30699920654296875 14.211999893188476563 14.228666305541992188 14.027333259582519531 13.83300018310546875 13.801999092102050781 13.624667167663574219 13.475666999816894531 13.241999626159667969 12.958666801452636719 13.024333000183105469 13.490666389465332031 13.930333137512207031 14.434666633605957031 15.00966644287109375 14.999666213989257813 14.93866729736328125 15.083666801452636719 15.465332984924316406 15.717999458312988281 15.734333038330078125 15.682000160217285156 15.716000556945800781 15.786333084106445313 15.77466583251953125 15.661999702453613281 15.607333183288574219 15.710000038146972656 15.759333610534667969 15.806333541870117188 15.791333198547363281 15.718000411987304688 15.677332878112792969
14.900333404541015625 14.378665924072265625 14.342000007629394531 14.517333030700683594 14.853667259216308594 15.289667129516601563 15.288999557495117188 15.09166717529296875 14.698999404907226563 14.002332687377929688 13.861666679382324219 13.977666854858398438 14.015000343322753906 14.111333847045898438 14.271332740783691406 14.531999588012695313 14.300999641418457031 14.262332916259765625 14.173666954040527344 14.06999969482421875 13.904666900634765625 13.80699920654296875 13.650332450866699219 13.446333885192871094 13.219333648681640625 13.07866668701171875 13.329999923706054688 13.831666946411132813 13.9546661376953125 13.998332977294921875 14.566666603088378906 14.709333419799804688 14.793333053588867188 15.019000053405761719 15.3383331298828125 15.533333778381347656 15.659667015075683594 15.74666595458984375 15.806666374206542969 15.797666549682617188 15.708333969116210938 15.631666183471679688 15.623332977294921875 15.721333503723144531 15.783000946044921875 15.804333686828613281 15.785666465759277344 15.728999137878417969 15.698333740234375
14.905666351318359375 14.514333724975585938 14.431333541870117188 14.495333671569824219 14.732998847961425781 15.137332916259765625 15.086666107177734375 14.925333976745605469 14.55066680908203125 14.012000083923339844 13.891333580017089844 13.866999626159667969 13.881667137145996094 14.204999923706054688 14.651666641235351563 14.8296661376953125 14.380666732788085938 14.172666549682617188 14.062000274658203125 13.980999946594238281 13.904665946960449219 13.819000244140625 13.737333297729492188 13.548999786376953125 13.335666656494140625 13.39766693115234375 13.728666305541992188 14.035999298095703125 14.070667266845703125 13.900666236877441406 14.06133270263671875 14.422000885009765625 14.853667259216308594 15.18866729736328125 15.414333343505859375 15.607333183288574219 15.674333572387695313 15.744333267211914063 15.781665802001953125 15.690332412719726563 15.604332923889160156 15.587000846862792969 15.605666160583496094 15.691332817077636719 15.738666534423828125 15.7996673583984375 15.802000045776367188 15.759333610534667969 15.656665802001953125
14.890333175659179688 14.780666351318359375 14.636666297912597656 14.292333602905273438 14.087666511535644531 14.600999832153320313 14.869000434875488281 14.68633270263671875 14.240667343139648438 13.982666969299316406 13.967333793640136719 13.989000320434570313 13.987999916076660156 14.178333282470703125 14.64766693115234375 14.904000282287597656 14.479000091552734375 13.967332839965820313 13.829000473022460938 13.921999931335449219 13.909999847412109375 13.816666603088378906 13.682666778564453125 13.537000656127929688 13.507666587829589844 13.695000648498535156 13.913333892822265625 14.034667015075683594 14.301333427429199219 14.606999397277832031 14.573999404907226563 14.661333084106445313 14.954999923706054688 15.3339996337890625 15.535332679748535156 15.727666854858398438 15.77266693115234375 15.725666046142578125 15.602000236511230469 15.504334449768066406 15.565667152404785156 15.668000221252441406 15.627666473388671875 15.651666641235351563 15.723333358764648438 15.808000564575195313 15.895999908447265625 15.821333885192871094 15.605666160583496094
14.480999946594238281 14.43633270263671875 14.387666702270507813 14.01833343505859375 13.978000640869140625 14.469666481018066406 14.64966583251953125 14.375333786010742188 14.206999778747558594 14.151999473571777344 14.155333518981933594 14.081000328063964844 13.94066619873046875 13.908333778381347656 14.126333236694335938 14.48600006103515625 14.458333015441894531 14.070666313171386719 14.068666458129882813 14.109333038330078125 13.891666412353515625 13.595333099365234375 13.483666419982910156 13.675999641418457031 13.935999870300292969 13.941333770751953125 13.810667037963867188 13.927666664123535156 14.476666450500488281 15.246666908264160156 15.560000419616699219 15.696332931518554688 15.75099945068359375 15.81566619873046875 15.822999954223632813 15.850333213806152344 15.821666717529296875 15.764332771301269531 15.502666473388671875 15.469999313354492188 15.684332847595214844 15.697999954223632813 15.664333343505859375 15.677332878112792969 15.698999404907226563 15.748333930969238281 15.839333534240722656 15.794333457946777344 15.48600006103515625
14.446332931518554688 14.229000091552734375 13.996666908264160156 13.834000587463378906 14.436333656311035156 14.798666954040527344 14.7176666259765625 14.348333358764648438 14.29199981689453125 14.225333213806152344 14.214000701904296875 14.203333854675292969 14.067333221435546875 14.0236663818359375 14.189000129699707031 14.344333648681640625 14.450666427612304688 14.26833343505859375 14.247667312622070313 14.171999931335449219 13.906332969665527344 13.718999862670898438 13.840666770935058594 13.983333587646484375 14.100999832153320313 14.014332771301269531 13.843000411987304688 13.9913330078125 14.644666671752929688 15.401666641235351563 15.691999435424804688 15.850666046142578125 15.801333427429199219 15.827666282653808594 15.867333412170410156 15.848999977111816406 15.845000267028808594 15.798999786376953125 15.506000518798828125 15.537332534790039063 15.798999786376953125 15.752666473388671875 15.723666191101074219 15.665666580200195313 15.622666358947753906 15.652666091918945313 15.597666740417480469 15.487333297729492188 15.404999732971191406
14.916333198547363281 14.427332878112792969 13.950333595275878906 13.8040008544921875 14.370333671569824219 14.5323333740234375 14.375332832336425781 14.281999588012695313 14.338000297546386719 14.283666610717773438 14.274333953857421875 14.135000228881835938 13.885999679565429688 13.901666641235351563 14.170999526977539063 14.275000572204589844 14.362667083740234375 14.379334449768066406 14.30500030517578125 14.215000152587890625 14.164999961853027344 14.052999496459960938 14.140666007995605469 14.126667022705078125 14.069000244140625 13.946666717529296875 13.850332260131835938 13.999667167663574219 14.526333808898925781 15.276999473571777344 15.361332893371582031 15.539999008178710938 15.639666557312011719 15.652333259582519531 15.783333778381347656 15.805999755859375 15.855999946594238281 15.802332878112792969 15.547666549682617188 15.545666694641113281 15.748999595642089844 15.738666534423828125 15.65633392333984375 15.568666458129882813 15.538999557495117188 15.426333427429199219 15.080666542053222656 15.040332794189453125 15.411333084106445313
14.582000732421875 14.445667266845703125 14.310667037963867188 14.145334243774414063 14.322666168212890625 14.177999496459960938 14.102000236511230469 14.24566650390625 14.336333274841308594 14.33300018310546875 14.312999725341796875 14.093000411987304688 13.836999893188476563 13.848333358764648438 14.037000656127929688 14.190333366394042969 14.316333770751953125 14.468333244323730469 14.355998992919921875 14.303999900817871094 14.295332908630371094 14.281000137329101563 14.23699951171875 14.081666946411132813 13.952667236328125 13.847666740417480469 13.899666786193847656 14.258999824523925781 14.756999969482421875 15.145999908447265625 15.206333160400390625 15.32866668701171875 15.513333320617675781 15.656665802001953125 15.789999961853027344 15.74566650390625 15.737666130065917969 15.814999580383300781 15.7046661376953125 15.665666580200195313 15.761332511901855469 15.743332862854003906 15.692000389099121094 15.661000251770019531 15.660333633422851563 15.596666336059570313 15.333666801452636719 15.23400115966796875 15.513666152954101563
14.4459991455078125 14.282000541687011719 14.217000007629394531 14.289667129516601563 14.053999900817871094 13.958333015441894531 14.048666954040527344 14.337332725524902344 14.583666801452636719 14.515000343322753906 14.319333076477050781 14.086000442504882813 13.884332656860351563 13.825333595275878906 13.904334068298339844 14.069666862487792969 14.292667388916015625 14.593999862670898438 14.642333984375 14.389333724975585938 14.411000251770019531 14.310333251953125 14.154333114624023438 14.006000518798828125 13.818333625793457031 13.669333457946777344 13.82433319091796875 14.359666824340820313 14.904999732971191406 15.246334075927734375 15.276666641235351563 15.13899993896484375 15.320666313171386719 15.521332740783691406 15.712666511535644531 15.706666946411132813 15.44933319091796875 15.542667388916015625 15.625332832336425781 15.634332656860351563 15.664999961853027344 15.578000068664550781 15.501333236694335938 15.604000091552734375 15.737333297729492188 15.837332725524902344 15.795999526977539063 15.612000465393066406 15.575333595275878906
14.390000343322753906 14.176667213439941406 14.297332763671875 14.473000526428222656 14.126000404357910156 14.098333358764648438 14.172333717346191406 14.366666793823242188 14.562000274658203125 14.534000396728515625 14.353333473205566406 14.16266632080078125 14.006333351135253906 13.895333290100097656 13.902667045593261719 14.119998931884765625 14.380666732788085938 14.545000076293945313 14.637332916259765625 14.327666282653808594 14.425333023071289063 14.323332786560058594 14.073999404907226563 13.878333091735839844 13.673000335693359375 13.585665702819824219 13.76399993896484375 14.058333396911621094 14.381333351135253906 14.881000518798828125 15.078333854675292969 14.936000823974609375 15.042999267578125 15.321000099182128906 15.59166717529296875 15.734000205993652344 15.269000053405761719 15.014333724975585938 15.055999755859375 15.170000076293945313 15.224999427795410156 15.168333053588867188 15.235666275024414063 15.392666816711425781 15.492333412170410156 15.712999343872070313 15.852000236511230469 15.531666755676269531 15.204667091369628906
14.36966705322265625 14.338666915893554688 14.761999130249023438 14.646666526794433594 14.305333137512207031 14.364000320434570313 14.413332939147949219 14.4913330078125 14.55066680908203125 14.546999931335449219 14.447999954223632813 14.239000320434570313 14.059666633605957031 13.913999557495117188 13.834333419799804688 14.0410003662109375 14.2606658935546875 14.475333213806152344 14.585999488830566406 14.367334365844726563 14.379000663757324219 14.342333793640136719 14.213999748229980469 13.979666709899902344 13.778333663940429688 13.914333343505859375 14.1746673583984375 14.254999160766601563 14.360333442687988281 14.503999710083007813 14.525333404541015625 14.484333038330078125 14.631333351135253906 14.9720001220703125 15.297999382019042969 15.230332374572753906 14.666333198547363281 14.378999710083007813 14.480333328247070313 14.757666587829589844 14.985999107360839844 15.007332801818847656 15.051333427429199219 15.271333694458007813 15.404666900634765625 15.54633331298828125 15.530000686645507813 14.996334075927734375 14.59799957275390625
14.687666893005371094 14.50099945068359375 14.536999702453613281 14.475000381469726563 14.299666404724121094 14.369999885559082031 14.395666122436523438 14.545665740966796875 14.557666778564453125 14.554666519165039063 14.573666572570800781 14.350333213806152344 14.104666709899902344 13.961667060852050781 13.845666885375976563 13.922666549682617188 14.051333427429199219 14.397333145141601563 14.6399993896484375 14.528666496276855469 14.377333641052246094 14.374333381652832031 14.172666549682617188 13.848666191101074219 13.843334197998046875 14.416666984558105469 14.884000778198242188 14.882332801818847656 14.887333869934082031 14.729000091552734375 14.598999977111816406 14.605666160583496094 14.677000045776367188 14.767332077026367188 14.833333015441894531 14.780332565307617188 14.366999626159667969 14.146333694458007813 14.209666252136230469 14.342332839965820313 14.519666671752929688 14.795000076293945313 15.041332244873046875 15.230333328247070313 15.2220001220703125 15.235667228698730469 15.151666641235351563 14.947000503540039063 14.802000045776367188
14.699666976928710938 14.366666793823242188 13.989333152770996094 14.201999664306640625 14.295332908630371094 14.347332954406738281 14.312000274658203125 14.483666419982910156 14.533999443054199219 14.543666839599609375 14.613332748413085938 14.435999870300292969 14.202334403991699219 14.10666656494140625 13.967332839965820313 13.970000267028808594 14.090999603271484375 14.358666419982910156 14.557666778564453125 14.645000457763671875 14.473667144775390625 14.386667251586914063 14.168999671936035156 13.89766693115234375 13.929666519165039063 14.510000228881835938 15.047999382019042969 15.072333335876464844 15.090000152587890625 15.236332893371582031 15.182332992553710938 15.102334022521972656 14.927333831787109375 14.635999679565429688 14.349666595458984375 14.454333305358886719 14.426333427429199219 14.210332870483398438 14.106332778930664063 14.078999519348144531 14.166666984558105469 14.618000030517578125 15.165332794189453125 15.380666732788085938 15.2586669921875 15.060000419616699219 15.006999969482421875 15.220000267028808594 15.369999885559082031
14.410666465759277344 14.259332656860351563 13.897000312805175781 14.092332839965820313 14.285666465759277344 14.3383331298828125 14.359666824340820313 14.483666419982910156 14.58933258056640625 14.597665786743164063 14.649000167846679688 14.488000869750976563 14.29633331298828125 14.227666854858398438 14.064000129699707031 14.03766632080078125 14.101666450500488281 14.154333114624023438 14.170000076293945313 14.611666679382324219 14.594666481018066406 14.400667190551757813 14.309666633605957031 14.295666694641113281 14.200665473937988281 14.382333755493164063 14.724333763122558594 14.857000350952148438 15.126667022705078125 15.637666702270507813 15.581665992736816406 15.213999748229980469 14.782667160034179688 14.343333244323730469 14.026999473571777344 14.13033294677734375 14.391332626342773438 14.310333251953125 14.118999481201171875 14.178999900817871094 14.491999626159667969 14.873000144958496094 15.273333549499511719 15.536333084106445313 15.5193328857421875 15.260333061218261719 15.142666816711425781 15.310333251953125 15.602334022521972656
14.428667068481445313 14.346666336059570313 14.022333145141601563 14.100999832153320313 14.203665733337402344 14.289999961853027344 14.392666816711425781 14.55933380126953125 14.68433380126953125 14.682001113891601563 14.784999847412109375 14.626667022705078125 14.395001411437988281 14.346333503723144531 14.201333045959472656 14.101665496826171875 13.932332992553710938 13.821666717529296875 13.898333549499511719 14.547666549682617188 14.691999435424804688 14.480000495910644531 14.400334358215332031 14.425000190734863281 14.345333099365234375 14.468334197998046875 14.790666580200195313 15.102666854858398438 15.531666755676269531 15.859999656677246094 15.665332794189453125 15.150667190551757813 14.714000701904296875 14.233666419982910156 13.979000091552734375 14.18000030517578125 14.491999626159667969 14.483332633972167969 14.224999427795410156 14.367666244506835938 14.927000045776367188 15.243666648864746094 15.338665962219238281 15.50533294677734375 15.512666702270507813 15.5 15.359999656677246094 15.270999908447265625 15.594332695007324219
14.390666007995605469 14.301666259765625 14.187333106994628906 14.201333045959472656 14.224666595458984375 14.378666877746582031 14.433666229248046875 14.563999176025390625 14.727334022521972656 14.767000198364257813 14.854666709899902344 14.732333183288574219 14.572000503540039063 14.513333320617675781 14.344333648681640625 14.265333175659179688 14.080332756042480469 13.987999916076660156 14.2866668701171875 14.741999626159667969 14.790666580200195313 14.553999900817871094 14.489333152770996094 14.358333587646484375 14.175000190734863281 14.548999786376953125 15.254999160766601563 15.641666412353515625 15.805334091186523438 15.766332626342773438 15.456666946411132813 15.145667076110839844 15.062334060668945313 14.534666061401367188 14.069000244140625 14.291666030883789063 14.67133331298828125 14.611332893371582031 14.376667022705078125 14.580332756042480469 15.06999969482421875 15.310999870300292969 15.41699981689453125 15.576999664306640625 15.6529998779296875 15.705333709716796875 15.512999534606933594 15.265999794006347656 15.463665962219238281
14.545667648315429688 14.451333045959472656 14.395666122436523438 14.304333686828613281 14.199999809265136719 14.314666748046875 14.391667366027832031 14.414999961853027344 14.699000358581542969 14.761666297912597656 14.690667152404785156 14.572666168212890625 14.555999755859375 14.524333000183105469 14.247333526611328125 14.082999229431152344 13.982333183288574219 14.134333610534667969 14.533333778381347656 14.941666603088378906 14.835000038146972656 14.559000015258789063 14.459333419799804688 14.2003326416015625 14.049000740051269531 14.700333595275878906 15.428333282470703125 15.448332786560058594 15.42566680908203125 15.4589996337890625 15.113333702087402344 14.901666641235351563 14.968333244323730469 14.752667427062988281 14.117999076843261719 14.031000137329101563 14.434000015258789063 14.754999160766601563 14.841666221618652344 15.006333351135253906 15.22833251953125 15.317667007446289063 15.470000267028808594 15.671999931335449219 15.814999580383300781 15.796999931335449219 15.70366668701171875 15.760333061218261719 15.709332466125488281
14.930999755859375 14.842000007629394531 14.723999977111816406 14.534333229064941406 14.311666488647460938 14.252333641052246094 14.276666641235351563 14.310666084289550781 14.5410003662109375 14.528332710266113281 14.419333457946777344 14.307000160217285156 14.36533355712890625 14.541666030883789063 14.460333824157714844 14.160666465759277344 13.941666603088378906 14.154665946960449219 14.469000816345214844 14.701999664306640625 14.628333091735839844 14.55933380126953125 14.434000015258789063 14.276999473571777344 14.335000038146972656 14.642999649047851563 14.903333663940429688 14.982333183288574219 15.100666046142578125 15.301333427429199219 15.323333740234375 15.043333053588867188 14.890000343322753906 14.802332878112792969 14.233333587646484375 14.051332473754882813 14.251666069030761719 14.665666580200195313 14.970665931701660156 15.139333724975585938 15.257666587829589844 15.3556671142578125 15.530333518981933594 15.7046661376953125 15.698332786560058594 15.636333465576171875 15.796999931335449219 16.020999908447265625 15.919332504272460938
14.926333427429199219 14.866666793823242188 14.80066680908203125 14.747332572937011719 14.580666542053222656 14.3296661376953125 14.257000923156738281 14.325666427612304688 14.503665924072265625 14.452666282653808594 14.331333160400390625 14.317667007446289063 14.33300018310546875 14.312665939331054688 14.234999656677246094 13.975666046142578125 13.668666839599609375 13.748999595642089844 14.44499969482421875 14.62066650390625 14.572999954223632813 14.560667037963867188 14.446999549865722656 14.466333389282226563 14.542333602905273438 14.701999664306640625 14.919667243957519531 15.052000999450683594 15.125 15.015666007995605469 14.740666389465332031 14.422665596008300781 14.322333335876464844 14.548666954040527344 14.275666236877441406 14.049333572387695313 13.97733306884765625 14.452999114990234375 14.900666236877441406 15.094666481018066406 15.256999969482421875 15.452000617980957031 15.636333465576171875 15.674333572387695313 15.803998947143554688 15.870332717895507813 15.965666770935058594 16.03133392333984375 15.924333572387695313
14.505000114440917969 14.582666397094726563 14.629667282104492188 14.585000038146972656 14.588666915893554688 14.5279998779296875 14.520333290100097656 14.654334068298339844 14.665667533874511719 14.512999534606933594 14.30066680908203125 14.212332725524902344 14.141999244689941406 13.976999282836914063 13.894000053405761719 13.696332931518554688 13.465000152587890625 13.512666702270507813 14.219333648681640625 14.480333328247070313 14.487667083740234375 14.423999786376953125 14.413999557495117188 14.580333709716796875 14.7413330078125 14.778333663940429688 14.828667640686035156 14.826999664306640625 14.597666740417480469 14.36733245849609375 14.158333778381347656 14.043666839599609375 13.911333084106445313 14.034999847412109375 14.084667205810546875 13.910666465759277344 13.970666885375976563 14.550000190734863281 14.972332954406738281 15.123666763305664063 15.432332992553710938 15.727999687194824219 15.641332626342773438 15.660666465759277344 15.771333694458007813 15.914334297180175781 15.978666305541992188 16.055332183837890625 16.04633331298828125
