data/diurntemp.asc
ncols        384
nrows        480
xllcorner    138.000000000000
yllcorner    -29.000000000000
cellsize     0.041666666667
NODATA_value -9999
[rows 352 to 373 of 480, columns 147 to 195 of 384]
15.928333282470703125 15.835332870483398438 15.815333366394042969 15.746333122253417969 15.627666473388671875 15.456666946411132813 15.358667373657226563 15.460666656494140625 15.521666526794433594 15.488666534423828125 15.329334259033203125 15.204999923706054688 15.118666648864746094 15.1163330078125 15.173666000366210938 15.175000190734863281 15.131000518798828125 15.020999908447265625 14.938666343688964844 14.871000289916992188 14.770333290100097656 14.690333366394042969 14.723667144775390625 14.765000343322753906 14.634333610534667969 13.945666313171386719 13.476666450500488281 13.425000190734863281 13.489999771118164063 13.685333251953125 13.727999687194824219 13.624333381652832031 13.586667060852050781 13.61199951171875 13.610332489013671875 13.661999702453613281 13.740000724792480469 13.927333831787109375 14.094332695007324219 14.084666252136230469 13.908999443054199219 13.671999931335449219 13.579000473022460938 13.484999656677246094 13.604333877563476563 14.072333335876464844 14.487667083740234375 14.522000312805175781 14.348334312438964844
15.905999183654785156 15.821666717529296875 15.802332878112792969 15.742333412170410156 15.547333717346191406 15.432000160217285156 15.544667243957519531 15.623333930969238281 15.639666557312011719 15.524666786193847656 15.38899993896484375 15.262332916259765625 15.323999404907226563 15.320666313171386719 15.211333274841308594 15.145999908447265625 15.201333045959472656 15.10333251953125 14.98600006103515625 14.90200042724609375 14.627332687377929688 14.518666267395019531 14.669666290283203125 14.70366668701171875 14.456333160400390625 13.6443328857421875 13.362999916076660156 13.554666519165039063 13.581665992736816406 13.598999977111816406 13.642333030700683594 13.600000381469726563 13.552666664123535156 13.594666481018066406 13.692999839782714844 13.804666519165039063 13.809000968933105469 13.806333541870117188 13.890333175659179688 14.092999458312988281 14.087666511535644531 13.94499969482421875 13.653333663940429688 13.452666282653808594 13.654000282287597656 14.140999794006347656 14.435333251953125 14.440667152404785156 14.38800048828125
15.927666664123535156 15.767333984375 15.732999801635742188 15.697333335876464844 15.576000213623046875 15.574666023254394531 15.719666481018066406 15.714666366577148438 15.610332489013671875 15.446333885192871094 15.422666549682617188 15.317666053771972656 15.337332725524902344 15.357999801635742188 15.142999649047851563 15.140333175659179688 15.25966644287109375 15.096333503723144531 14.942999839782714844 14.886333465576171875 14.633999824523925781 14.487667083740234375 14.5410003662109375 14.521666526794433594 13.972666740417480469 13.463666915893554688 13.459333419799804688 13.573332786560058594 13.585332870483398438 13.690000534057617188 13.7736663818359375 13.760666847229003906 13.786333084106445313 13.939000129699707031 14.183666229248046875 14.43000030517578125 14.3899993896484375 14.054666519165039063 13.8513336181640625 14.123666763305664063 14.1833343505859375 14.062000274658203125 13.803999900817871094 13.545000076293945313 13.61100006103515625 14.035333633422851563 14.36199951171875 14.400000572204589844 14.415666580200195313
15.951000213623046875 15.829000473022460938 15.719999313354492188 15.623999595642089844 15.624333381652832031 15.733666419982910156 15.76399993896484375 15.604999542236328125 15.446666717529296875 15.421666145324707031 15.522333145141601563 15.435999870300292969 15.250332832336425781 15.223999977111816406 15.190999984741210938 15.226666450500488281 15.243333816528320313 15.102999687194824219 15.0149993896484375 15.002666473388671875 14.84799957275390625 14.646666526794433594 14.484666824340820313 14.284000396728515625 13.821333885192871094 13.659333229064941406 13.673333168029785156 13.815333366394042969 13.970000267028808594 14.126000404357910156 14.060000419616699219 13.846333503723144531 13.770000457763671875 13.937666893005371094 14.237999916076660156 14.507333755493164063 14.496666908264160156 14.103333473205566406 13.840332984924316406 14.142999649047851563 14.168000221252441406 14.107999801635742188 13.866000175476074219 13.534000396728515625 13.483667373657226563 13.867333412170410156 14.272333145141601563 14.359665870666503906 14.392999649047851563
15.907666206359863281 15.853666305541992188 15.704999923706054688 15.578333854675292969 15.640333175659179688 15.786999702453613281 15.641333580017089844 15.368666648864746094 15.482333183288574219 15.585666656494140625 15.625 15.388667106628417969 15.203999519348144531 15.12066650390625 15.159000396728515625 15.225666999816894531 15.216333389282226563 15.102666854858398438 15.0839996337890625 15.108332633972167969 15.001666069030761719 14.7176666259765625 14.335665702819824219 14.077332496643066406 13.881333351135253906 13.950666427612304688 14.125332832336425781 14.485667228698730469 14.629666328430175781 14.599999427795410156 14.387666702270507813 13.947333335876464844 13.685667037963867188 13.756667137145996094 13.8899993896484375 14.053667068481445313 14.121333122253417969 14.0279998779296875 13.969666481018066406 14.110333442687988281 14.168000221252441406 14.14333343505859375 14.001667022705078125 13.733000755310058594 13.544666290283203125 13.73600006103515625 14.090666770935058594 14.302000045776367188 14.41266632080078125
15.829333305358886719 15.820000648498535156 15.724666595458984375 15.587332725524902344 15.576666831970214844 15.651332855224609375 15.622667312622070313 15.493000030517578125 15.631333351135253906 15.609999656677246094 15.451666831970214844 15.247667312622070313 15.192999839782714844 15.206000328063964844 15.28333282470703125 15.207666397094726563 15.073333740234375 14.840332984924316406 14.748666763305664063 14.817666053771972656 14.685666084289550781 14.448666572570800781 14.232666015625 14.017665863037109375 13.885999679565429688 14.059999465942382813 14.475666999816894531 14.915666580200195313 14.964333534240722656 14.760000228881835938 14.623665809631347656 14.034667015075683594 13.522333145141601563 13.650667190551757813 13.779333114624023438 13.883666038513183594 13.982666015625 14.02899932861328125 14.065999984741210938 14.154333114624023438 14.193666458129882813 14.181666374206542969 14.211667060852050781 14.145333290100097656 13.932666778564453125 13.684999465942382813 13.672666549682617188 13.897333145141601563 14.142000198364257813
15.790666580200195313 15.861666679382324219 15.835000038146972656 15.657667160034179688 15.46233367919921875 15.426666259765625 15.538000106811523438 15.557000160217285156 15.514666557312011719 15.415666580200195313 15.293334007263183594 15.159999847412109375 15.258666038513183594 15.341333389282226563 15.432666778564453125 15.205999374389648438 14.940999984741210938 14.603666305541992188 14.456333160400390625 14.483333587646484375 14.290999412536621094 14.145666122436523438 14.241000175476074219 14.25 14.146332740783691406 14.204000473022460938 14.526666641235351563 14.878666877746582031 14.906000137329101563 14.715665817260742188 14.688332557678222656 14.11100006103515625 13.513667106628417969 13.649666786193847656 13.879000663757324219 13.963999748229980469 14.05066680908203125 14.091333389282226563 14.12599945068359375 14.246999740600585938 14.263666152954101563 14.265000343322753906 14.363333702087402344 14.361332893371582031 14.220333099365234375 13.649666786193847656 13.362333297729492188 13.707666397094726563 13.862000465393066406
15.7736663818359375 15.894333839416503906 15.8899993896484375 15.711333274841308594 15.414667129516601563 15.234333038330078125 15.274333953857421875 15.253333091735839844 15.220333099365234375 15.304667472839355469 15.401666641235351563 15.230666160583496094 15.305999755859375 15.369999885559082031 15.316999435424804688 15.007333755493164063 14.752999305725097656 14.641667366027832031 14.558333396911621094 14.465332984924316406 14.342000007629394531 14.238666534423828125 14.390666961669921875 14.5540008544921875 14.569666862487792969 14.427000045776367188 14.501666069030761719 14.772000312805175781 14.826000213623046875 14.725666999816894531 14.673333168029785156 14.352999687194824219 13.8943328857421875 13.784999847412109375 13.929333686828613281 13.992333412170410156 14.091333389282226563 14.156332969665527344 14.165333747863769531 14.2413330078125 14.293000221252441406 14.297667503356933594 14.199999809265136719 14.126666069030761719 14.1443328857421875 13.697333335876464844 13.42133331298828125 13.829999923706054688 13.983666419982910156
15.781666755676269531 15.840332984924316406 15.803999900817871094 15.721667289733886719 15.406000137329101563 15.103333473205566406 15.165666580200195313 15.214333534240722656 15.205667495727539063 15.327333450317382813 15.463666915893554688 15.354332923889160156 15.283000946044921875 15.370000839233398438 15.081666946411132813 14.700666427612304688 14.539999961853027344 14.711334228515625 14.735666275024414063 14.584333419799804688 14.631000518798828125 14.630333900451660156 14.637000083923339844 14.673334121704101563 14.714667320251464844 14.546998977661132813 14.552666664123535156 14.747666358947753906 14.806000709533691406 14.755999565124511719 14.715000152587890625 14.697667121887207031 14.500333786010742188 14.206333160400390625 14.111001014709472656 14.095000267028808594 14.187999725341796875 14.192667007446289063 14.145667076110839844 14.174333572387695313 14.230334281921386719 14.181667327880859375 13.937000274658203125 13.858000755310058594 13.994666099548339844 13.8339996337890625 13.423333168029785156 13.428999900817871094 13.915666580200195313
15.812999725341796875 15.812999725341796875 15.812333106994628906 15.676666259765625 15.312333106994628906 15.019999504089355469 15.153666496276855469 15.37066650390625 15.322000503540039063 15.348333358764648438 15.328000068664550781 15.329667091369628906 15.301333427429199219 15.26399993896484375 14.918666839599609375 14.713666915893554688 14.759333610534667969 14.914667129516601563 14.907332420349121094 14.787333488464355469 14.828000068664550781 14.825000762939453125 14.731999397277832031 14.83300018310546875 14.880666732788085938 14.774333000183105469 14.70800018310546875 14.707666397094726563 14.73799896240234375 14.75433349609375 14.758000373840332031 14.868666648864746094 14.956334114074707031 14.842000007629394531 14.567667007446289063 14.310000419616699219 14.267333984375 14.209333419799804688 14.2133331298828125 14.231332778930664063 14.268667221069335938 14.201000213623046875 14.142666816711425781 14.074000358581542969 13.960666656494140625 13.817667007446289063 13.383333206176757813 12.943333625793457031 13.314666748046875
15.71666717529296875 15.728333473205566406 15.821332931518554688 15.542667388916015625 15.168000221252441406 15.026000022888183594 15.1100006103515625 15.293665885925292969 15.225000381469726563 15.21233367919921875 15.295666694641113281 15.305666923522949219 15.156332969665527344 15.047333717346191406 14.903666496276855469 14.988667488098144531 15.095666885375976563 15.232333183288574219 15.200666427612304688 14.983666419982910156 14.864333152770996094 14.858000755310058594 14.899000167846679688 15.042667388916015625 15.035666465759277344 14.947333335876464844 14.890333175659179688 14.726666450500488281 14.782999992370605469 14.800333023071289063 14.75433349609375 14.876332283020019531 15.084667205810546875 15.189666748046875 15.031666755676269531 14.577333450317382813 14.3209991455078125 14.28766632080078125 14.267999649047851563 14.350666999816894531 14.388667106628417969 14.248333930969238281 14.207333564758300781 14.206666946411132813 13.994000434875488281 13.962666511535644531 13.823332786560058594 13.3296661376953125 13.166333198547363281
15.762332916259765625 15.674333572387695313 15.683333396911621094 15.479000091552734375 15.261667251586914063 15.204333305358886719 15.227999687194824219 15.291666984558105469 15.113666534423828125 15.125 15.315999984741210938 15.251999855041503906 15.228666305541992188 15.123999595642089844 15.094333648681640625 15.201999664306640625 15.194665908813476563 15.357333183288574219 15.480999946594238281 15.278333663940429688 15.042332649230957031 14.941332817077636719 15.025333404541015625 15.199000358581542969 15.134333610534667969 14.948000907897949219 14.770999908447265625 14.630333900451660156 14.748333930969238281 14.784999847412109375 14.740666389465332031 14.8943328857421875 15.232666969299316406 15.501999855041503906 15.456665992736816406 15.028333663940429688 14.553666114807128906 14.480333328247070313 14.498999595642089844 14.531332969665527344 14.432666778564453125 14.205333709716796875 14.211333274841308594 14.243999481201171875 14.137000083923339844 14.084333419799804688 14.125 13.93000030517578125 13.466333389282226563
15.948332786560058594 15.804666519165039063 15.550000190734863281 15.236666679382324219 15.25333404541015625 15.502333641052246094 15.526666641235351563 15.25 14.868000030517578125 14.987667083740234375 15.2176666259765625 15.366666793823242188 15.26399993896484375 15.179666519165039063 15.274333953857421875 15.430665969848632813 15.400000572204589844 15.456665992736816406 15.540666580200195313 15.449000358581542969 15.261666297912597656 15.025666236877441406 14.993666648864746094 14.98699951171875 15.012000083923339844 14.985666275024414063 14.802000045776367188 14.824666976928710938 14.922333717346191406 14.973999977111816406 14.962667465209960938 15.1143341064453125 15.468667030334472656 15.7220001220703125 15.685000419616699219 15.472333908081054688 15.147000312805175781 14.762333869934082031 14.72733306884765625 14.631333351135253906 14.544667243957519531 14.360333442687988281 14.229666709899902344 14.192666053771972656 14.207666397094726563 13.880666732788085938 13.860666275024414063 14.197999954223632813 13.810667037963867188
15.953333854675292969 15.769666671752929688 15.45800018310546875 15.263667106628417969 15.362666130065917969 15.499333381652832031 15.413000106811523438 15.307332992553710938 15.210332870483398438 15.1399993896484375 15.216666221618652344 15.4676666259765625 15.553000450134277344 15.390333175659179688 15.288333892822265625 15.345333099365234375 15.405000686645507813 15.527334213256835938 15.571333885192871094 15.50966644287109375 15.396332740783691406 15.037332534790039063 14.8813323974609375 14.804332733154296875 14.84466552734375 14.876999855041503906 14.88466644287109375 14.895999908447265625 14.941333770751953125 15.00433349609375 15.054666519165039063 15.184666633605957031 15.432666778564453125 15.625333786010742188 15.587666511535644531 15.4913330078125 15.317333221435546875 15.067333221435546875 14.98600006103515625 14.724332809448242188 14.635999679565429688 14.484333038330078125 14.337667465209960938 14.215000152587890625 14.197999954223632813 14.017666816711425781 13.920000076293945313 14.199666976928710938 14.265666961669921875
16.024999618530273438 15.904666900634765625 15.561667442321777344 15.451333045959472656 15.410333633422851563 15.250332832336425781 15.192333221435546875 15.270999908447265625 15.374999046325683594 15.343332290649414063 15.554332733154296875 15.652333259582519531 15.737000465393066406 15.644666671752929688 15.53766632080078125 15.274999618530273438 15.273333549499511719 15.437000274658203125 15.564332962036132813 15.614666938781738281 15.468999862670898438 15.085666656494140625 14.711666107177734375 14.749666213989257813 14.892999649047851563 15.049332618713378906 14.900000572204589844 14.884333610534667969 14.835000038146972656 14.777334213256835938 14.925999641418457031 15.167666435241699219 15.199666976928710938 15.054333686828613281 14.965000152587890625 14.948332786560058594 14.982999801635742188 15.126333236694335938 15.233666419982910156 14.806666374206542969 14.722332954406738281 14.573999404907226563 14.333667755126953125 14.202333450317382813 14.144000053405761719 14.015999794006347656 13.869333267211914063 14.156666755676269531 14.686666488647460938
15.889332771301269531 15.777667045593261719 15.543999671936035156 15.30500030517578125 15.126667022705078125 15.078999519348144531 15.20800018310546875 15.454999923706054688 15.559999465942382813 15.661000251770019531 15.779665946960449219 15.757666587829589844 15.805333137512207031 15.713666915893554688 15.608333587646484375 15.469333648681640625 15.391332626342773438 15.470333099365234375 15.656332969665527344 15.740666389465332031 15.632333755493164063 15.359333038330078125 14.928666114807128906 14.727000236511230469 14.765334129333496094 14.909333229064941406 14.776333808898925781 14.676666259765625 14.65200042724609375 14.551333427429199219 14.617666244506835938 14.773333549499511719 14.820666313171386719 14.824666023254394531 14.957333564758300781 15.246999740600585938 15.460000038146972656 15.560333251953125 15.426333427429199219 15.023334503173828125 14.928333282470703125 14.715999603271484375 14.367333412170410156 14.2606658935546875 14.265333175659179688 14.118999481201171875 14.105333328247070313 14.465999603271484375 14.742666244506835938
15.7413330078125 15.540666580200195313 15.387000083923339844 15.052332878112792969 14.96233367919921875 15.070333480834960938 15.193332672119140625 15.668334007263183594 15.827333450317382813 15.865999221801757813 15.935332298278808594 15.992666244506835938 15.870999336242675781 15.718333244323730469 15.625 15.640000343322753906 15.506999969482421875 15.3730010986328125 15.425333976745605469 15.541333198547363281 15.635333061218261719 15.600332260131835938 15.196000099182128906 14.833666801452636719 14.777667045593261719 15.000332832336425781 14.883334159851074219 14.798000335693359375 14.856333732604980469 14.725000381469726563 14.545999526977539063 14.559666633605957031 14.837999343872070313 15.203999519348144531 15.419667243957519531 15.513667106628417969 15.447333335876464844 15.359999656677246094 15.199000358581542969 15.066000938415527344 15.002666473388671875 14.794333457946777344 14.473667144775390625 14.347332954406738281 14.414000511169433594 14.290666580200195313 14.226000785827636719 14.4073333740234375 14.308667182922363281
15.589666366577148438 15.132999420166015625 14.748666763305664063 14.775666236877441406 14.987666130065917969 15.05500030517578125 15.252000808715820313 15.73600006103515625 15.941999435424804688 15.852666854858398438 15.916333198547363281 15.986332893371582031 15.918999671936035156 15.791666984558105469 15.696332931518554688 15.680666923522949219 15.392666816711425781 15.251000404357910156 15.306667327880859375 15.288666725158691406 15.353000640869140625 15.553000450134277344 15.417666435241699219 15.065333366394042969 14.871666908264160156 15.079667091369628906 15.029000282287597656 14.984666824340820313 14.987999916076660156 14.845999717712402344 14.601999282836914063 14.563000679016113281 14.869666099548339844 15.283999443054199219 15.440333366394042969 15.313333511352539063 15.294333457946777344 15.369999885559082031 15.459667205810546875 15.474333763122558594 15.276332855224609375 14.989999771118164063 14.718999862670898438 14.508999824523925781 14.490666389465332031 14.22733306884765625 13.897000312805175781 14.013666152954101563 14.100999832153320313
15.169667243957519531 14.740666389465332031 14.603333473205566406 14.8856658935546875 15.192000389099121094 15.310667037963867188 15.479333877563476563 15.761666297912597656 15.904000282287597656 15.827000617980957031 15.853667259216308594 15.972666740417480469 15.900000572204589844 15.807666778564453125 15.689333915710449219 15.625333786010742188 15.313333511352539063 15.269999504089355469 15.470333099365234375 15.468333244323730469 15.429667472839355469 15.51399993896484375 15.474332809448242188 15.272999763488769531 15.029666900634765625 15.105999946594238281 15.006667137145996094 15.010000228881835938 15.055333137512207031 15.005999565124511719 14.738332748413085938 14.596999168395996094 14.758333206176757813 15.034666061401367188 15.234333992004394531 15.30500030517578125 15.404665946960449219 15.624333381652832031 15.827667236328125 15.854666709899902344 15.596666336059570313 15.275333404541015625 15.051333427429199219 14.795999526977539063 14.564666748046875 14.187999725341796875 13.884333610534667969 13.908333778381347656 13.938666343688964844
15.142999649047851563 15.035666465759277344 15.296667098999023438 15.50966644287109375 15.562333106994628906 15.501000404357910156 15.375666618347167969 15.508999824523925781 15.647999763488769531 15.687000274658203125 15.774333953857421875 15.878666877746582031 15.868000030517578125 15.807000160217285156 15.647999763488769531 15.576666831970214844 15.409333229064941406 15.399999618530273438 15.548999786376953125 15.606333732604980469 15.640666961669921875 15.63899993896484375 15.466333389282226563 15.318999290466308594 15.256999969482421875 15.240332603454589844 15.208333969116210938 15.175333976745605469 15.1746673583984375 15.182000160217285156 15.017666816711425781 14.852332115173339844 14.845000267028808594 14.86966705322265625 14.918333053588867188 15.1660003662109375 15.414999961853027344 15.577332496643066406 15.699334144592285156 15.7263336181640625 15.57233428955078125 15.401332855224609375 15.330332756042480469 15.051333427429199219 14.699000358581542969 14.4073333740234375 14.29199981689453125 14.319333076477050781 14.239000320434570313
15.354000091552734375 15.3943328857421875 15.723333358764648438 15.887332916259765625 15.888666152954101563 15.6056671142578125 15.092000007629394531 15.120999336242675781 15.390999794006347656 15.3986663818359375 15.472332954406738281 15.613667488098144531 15.686666488647460938 15.655333518981933594 15.5366668701171875 15.514666557312011719 15.42333221435546875 15.460666656494140625 15.548333168029785156 15.603000640869140625 15.701999664306640625 15.656666755676269531 15.291333198547363281 15.204334259033203125 15.394999504089355469 15.375332832336425781 15.427999496459960938 15.344666481018066406 15.188000679016113281 15.21433258056640625 15.237000465393066406 15.206000328063964844 15.145999908447265625 14.998000144958496094 14.831000328063964844 14.915666580200195313 15.122667312622070313 15.114999771118164063 15.236332893371582031 15.282999992370605469 15.201999664306640625 15.345333099365234375 15.517666816711425781 15.242000579833984375 14.814332962036132813 14.647333145141601563 14.80266571044921875 14.933333396911621094 14.769666671752929688
15.456333160400390625 15.309666633605957031 15.427999496459960938 15.63899993896484375 15.891333580017089844 15.718000411987304688 15.071666717529296875 15.003333091735839844 15.319665908813476563 15.256333351135253906 15.190333366394042969 15.242333412170410156 15.246333122253417969 15.336999893188476563 15.379000663757324219 15.354000091552734375 15.233999252319335938 15.3836669921875 15.621333122253417969 15.6660003662109375 15.702333450317382813 15.509999275207519531 15.147999763488769531 15.260000228881835938 15.472332954406738281 15.382333755493164063 15.364999771118164063 15.311667442321777344 15.130999565124511719 15.166666030883789063 15.25099945068359375 15.360666275024414063 15.390999794006347656 15.265000343322753906 15.149999618530273438 15.099666595458984375 15.056000709533691406 14.8836669921875 15.020999908447265625 15.019666671752929688 14.888333320617675781 15.151333808898925781 15.303667068481445313 15.1573333740234375 14.86100006103515625 14.844333648681640625 15.158333778381347656 15.324666976928710938 15.134332656860351563
