data/diurntemp.asc
ncols        384
nrows        480
xllcorner    138.000000000000
yllcorner    -29.000000000000
cellsize     0.041666666667
NODATA_value -9999
[rows 264 to 285 of 480, columns 196 to 244 of 384]
12.347333908081054688 12.388333320617675781 12.304665565490722656 12.206666946411132813 12.218667030334472656 12.103667259216308594 12.078999519348144531 12.121999740600585938 11.954999923706054688 11.681000709533691406 11.673666954040527344 11.892333984375 12.053666114807128906 12.036000251770019531 12.030332565307617188 11.83733367919921875 11.644000053405761719 11.332666397094726563 11.183333396911621094 11.420666694641113281 11.829333305358886719 11.729666709899902344 11.677000045776367188 12.154999732971191406 12.61199951171875 12.61533355712890625 12.594999313354492188 12.906000137329101563 12.828332901000976563 12.530000686645507813 12.228333473205566406 11.668666839599609375 11.201333045959472656 11.185333251953125 11.16266632080078125 11.191999435424804688 11.052999496459960938 10.726666450500488281 10.510666847229003906 10.375667572021484375 10.118666648864746094 9.8463335037231445313 9.5290002822875976563 9.5279998779296875 9.5030002593994140625 9.1843328475952148438 8.8229999542236328125 9.14766693115234375 9.2679996490478515625
12.426667213439941406 12.433000564575195313 12.317667007446289063 12.252333641052246094 12.296999931335449219 12.065332412719726563 11.985666275024414063 12.056666374206542969 11.923666954040527344 11.465000152587890625 11.594666481018066406 12.032999992370605469 11.97733306884765625 11.940333366394042969 12.182666778564453125 12.012666702270507813 11.955666542053222656 11.827333450317382813 11.840999603271484375 11.748666763305664063 11.660666465759277344 11.255000114440917969 11.295666694641113281 11.802999496459960938 12.527333259582519531 12.875666618347167969 12.853666305541992188 13.024666786193847656 12.820333480834960938 12.340666770935058594 11.914999008178710938 11.65833282470703125 11.753333091735839844 11.474999427795410156 11.251333236694335938 11.12933349609375 10.802333831787109375 10.288000106811523438 10.167332649230957031 10.392333030700683594 10.290999412536621094 9.8079996109008789063 9.3693332672119140625 9.4303331375122070313 9.651332855224609375 9.7769994735717773438 9.6440000534057617188 9.5943326950073242188 9.3816661834716796875
12.472333908081054688 12.408000946044921875 12.401666641235351563 12.413332939147949219 12.483332633972167969 12.398999214172363281 12.277333259582519531 12.305333137512207031 12.21866607666015625 11.928666114807128906 11.853333473205566406 12.053999900817871094 12.107000350952148438 12.044333457946777344 12.240667343139648438 12.311666488647460938 12.426999092102050781 12.334667205810546875 12.148333549499511719 11.710332870483398438 11.294666290283203125 11.100000381469726563 11.35666656494140625 11.588334083557128906 12.366333961486816406 12.939333915710449219 12.923999786376953125 12.946332931518554688 12.306332588195800781 11.91699981689453125 11.7176666259765625 11.923000335693359375 11.993000030517578125 11.94499969482421875 11.584667205810546875 11.251667022705078125 10.681333541870117188 9.909000396728515625 9.784999847412109375 10.2220001220703125 10.436666488647460938 10.007333755493164063 9.51399993896484375 9.570667266845703125 9.8940000534057617188 10.008000373840332031 10.051000595092773438 9.9343328475952148438 9.3109998703002929688
12.574999809265136719 12.309666633605957031 12.392666816711425781 12.6056671142578125 12.65200042724609375 12.559999465942382813 12.523333549499511719 12.50099945068359375 12.234999656677246094 12.025333404541015625 11.809000015258789063 11.862666130065917969 12.210333824157714844 12.054333686828613281 11.98699951171875 12.339333534240722656 12.487000465393066406 12.303333282470703125 12.120333671569824219 11.763667106628417969 11.435333251953125 11.141000747680664063 11.184000015258789063 11.589333534240722656 12.244999885559082031 12.625 12.61100006103515625 12.711999893188476563 12.534667015075683594 12.264666557312011719 12.543334007263183594 12.637999534606933594 12.434999465942382813 12.372666358947753906 11.973999977111816406 11.585000038146972656 11.234666824340820313 11.067999839782714844 10.711333274841308594 10.420332908630371094 10.60233306884765625 10.543666839599609375 10.305666923522949219 10.404999732971191406 10.470666885375976563 10.170000076293945313 10.270666122436523438 10.183000564575195313 9.56999969482421875
12.471333503723144531 12.468334197998046875 12.608666419982910156 12.775667190551757813 12.796666145324707031 12.753999710083007813 12.728333473205566406 12.575667381286621094 12.359333038330078125 12.395000457763671875 12.398333549499511719 12.381333351135253906 12.558667182922363281 12.594999313354492188 12.510666847229003906 12.496333122253417969 12.452000617980957031 12.191332817077636719 11.88899993896484375 11.558666229248046875 11.416333198547363281 11.290666580200195313 11.204333305358886719 11.289333343505859375 12.080332756042480469 12.789999961853027344 12.680999755859375 12.729000091552734375 12.934332847595214844 12.682333946228027344 12.634333610534667969 12.882665634155273438 12.779000282287597656 12.747666358947753906 12.427332878112792969 12.067666053771972656 11.886333465576171875 11.826333045959472656 11.630666732788085938 11.104666709899902344 10.482333183288574219 10.179333686828613281 10.326999664306640625 10.792333602905273438 10.585332870483398438 10.463665962219238281 10.442333221435546875 10.468000411987304688 10.210332870483398438
12.572333335876464844 12.690667152404785156 12.816333770751953125 12.78766632080078125 12.793666839599609375 12.740666389465332031 12.685000419616699219 12.666334152221679688 12.651666641235351563 12.685334205627441406 12.723667144775390625 12.765999794006347656 12.769666671752929688 12.699999809265136719 12.668333053588867188 12.592332839965820313 12.581666946411132813 12.229999542236328125 11.848999977111816406 11.621000289916992188 11.715332984924316406 11.875666618347167969 11.56133270263671875 11.159000396728515625 11.762000083923339844 12.825333595275878906 12.865667343139648438 12.88899993896484375 13.172333717346191406 13.0883331298828125 13.130999565124511719 13.032334327697753906 12.940333366394042969 12.835999488830566406 12.535333633422851563 12.315000534057617188 12.176666259765625 11.993666648864746094 11.808000564575195313 11.38700103759765625 10.564666748046875 10.063333511352539063 10.437666893005371094 10.889666557312011719 10.703000068664550781 10.705666542053222656 10.647999763488769531 10.75099945068359375 10.401666641235351563
12.497333526611328125 12.514332771301269531 12.584333419799804688 12.761999130249023438 12.757666587829589844 12.691666603088378906 12.547333717346191406 12.533666610717773438 12.699999809265136719 12.840666770935058594 12.848333358764648438 12.877333641052246094 12.925000190734863281 12.848999977111816406 12.803999900817871094 12.737000465393066406 12.586999893188476563 12.289333343505859375 12.05066680908203125 11.974332809448242188 11.957333564758300781 12.031999588012695313 11.749332427978515625 11.38033294677734375 12.048333168029785156 12.915999412536621094 12.993000030517578125 12.951666831970214844 13.204667091369628906 13.411999702453613281 13.5 13.048666954040527344 12.652667045593261719 12.35233306884765625 12.104999542236328125 12.005999565124511719 12.077666282653808594 11.908666610717773438 11.6443328857421875 11.439333915710449219 11.081666946411132813 10.735333442687988281 10.8943328857421875 10.95800018310546875 10.860333442687988281 10.960000038146972656 11.082333564758300781 11.177666664123535156 10.78766632080078125
12.383999824523925781 12.388333320617675781 12.590665817260742188 12.880333900451660156 12.84366607666015625 12.7823333740234375 12.478333473205566406 12.200667381286621094 12.304666519165039063 12.484999656677246094 12.661333084106445313 12.857666969299316406 12.967333793640136719 12.893667221069335938 12.904000282287597656 12.912332534790039063 12.614666938781738281 12.288332939147949219 12.123332977294921875 12.294000625610351563 12.359333038330078125 12.204999923706054688 12.070333480834960938 11.873333930969238281 11.980666160583496094 12.672666549682617188 12.943666458129882813 12.858333587646484375 13.006999969482421875 13.171000480651855469 13.286000251770019531 13.080999374389648438 12.507666587829589844 12.01399993896484375 11.729000091552734375 11.56566619873046875 11.5926666259765625 11.6529998779296875 11.683667182922363281 11.61533355712890625 11.48699951171875 11.421999931335449219 11.44933319091796875 11.19300079345703125 10.878333091735839844 10.844666481018066406 11.010334014892578125 11.0366668701171875 10.760000228881835938
12.156332969665527344 12.230999946594238281 12.676667213439941406 12.862999916076660156 12.690333366394042969 12.522999763488769531 12.180666923522949219 11.954999923706054688 11.925999641418457031 11.901666641235351563 11.999333381652832031 12.3383331298828125 12.572999954223632813 12.458666801452636719 12.708666801452636719 12.949666976928710938 12.89766693115234375 12.691666603088378906 12.475666046142578125 12.563333511352539063 12.646666526794433594 12.610666275024414063 12.418999671936035156 12.141333580017089844 11.842999458312988281 12.165332794189453125 12.628666877746582031 12.69499969482421875 12.685666084289550781 12.520333290100097656 12.845333099365234375 13.130999565124511719 12.506000518798828125 11.745332717895507813 11.354666709899902344 11.498999595642089844 11.785666465759277344 11.868332862854003906 11.866999626159667969 11.739333152770996094 11.485333442687988281 11.721332550048828125 11.654665946960449219 11.418999671936035156 11.100666046142578125 10.944333076477050781 10.949000358581542969 10.635333061218261719 10.274999618530273438
12.153333663940429688 12.175999641418457031 12.349999427795410156 12.357666015625 12.23166656494140625 12.080666542053222656 11.799666404724121094 11.691666603088378906 11.658666610717773438 11.729332923889160156 11.702667236328125 11.811999320983886719 12.163999557495117188 12.445333480834960938 12.840332984924316406 12.960000038146972656 12.982333183288574219 12.823332786560058594 12.664666175842285156 12.701999664306640625 12.853000640869140625 12.85233306884765625 12.585333824157714844 12.318666458129882813 11.932332992553710938 11.803999900817871094 11.956333160400390625 12.327667236328125 12.5883331298828125 12.654000282287597656 12.815333366394042969 13.248999595642089844 12.856999397277832031 12.277666091918945313 12.2176666259765625 12.275666236877441406 12.350000381469726563 12.155333518981933594 11.951666831970214844 11.759333610534667969 11.3943328857421875 11.376999855041503906 11.320666313171386719 11.4589996337890625 11.31999969482421875 10.993332862854003906 10.966333389282226563 10.814666748046875 10.560999870300292969
12.320667266845703125 12.417333602905273438 12.506999969482421875 12.302666664123535156 11.942999839782714844 11.850666046142578125 11.775667190551757813 11.819000244140625 11.823666572570800781 11.854333877563476563 11.794333457946777344 11.800999641418457031 12.099666595458984375 12.594000816345214844 13.061666488647460938 13.055666923522949219 12.943666458129882813 12.519000053405761719 12.430666923522949219 12.507665634155273438 12.961000442504882813 12.898999214172363281 12.558666229248046875 12.396333694458007813 12.114999771118164063 11.767666816711425781 11.698666572570800781 12.116666793823242188 12.628665924072265625 12.868333816528320313 12.8513336181640625 13.128000259399414063 13.27266693115234375 13.170666694641113281 13.432000160217285156 13.45800018310546875 13.303000450134277344 12.977999687194824219 12.483333587646484375 11.970999717712402344 11.586333274841308594 11.114333152770996094 10.949666976928710938 11.220999717712402344 11.233666419982910156 10.968333244323730469 10.78766632080078125 10.78133392333984375 10.831999778747558594
12.54199981689453125 12.739333152770996094 12.819000244140625 12.5366668701171875 12.135000228881835938 12.081000328063964844 11.995332717895507813 12.15200042724609375 12.18000030517578125 12.090999603271484375 12.044000625610351563 12.101666450500488281 12.265333175659179688 12.596332550048828125 13.054666519165039063 13.049333572387695313 12.784333229064941406 12.380666732788085938 12.409667015075683594 12.272999763488769531 12.9806671142578125 13.00966644287109375 12.651666641235351563 12.558000564575195313 12.30066680908203125 11.928333282470703125 11.928999900817871094 12.154999732971191406 12.569333076477050781 12.744999885559082031 12.791334152221679688 13.035666465759277344 13.383999824523925781 13.558333396911621094 14.017333984375 14.162333488464355469 14.013333320617675781 13.579333305358886719 12.968333244323730469 12.392000198364257813 11.915332794189453125 11.338666915893554688 11.021333694458007813 11.059666633605957031 11.152333259582519531 10.902333259582519531 10.616665840148925781 10.343333244323730469 10.58933258056640625
12.798666954040527344 12.905332565307617188 12.746333122253417969 12.585000038146972656 12.506333351135253906 12.524667739868164063 12.165332794189453125 12.21666717529296875 12.239666938781738281 12.243666648864746094 12.232666969299316406 12.288666725158691406 12.440000534057617188 12.498666763305664063 12.715332984924316406 12.724332809448242188 12.405667304992675781 12.289667129516601563 12.597666740417480469 12.191999435424804688 12.659999847412109375 13.045666694641113281 12.979000091552734375 13.017666816711425781 12.589667320251464844 12.184332847595214844 12.2823333740234375 12.383999824523925781 12.538332939147949219 12.771666526794433594 12.934666633605957031 13.266333580017089844 13.400666236877441406 13.431332588195800781 13.856667518615722656 14.142666816711425781 13.969666481018066406 13.389333724975585938 12.985666275024414063 12.802999496459960938 12.353666305541992188 11.733666419982910156 11.521333694458007813 11.403666496276855469 11.318666458129882813 10.840332984924316406 10.548666954040527344 10.092999458312988281 10.336333274841308594
12.91266632080078125 12.998666763305664063 12.830333709716796875 12.821666717529296875 12.75766754150390625 12.893667221069335938 12.560000419616699219 12.303333282470703125 12.149999618530273438 12.157667160034179688 12.159998893737792969 12.30066680908203125 12.484333038330078125 12.293999671936035156 12.340332984924316406 12.303667068481445313 12.114000320434570313 12.114000320434570313 12.443666458129882813 11.961666107177734375 11.643667221069335938 12.190999984741210938 13.011000633239746094 13.305999755859375 12.86199951171875 12.452667236328125 12.518666267395019531 12.561666488647460938 12.593999862670898438 12.921999931335449219 13.226332664489746094 13.425999641418457031 13.454667091369628906 13.219333648681640625 13.405333518981933594 13.897333145141601563 13.779999732971191406 13.321332931518554688 13.158333778381347656 13.256999969482421875 13.096333503723144531 12.480999946594238281 11.934999465942382813 11.810333251953125 11.503333091735839844 10.996999740600585938 10.555333137512207031 10.345999717712402344 10.277667045593261719
12.863666534423828125 13.005999565124511719 12.959666252136230469 13.049666404724121094 13.191666603088378906 13.457333564758300781 13.349333763122558594 12.822666168212890625 12.330999374389648438 12.151666641235351563 12.226666450500488281 12.451666831970214844 12.518666267395019531 12.270999908447265625 12.312000274658203125 12.209333419799804688 12.15200042724609375 12.292333602905273438 12.309000015258789063 11.36199951171875 10.572666168212890625 10.730333328247070313 11.952666282653808594 12.695666313171386719 12.87933349609375 12.893667221069335938 12.7133331298828125 12.566666603088378906 12.467000007629394531 12.671999931335449219 12.848000526428222656 13.192667007446289063 13.265666007995605469 13.024666786193847656 13.225333213806152344 13.853666305541992188 13.836332321166992188 13.520999908447265625 13.549333572387695313 13.675333023071289063 13.472332954406738281 12.892333984375 12.226000785827636719 11.857666969299316406 11.627666473388671875 11.617333412170410156 11.238333702087402344 10.973999977111816406 10.631999969482421875
12.786999702453613281 12.881666183471679688 12.876333236694335938 13.137666702270507813 13.646999359130859375 13.989665985107421875 13.886333465576171875 13.304332733154296875 12.537999153137207031 12.254666328430175781 12.49566650390625 12.789667129516601563 12.750332832336425781 12.49033355712890625 12.372333526611328125 12.232333183288574219 12.244999885559082031 12.303333282470703125 11.993666648864746094 10.544333457946777344 10.904999732971191406 10.828000068664550781 11.072999954223632813 11.871333122253417969 12.699999809265136719 13.096333503723144531 12.915666580200195313 12.805665969848632813 12.587666511535644531 12.405333518981933594 12.639666557312011719 12.968333244323730469 13.167666435241699219 13.159000396728515625 13.267666816711425781 13.722332954406738281 13.897999763488769531 13.663999557495117188 13.666666984558105469 13.846666336059570313 13.612999916076660156 13.071999549865722656 12.312666893005371094 11.772333145141601563 11.713000297546386719 12.126333236694335938 12.057333946228027344 11.653333663940429688 10.987999916076660156
12.572666168212890625 12.868333816528320313 12.881334304809570313 13.129667282104492188 13.692999839782714844 13.965999603271484375 13.806666374206542969 13.357000350952148438 12.729000091552734375 12.5193328857421875 12.739999771118164063 12.929999351501464844 12.876667022705078125 12.636666297912597656 12.269999504089355469 12.145333290100097656 12.333333015441894531 12.378666877746582031 11.705333709716796875 10.601332664489746094 11.811666488647460938 12.352666854858398438 12.484665870666503906 12.8513336181640625 13.068667411804199219 13.132333755493164063 13.026000022888183594 12.73166656494140625 12.482999801635742188 12.508666038513183594 12.865666389465332031 13.162333488464355469 13.26399993896484375 13.031666755676269531 12.93000030517578125 13.506000518798828125 13.798334121704101563 13.732999801635742188 13.785666465759277344 13.844333648681640625 13.608666419982910156 13.166334152221679688 12.623666763305664063 12.2866668701171875 12.094333648681640625 12.214666366577148438 12.177333831787109375 12.110666275024414063 11.437999725341796875
12.918333053588867188 13.158666610717773438 13.077666282653808594 13.209666252136230469 13.451666831970214844 13.6143341064453125 13.348666191101074219 12.989999771118164063 12.645333290100097656 12.568333625793457031 12.640334129333496094 12.683666229248046875 12.666333198547363281 12.435333251953125 12.047332763671875 12.052666664123535156 12.438666343688964844 12.327333450317382813 11.713999748229980469 10.893666267395019531 12.203000068664550781 12.800999641418457031 12.678333282470703125 12.738999366760253906 12.882666587829589844 13.056666374206542969 13.095000267028808594 12.828333854675292969 12.622666358947753906 12.604000091552734375 12.682000160217285156 12.697333335876464844 12.945333480834960938 12.9720001220703125 12.815000534057617188 13.213666915893554688 13.507332801818847656 13.668665885925292969 13.839667320251464844 13.909999847412109375 13.857333183288574219 13.590332984924316406 13.097332954406738281 12.872999191284179688 12.637999534606933594 12.122666358947753906 11.741000175476074219 12.163666725158691406 11.9029998779296875
13.062000274658203125 13.370333671569824219 13.232000350952148438 13.306333541870117188 13.456334114074707031 13.49900054931640625 13.274000167846679688 12.895667076110839844 12.799666404724121094 12.823999404907226563 12.69933319091796875 12.63666534423828125 12.824666023254394531 12.875332832336425781 12.704000473022460938 12.585999488830566406 12.401666641235351563 11.843000411987304688 11.447000503540039063 12.012999534606933594 12.862999916076660156 13.078333854675292969 13.14766693115234375 13.155000686645507813 13.021999359130859375 12.985333442687988281 13.007332801818847656 12.990000724792480469 13.039666175842285156 12.821666717529296875 12.730333328247070313 12.661333084106445313 12.733333587646484375 12.681333541870117188 12.71233367919921875 13.157666206359863281 13.38466644287109375 13.520999908447265625 13.656666755676269531 13.746999740600585938 13.785333633422851563 13.684000015258789063 13.469666481018066406 13.345999717712402344 13.402333259582519531 12.975666046142578125 12.363332748413085938 12.240666389465332031 12.060667037963867188
13.022333145141601563 13.242333412170410156 13.354999542236328125 13.362333297729492188 13.461000442504882813 13.380666732788085938 13.249666213989257813 12.941999435424804688 12.7693328857421875 12.779333114624023438 12.852999687194824219 12.760333061218261719 12.685999870300292969 13.015999794006347656 13.029999732971191406 12.51833343505859375 11.886666297912597656 11.634333610534667969 12.520333290100097656 13.326666831970214844 13.524666786193847656 13.337332725524902344 13.247333526611328125 13.333667755126953125 13.336666107177734375 13.263333320617675781 13.273332595825195313 13.287332534790039063 13.242000579833984375 13.059000015258789063 12.984999656677246094 12.917999267578125 13.03766632080078125 12.837666511535644531 12.758000373840332031 12.915999412536621094 13.128665924072265625 13.434000015258789063 13.849666595458984375 14.077666282653808594 13.987333297729492188 13.822999954223632813 13.624666213989257813 13.35333251953125 13.270667076110839844 13.057332992553710938 12.855666160583496094 12.4633331298828125 12.099999427795410156
13.026665687561035156 13.185667037963867188 13.330999374389648438 13.432000160217285156 13.35233306884765625 13.333666801452636719 13.317667007446289063 13.076000213623046875 12.854000091552734375 12.896333694458007813 12.91899871826171875 12.732333183288574219 12.852999687194824219 13.392999649047851563 13.213999748229980469 12.623666763305664063 12.084333419799804688 12.435000419616699219 13.487999916076660156 13.942333221435546875 13.96666717529296875 13.805666923522949219 13.474333763122558594 13.277667045593261719 13.367666244506835938 13.522000312805175781 13.477000236511230469 13.317000389099121094 13.416666984558105469 13.344667434692382813 13.189666748046875 13.076333045959472656 13.10233306884765625 12.9546661376953125 12.904333114624023438 12.91066741943359375 13.104000091552734375 13.485666275024414063 13.87933349609375 14.05066680908203125 14.008999824523925781 13.88466644287109375 13.60333251953125 13.171999931335449219 12.9893341064453125 12.547666549682617188 12.82866668701171875 12.701665878295898438 12.092000007629394531
13.281666755676269531 13.3856658935546875 13.543666839599609375 13.482998847961425781 13.269000053405761719 13.311666488647460938 13.307666778564453125 13.1573333740234375 13.00433349609375 13.082666397094726563 12.996666908264160156 12.809000015258789063 13.120333671569824219 13.498332977294921875 13.12833404541015625 12.586333274841308594 12.493000030517578125 13.216333389282226563 13.789667129516601563 13.910666465759277344 13.871666908264160156 13.612000465393066406 13.555333137512207031 13.631999969482421875 13.686666488647460938 13.697667121887207031 13.465999603271484375 13.208666801452636719 13.334333419799804688 13.550999641418457031 13.482333183288574219 13.289666175842285156 13.138667106628417969 13.079667091369628906 12.921667098999023438 12.81999969482421875 12.930999755859375 13.362000465393066406 13.802999496459960938 13.992666244506835938 14.078332901000976563 13.825666427612304688 13.395999908447265625 12.892333030700683594 12.957666397094726563 12.723667144775390625 12.739666938781738281 12.808667182922363281 11.876999855041503906
