data/dp3ann.asc
ncols        384
nrows        480
xllcorner    138.000000000000
yllcorner    -29.000000000000
cellsize     0.041666666667
NODATA_value -9999
[rows 378 to 395 of 480, columns 120 to 159 of 384]
7.9277739524841308594 7.9460997581481933594 7.9644255638122558594 7.9827508926391601563 8.0010766983032226563 8.0194025039672851563 8.0373287200927734375 8.0548553466796875 8.0723819732666015625 8.089908599853515625 8.1074352264404296875 8.12496185302734375 8.1530675888061523438 8.1917514801025390625 8.2304353713989257813 8.2691192626953125 8.3078031539916992188 8.3464870452880859375 8.3718233108520507813 8.3838109970092773438 8.3957986831665039063 8.4077863693237304688 8.4197740554809570313 8.4317626953125 8.4272603988647460938 8.4062700271606445313 8.3852787017822265625 8.364288330078125 8.3432970046997070313 8.3223056793212890625 8.3170824050903320313 8.3276271820068359375 8.3381710052490234375 8.3487157821655273438 8.3592596054077148438 8.3698034286499023438 8.39823150634765625 8.4445438385009765625 8.4908552169799804688 8.5371675491333007813
7.9288916587829589844 7.945301055908203125 7.9617099761962890625 7.9781193733215332031 7.9945282936096191406 8.0109376907348632813 8.0279026031494140625 8.0454254150390625 8.0629472732543945313 8.0804691314697265625 8.0979909896850585938 8.115512847900390625 8.14170074462890625 8.176555633544921875 8.2114095687866210938 8.2462644577026367188 8.2811183929443359375 8.3159732818603515625 8.3385190963745117188 8.3487567901611328125 8.3589944839477539063 8.369232177734375 8.3794698715209960938 8.3897075653076171875 8.3837366104125976563 8.3615560531616210938 8.3393754959106445313 8.3171939849853515625 8.295013427734375 8.2728328704833984375 8.2668552398681640625 8.277080535888671875 8.2873058319091796875 8.2975311279296875 8.3077564239501953125 8.317981719970703125 8.3462419509887695313 8.3925371170043945313 8.4388332366943359375 8.4851284027099609375
7.9300093650817871094 7.9445018768310546875 7.9589943885803222656 7.9734873771667480469 7.987979888916015625 8.0024728775024414063 8.0184774398803710938 8.0359945297241210938 8.0535116195678710938 8.0710287094116210938 8.0885457992553710938 8.1060628890991210938 8.1303339004516601563 8.1613588333129882813 8.1923837661743164063 8.2234086990356445313 8.2544336318969726563 8.2854585647583007813 8.3052148818969726563 8.3137025833129882813 8.3221902847290039063 8.3306779861450195313 8.3391656875610351563 8.3476533889770507813 8.3402118682861328125 8.3168420791625976563 8.2934713363647460938 8.2701005935668945313 8.246730804443359375 8.2233600616455078125 8.2166280746459960938 8.2265348434448242188 8.2364406585693359375 8.2463474273681640625 8.2562532424926757813 8.2661600112915039063 8.2942523956298828125 8.3405313491821289063 8.386810302734375 8.4330892562866210938
7.9311265945434570313 7.9437031745910644531 7.9562792778015136719 7.9688553810119628906 7.9814314842224121094 7.9940080642700195313 8.009052276611328125 8.0265645980834960938 8.0440769195556640625 8.0615892410278320313 8.0791015625 8.0966138839721679688 8.1189680099487304688 8.1461629867553710938 8.1733579635620117188 8.20055389404296875 8.227748870849609375 8.2549448013305664063 8.2719106674194335938 8.27864837646484375 8.2853860855102539063 8.2921237945556640625 8.2988615036010742188 8.305599212646484375 8.296688079833984375 8.2721271514892578125 8.2475671768188476563 8.2230072021484375 8.1984472274780273438 8.1738872528076171875 8.166400909423828125 8.1759881973266601563 8.1855754852294921875 8.1951627731323242188 8.20475006103515625 8.2143373489379882813 8.2422628402709960938 8.288524627685546875 8.3347873687744140625 8.38105010986328125
7.9322443008422851563 7.9429039955139160156 7.953563690185546875 7.9642233848571777344 7.9748835563659667969 7.9855432510375976563 7.9996266365051269531 8.0171346664428710938 8.0346422195434570313 8.0521497726440429688 8.0696573257446289063 8.0871648788452148438 8.107601165771484375 8.1309671401977539063 8.1543331146240234375 8.1776981353759765625 8.2010641098022460938 8.224430084228515625 8.2386064529418945313 8.2435941696166992188 8.2485818862915039063 8.2535696029663085938 8.2585573196411132813 8.2635440826416015625 8.2531633377075195313 8.227413177490234375 8.201663970947265625 8.1759138107299804688 8.1501646041870117188 8.1244144439697265625 8.1161737442016601563 8.1254425048828125 8.1347103118896484375 8.1439790725708007813 8.1532468795776367188 8.1625156402587890625 8.1902723312377929688 8.23651885986328125 8.282764434814453125 8.329010009765625
7.9333615303039550781 7.9421052932739257813 7.9508485794067382813 7.9595918655395507813 7.9683351516723632813 7.9770784378051757813 7.9902014732360839844 8.0077037811279296875 8.0252065658569335938 8.0427093505859375 8.0602121353149414063 8.0777149200439453125 8.0962343215942382813 8.1157703399658203125 8.13530731201171875 8.1548433303833007813 8.1743793487548828125 8.19391632080078125 8.205303192138671875 8.2085399627685546875 8.2117776870727539063 8.215015411376953125 8.2182521820068359375 8.2214899063110351563 8.2096385955810546875 8.1826992034912109375 8.1557598114013671875 8.1288204193115234375 8.1018810272216796875 8.0749416351318359375 8.0659465789794921875 8.0748958587646484375 8.0838451385498046875 8.0927944183349609375 8.1017436981201171875 8.1106929779052734375 8.13828277587890625 8.1845121383666992188 8.2307415008544921875 8.2769708633422851563
7.9338436126708984375 7.94159698486328125 7.9493503570556640625 7.957103729248046875 7.9648571014404296875 7.9726104736328125 7.9842162132263183594 7.9996747970581054688 8.015132904052734375 8.0305919647216796875 8.0460500717163085938 8.0615081787109375 8.0775899887084960938 8.0942935943603515625 8.1109972000122070313 8.1277017593383789063 8.144405364990234375 8.1611089706420898438 8.1709156036376953125 8.173824310302734375 8.1767330169677734375 8.1796407699584960938 8.1825494766235351563 8.1854581832885742188 8.1740636825561523438 8.1483659744262695313 8.1226682662963867188 8.0969715118408203125 8.0712738037109375 8.0455760955810546875 8.0372915267944335938 8.0464181900024414063 8.055545806884765625 8.0646734237670898438 8.0738010406494140625 8.082927703857421875 8.1096162796020507813 8.153865814208984375 8.198116302490234375 8.2423658370971679688
7.9336900711059570313 7.9413800239562988281 7.949069976806640625 7.9567594528198242188 7.9644494056701660156 7.9721393585205078125 7.9816713333129882813 7.9930462837219238281 8.004421234130859375 8.0157957077026367188 8.0271701812744140625 8.0385446548461914063 8.051666259765625 8.06653594970703125 8.0814046859741210938 8.0962734222412109375 8.1111421585083007813 8.126010894775390625 8.1354455947875976563 8.139446258544921875 8.1434469223022460938 8.1474475860595703125 8.1514482498168945313 8.15544891357421875 8.1464366912841796875 8.1244134902954101563 8.1023893356323242188 8.0803661346435546875 8.05834197998046875 8.0363187789916992188 8.0302076339721679688 8.0400104522705078125 8.04981231689453125 8.0596151351928710938 8.0694169998168945313 8.079219818115234375 8.1042737960815429688 8.144580841064453125 8.184886932373046875 8.2251939773559570313
7.933536529541015625 7.9411630630493164063 7.9487891197204589844 7.9564156532287597656 7.9640417098999023438 7.971668243408203125 7.9791269302368164063 7.9864177703857421875 7.9937086105346679688 8.00099945068359375 8.0082902908325195313 8.0155811309814453125 8.0257434844970703125 8.0387773513793945313 8.05181121826171875 8.0648450851440429688 8.0778779983520507813 8.090911865234375 8.0999755859375 8.105068206787109375 8.11016082763671875 8.115253448486328125 8.1203460693359375 8.125438690185546875 8.1188106536865234375 8.100460052490234375 8.0821104049682617188 8.0637607574462890625 8.0454111099243164063 8.0270605087280273438 8.02312469482421875 8.0336017608642578125 8.044078826904296875 8.0545558929443359375 8.0650339126586914063 8.0755109786987304688 8.0989313125610351563 8.1352949142456054688 8.1716585159301757813 8.2080221176147460938
7.9333829879760742188 7.9409461021423339844 7.9485087394714355469 7.9560713768005371094 7.963634490966796875 7.9711971282958984375 7.9765820503234863281 7.9797892570495605469 7.9829964637756347656 7.9862036705017089844 7.9894108772277832031 7.9926176071166992188 7.999820709228515625 8.0110197067260742188 8.0222177505493164063 8.033416748046875 8.0446147918701171875 8.0558137893676757813 8.0645055770874023438 8.070690155029296875 8.0768747329711914063 8.0830593109130859375 8.089244842529296875 8.0954294204711914063 8.0911836624145507813 8.076507568359375 8.0618314743041992188 8.0471553802490234375 8.0324792861938476563 8.017803192138671875 8.0160417556762695313 8.0271930694580078125 8.0383453369140625 8.0494976043701171875 8.060649871826171875 8.0718021392822265625 8.0935888290405273438 8.1260089874267578125 8.1584300994873046875 8.1908502578735351563
7.9332299232482910156 7.9407291412353515625 7.9482283592224121094 7.9557275772094726563 7.9632267951965332031 7.97072601318359375 7.9740376472473144531 7.9731607437133789063 7.9722843170166015625 7.9714074134826660156 7.9705309867858886719 7.969654083251953125 7.9738979339599609375 7.9832611083984375 7.9926247596740722656 8.0019884109497070313 8.0113515853881835938 8.0207147598266601563 8.0290346145629882813 8.036312103271484375 8.0435886383056640625 8.0508661270141601563 8.0581426620483398438 8.0654201507568359375 8.0635576248168945313 8.052555084228515625 8.0415525436401367188 8.0305500030517578125 8.0195484161376953125 8.0085458755493164063 8.0089578628540039063 8.0207853317260742188 8.032611846923828125 8.0444393157958984375 8.05626678466796875 8.0680932998657226563 8.0882463455200195313 8.1167240142822265625 8.1452007293701171875 8.1736783981323242188
7.9330763816833496094 7.9405121803283691406 7.9479475021362304688 7.95538330078125 7.9628190994262695313 7.9702548980712890625 7.971492767333984375 7.9665322303771972656 7.9615721702575683594 7.95661163330078125 7.9516510963439941406 7.9466905593872070313 7.9479746818542480469 7.9555029869079589844 7.9630312919616699219 7.9705595970153808594 7.9780879020690917969 7.9856162071228027344 7.993564605712890625 8.001934051513671875 8.010303497314453125 8.0186719894409179688 8.0270414352416992188 8.0354108810424804688 8.035930633544921875 8.02860260009765625 8.0212736129760742188 8.0139446258544921875 8.0066165924072265625 7.9992880821228027344 8.0018749237060546875 8.0143766403198242188 8.0268793106079101563 8.0393810272216796875 8.0518827438354492188 8.0643854141235351563 8.0829038619995117188 8.1074380874633789063 8.1319723129272460938 8.1565065383911132813
7.9237380027770996094 7.93041229248046875 7.9370870590209960938 7.9437613487243652344 7.950435638427734375 7.9571104049682617188 7.9568738937377929688 7.9497270584106445313 7.9425802230834960938 7.9354333877563476563 7.9282870292663574219 7.9211401939392089844 7.921253204345703125 7.9286265373229980469 7.9359993934631347656 7.9433727264404296875 7.9507460594177246094 7.9581189155578613281 7.9670357704162597656 7.9774956703186035156 7.9879555702209472656 7.9984149932861328125 8.0088748931884765625 8.0193347930908203125 8.0223026275634765625 8.0177793502807617188 8.0132551193237304688 8.0087308883666992188 8.004207611083984375 7.9996838569641113281 8.0042867660522460938 8.0180177688598632813 8.0317478179931640625 8.04547882080078125 8.0592088699340820313 8.0729398727416992188 8.0910043716430664063 8.1134033203125 8.1358022689819335938 8.1582012176513671875
7.9052147865295410156 7.9104299545288085938 7.915645599365234375 7.9208607673645019531 7.9260764122009277344 7.9312915802001953125 7.9301815032958984375 7.9227457046508789063 7.9153094291687011719 7.9078736305236816406 7.9004378318786621094 7.8930020332336425781 7.8937330245971679688 7.9026312828063964844 7.911529541015625 7.9204277992248535156 7.9293255805969238281 7.9382238388061523438 7.9494476318359375 7.9629969596862792969 7.9765458106994628906 7.9900951385498046875 8.0036439895629882813 8.0171937942504882813 8.0226736068725585938 8.0200853347778320313 8.0174970626831054688 8.0149087905883789063 8.0123205184936523438 8.0097322463989257813 8.0161943435668945313 8.031707763671875 8.0472202301025390625 8.062732696533203125 8.0782451629638671875 8.09375762939453125 8.1125497817993164063 8.13462066650390625 8.1566915512084960938 8.1787624359130859375
7.8866915702819824219 7.8904480934143066406 7.8942041397094726563 7.897960662841796875 7.9017167091369628906 7.9054732322692871094 7.9034886360168457031 7.8957638740539550781 7.8880391120910644531 7.880313873291015625 7.872589111328125 7.8648638725280761719 7.8662128448486328125 7.8766360282897949219 7.8870592117309570313 7.8974823951721191406 7.90790557861328125 7.9183287620544433594 7.9318594932556152344 7.948497772216796875 7.9651365280151367188 7.9817748069763183594 7.9984135627746582031 8.0150518417358398438 8.023044586181640625 8.02239227294921875 8.021739959716796875 8.0210866928100585938 8.0204343795776367188 8.0197811126708984375 8.028102874755859375 8.0453968048095703125 8.0626916885375976563 8.079986572265625 8.0972814559936523438 8.1145753860473632813 8.13409423828125 8.1558370590209960938 8.1775798797607421875 8.1993227005004882813
7.8681683540344238281 7.8704657554626464844 7.8727631568908691406 7.8750600814819335938 7.87735748291015625 7.8796548843383789063 7.8767962455749511719 7.86878204345703125 7.8607683181762695313 7.8527541160583496094 7.8447399139404296875 7.8367257118225097656 7.8386931419372558594 7.8506412506103515625 7.8625888824462890625 7.8745369911193847656 7.8864850997924804688 7.8984332084655761719 7.9142713546752929688 7.9339990615844726563 7.9537267684936523438 7.9734549522399902344 7.9931826591491699219 8.0129108428955078125 8.0234155654907226563 8.0246982574462890625 8.025981903076171875 8.0272645950317382813 8.0285472869873046875 8.0298309326171875 8.0400104522705078125 8.0590867996215820313 8.0781641006469726563 8.097240447998046875 8.1163167953491210938 8.1353940963745117188 8.1556396484375 8.1770544052124023438 8.1984691619873046875 8.2198839187622070313
7.8496456146240234375 7.8504834175109863281 7.8513216972351074219 7.8521599769592285156 7.8529977798461914063 7.8538360595703125 7.8501038551330566406 7.841800689697265625 7.8334975242614746094 7.8251943588256835938 7.8168911933898925781 7.8085880279541015625 7.8111729621887207031 7.82464599609375 7.8381190299987792969 7.8515920639038085938 7.8650650978088378906 7.8785381317138671875 7.8966832160949707031 7.9195003509521484375 7.9423174858093261719 7.9651346206665039063 7.9879517555236816406 8.010768890380859375 8.0237865447998046875 8.0270051956176757813 8.030223846435546875 8.0334424972534179688 8.0366611480712890625 8.0398797988891601563 8.05191802978515625 8.07277679443359375 8.09363555908203125 8.11449432373046875 8.13535308837890625 8.15621185302734375 8.1771841049194335938 8.1982707977294921875 8.2193584442138671875 8.2404451370239257813
7.8311223983764648438 7.830501556396484375 7.8298802375793457031 7.8292593955993652344 7.8286385536193847656 7.8280177116394042969 7.8234109878540039063 7.8148188591003417969 7.8062267303466796875 7.797634124755859375 7.7890419960021972656 7.7804498672485351563 7.7836527824401855469 7.7986507415771484375 7.8136487007141113281 7.8286466598510742188 7.8436446189880371094 7.8586430549621582031 7.8790950775146484375 7.9050016403198242188 7.930908203125 7.9568142890930175781 7.9827208518981933594 8.0086269378662109375 8.0241575241088867188 8.0293121337890625 8.034465789794921875 8.0396203994750976563 8.0447740554809570313 8.0499286651611328125 8.0638256072998046875 8.0864667892456054688 8.1091070175170898438 8.131748199462890625 8.154388427734375 8.1770296096801757813 8.1987295150756835938 8.2194881439208984375 8.2402467727661132813 8.261005401611328125
