data/dp3ann.asc
ncols        384
nrows        480
xllcorner    138.000000000000
yllcorner    -29.000000000000
cellsize     0.041666666667
NODATA_value -9999
[rows 270 to 287 of 480, columns 280 to 319 of 384]
18.832914352416992188 18.8293304443359375 18.827135086059570313 18.826324462890625 18.8255157470703125 18.82470703125 18.8238983154296875 18.823089599609375 18.82245635986328125 18.822000503540039063 18.821544647216796875 18.821088790893554688 18.8206329345703125 18.820177078247070313 18.820468902587890625 18.821508407592773438 18.82254791259765625 18.823589324951171875 18.824628829956054688 18.8256683349609375 18.826549530029296875 18.827272415161132813 18.82799530029296875 18.8287200927734375 18.829442977905273438 18.830165863037109375 18.831880569458007813 18.834589004516601563 18.8372955322265625 18.840002059936523438 18.842710494995117188 18.845417022705078125 18.847955703735351563 18.850322723388671875 18.852691650390625 18.855060577392578125 18.85742950439453125 18.859796524047851563 18.86299896240234375 18.867034912109375
18.815572738647460938 18.811990737915039063 18.8094940185546875 18.808080673217773438 18.806669235229492188 18.805257797241210938 18.803844451904296875 18.802433013916015625 18.801515579223632813 18.801092147827148438 18.800668716430664063 18.8002471923828125 18.799823760986328125 18.79940032958984375 18.799480438232421875 18.800062179565429688 18.8006439208984375 18.801227569580078125 18.801809310913085938 18.80239105224609375 18.802942276000976563 18.803462982177734375 18.803983688354492188 18.804502487182617188 18.805023193359375 18.805543899536132813 18.807138442993164063 18.809810638427734375 18.812480926513671875 18.815151214599609375 18.817823410034179688 18.820493698120117188 18.823141098022460938 18.825763702392578125 18.8283843994140625 18.831007003784179688 18.833629608154296875 18.836252212524414063 18.839601516723632813 18.843677520751953125
18.798231124877929688 18.794651031494140625 18.791852951049804688 18.789836883544921875 18.787822723388671875 18.785806655883789063 18.78379058837890625 18.78177642822265625 18.780572891235351563 18.780183792114257813 18.77979278564453125 18.7794036865234375 18.779012680053710938 18.778623580932617188 18.778490066528320313 18.778615951538085938 18.77873992919921875 18.778865814208984375 18.778989791870117188 18.779115676879882813 18.77933502197265625 18.779653549194335938 18.779970169067382813 18.780286788940429688 18.780603408813476563 18.780920028686523438 18.782396316528320313 18.785032272338867188 18.78766632080078125 18.790300369262695313 18.792936325073242188 18.79557037353515625 18.798326492309570313 18.801202774047851563 18.804079055786132813 18.806955337524414063 18.809831619262695313 18.81270599365234375 18.816204071044921875 18.820322036743164063
18.780889511108398438 18.777309417724609375 18.774211883544921875 18.771593093872070313 18.76897430419921875 18.766355514526367188 18.763738632202148438 18.761119842529296875 18.759632110595703125 18.759275436401367188 18.758916854858398438 18.7585601806640625 18.758203506469726563 18.757846832275390625 18.757501602172851563 18.757169723510742188 18.7568359375 18.756504058837890625 18.756170272827148438 18.755838394165039063 18.75572967529296875 18.755842208862304688 18.755956649780273438 18.756071090698242188 18.756183624267578125 18.756298065185546875 18.757654190063476563 18.760251998901367188 18.762851715087890625 18.765451431274414063 18.768049240112304688 18.770648956298828125 18.773511886596679688 18.776641845703125 18.779771804809570313 18.782901763916015625 18.786031723022460938 18.78916168212890625 18.792806625366210938 18.796964645385742188
18.763547897338867188 18.759969711303710938 18.756570816040039063 18.75334930419921875 18.750127792358398438 18.746906280517578125 18.743684768676757813 18.7404632568359375 18.738689422607421875 18.73836517333984375 18.738040924072265625 18.737718582153320313 18.737394332885742188 18.737070083618164063 18.736513137817382813 18.735721588134765625 18.73493194580078125 18.734142303466796875 18.7333526611328125 18.732561111450195313 18.732122421264648438 18.73203277587890625 18.731943130493164063 18.731853485107421875 18.731763839721679688 18.7316741943359375 18.732912063598632813 18.7354736328125 18.738037109375 18.7406005859375 18.743162155151367188 18.745725631713867188 18.748699188232421875 18.75208282470703125 18.755466461181640625 18.75885009765625 18.762233734130859375 18.76561737060546875 18.7694091796875 18.773609161376953125
18.746206283569335938 18.7426300048828125 18.73892974853515625 18.735105514526367188 18.731279373168945313 18.72745513916015625 18.723630905151367188 18.719806671142578125 18.717748641967773438 18.717456817626953125 18.717164993286132813 18.716875076293945313 18.716583251953125 18.7162933349609375 18.71552276611328125 18.714275360107421875 18.7130279541015625 18.711780548095703125 18.71053314208984375 18.709285736083984375 18.708515167236328125 18.708223342895507813 18.707929611206054688 18.707637786865234375 18.70734405517578125 18.707052230834960938 18.708169937133789063 18.710695266723632813 18.713222503662109375 18.715749740600585938 18.718275070190429688 18.72080230712890625 18.72388458251953125 18.727521896362304688 18.731159210205078125 18.734796524047851563 18.738433837890625 18.742071151733398438 18.746011734008789063 18.75025177001953125
18.727977752685546875 18.724069595336914063 18.720083236694335938 18.716012954711914063 18.711942672729492188 18.707874298095703125 18.70380401611328125 18.699733734130859375 18.697458267211914063 18.6969757080078125 18.696493148803710938 18.696010589599609375 18.695528030395507813 18.69504547119140625 18.694049835205078125 18.692539215087890625 18.691028594970703125 18.689517974853515625 18.688007354736328125 18.686496734619140625 18.6855316162109375 18.685113906860351563 18.684696197509765625 18.684278488159179688 18.68386077880859375 18.683443069458007813 18.684444427490234375 18.686864852905273438 18.689283370971679688 18.69170379638671875 18.694124221801757813 18.696542739868164063 18.69960784912109375 18.703319549560546875 18.707029342651367188 18.7107391357421875 18.714448928833007813 18.718160629272460938 18.722162246704101563 18.726457595825195313
18.708858489990234375 18.704290390014648438 18.700029373168945313 18.696073532104492188 18.692117691040039063 18.688159942626953125 18.6842041015625 18.680248260498046875 18.677820205688476563 18.676921844482421875 18.676023483276367188 18.6751251220703125 18.674226760864257813 18.673328399658203125 18.672090530395507813 18.670511245727539063 18.668931961059570313 18.667352676391601563 18.665775299072265625 18.664196014404296875 18.663173675537109375 18.662708282470703125 18.662242889404296875 18.661779403686523438 18.661314010620117188 18.660848617553710938 18.661737442016601563 18.663980484008789063 18.66622161865234375 18.66846466064453125 18.67070770263671875 18.672948837280273438 18.675870895385742188 18.679473876953125 18.683074951171875 18.686677932739257813 18.690279006958007813 18.693881988525390625 18.697864532470703125 18.7022247314453125
18.689741134643554688 18.684511184692382813 18.679975509643554688 18.676134109497070313 18.672290802001953125 18.668447494506835938 18.66460418701171875 18.660762786865234375 18.658184051513671875 18.656869888305664063 18.65555572509765625 18.654241561889648438 18.652927398681640625 18.651611328125 18.6501312255859375 18.6484832763671875 18.646837234497070313 18.645189285278320313 18.643541336059570313 18.641893386840820313 18.640813827514648438 18.640302658081054688 18.639791488647460938 18.639278411865234375 18.638767242431640625 18.638254165649414063 18.63903045654296875 18.641096115112304688 18.643159866333007813 18.64522552490234375 18.647291183471679688 18.649354934692382813 18.652133941650390625 18.655628204345703125 18.659122467041015625 18.662616729736328125 18.666109085083007813 18.669603347778320313 18.673564910888671875 18.6779937744140625
18.670623779296875 18.664731979370117188 18.659923553466796875 18.656192779541015625 18.652463912963867188 18.64873504638671875 18.645006179809570313 18.641275405883789063 18.638545989990234375 18.636816024780273438 18.6350860595703125 18.633356094360351563 18.631626129150390625 18.629896163940429688 18.628171920776367188 18.62645721435546875 18.6247406005859375 18.62302398681640625 18.621309280395507813 18.619592666625976563 18.618455886840820313 18.61789703369140625 18.617338180541992188 18.616779327392578125 18.61621856689453125 18.615659713745117188 18.61632537841796875 18.618211746215820313 18.620100021362304688 18.62198638916015625 18.623872756958007813 18.625761032104492188 18.628396987915039063 18.63178253173828125 18.635168075561523438 18.638553619384765625 18.641939163208007813 18.64532470703125 18.649265289306640625 18.653760910034179688
18.6515045166015625 18.644952774047851563 18.63986968994140625 18.63625335693359375 18.63263702392578125 18.629022598266601563 18.625406265258789063 18.621789932250976563 18.618907928466796875 18.616762161254882813 18.61461639404296875 18.612470626831054688 18.610324859619140625 18.608179092407226563 18.606214523315429688 18.604429244995117188 18.6026458740234375 18.600860595703125 18.599077224731445313 18.597291946411132813 18.596096038818359375 18.595491409301757813 18.594884872436523438 18.594278335571289063 18.593671798706054688 18.593065261840820313 18.593618392944335938 18.595327377319335938 18.59703826904296875 18.59874725341796875 18.60045623779296875 18.602167129516601563 18.6046600341796875 18.607936859130859375 18.611215591430664063 18.614492416381835938 18.617769241333007813 18.6210479736328125 18.624967575073242188 18.629528045654296875
18.632387161254882813 18.625173568725585938 18.619815826416015625 18.616313934326171875 18.612812042236328125 18.609308242797851563 18.605806350708007813 18.602304458618164063 18.599271774291992188 18.596710205078125 18.594146728515625 18.591585159301757813 18.589023590087890625 18.586462020874023438 18.584255218505859375 18.582401275634765625 18.580549240112304688 18.57869720458984375 18.57684326171875 18.574991226196289063 18.57373809814453125 18.573083877563476563 18.572431564331054688 18.57177734375 18.571125030517578125 18.570470809936523438 18.570911407470703125 18.572443008422851563 18.573976516723632813 18.57550811767578125 18.577039718627929688 18.578573226928710938 18.580923080444335938 18.584093093872070313 18.587261199951171875 18.59043121337890625 18.593599319458007813 18.596769332885742188 18.600667953491210938 18.605297088623046875
18.614854812622070313 18.60636138916015625 18.600393295288085938 18.596954345703125 18.593515396118164063 18.590074539184570313 18.586635589599609375 18.583194732666015625 18.58003997802734375 18.577169418334960938 18.574300765991210938 18.571430206298828125 18.568559646606445313 18.565690994262695313 18.56329345703125 18.561370849609375 18.559446334838867188 18.557523727416992188 18.555599212646484375 18.553676605224609375 18.55242156982421875 18.551836013793945313 18.551248550415039063 18.550662994384765625 18.550077438354492188 18.549489974975585938 18.54986572265625 18.551202774047851563 18.552537918090820313 18.553874969482421875 18.555210113525390625 18.556547164916992188 18.558740615844726563 18.561788558959960938 18.564838409423828125 18.567888259887695313 18.570936203002929688 18.573986053466796875 18.577772140502929688 18.582294464111328125
18.598905563354492188 18.588512420654296875 18.581602096557617188 18.578174591064453125 18.574747085571289063 18.571319580078125 18.567892074584960938 18.564464569091796875 18.561216354370117188 18.558145523071289063 18.555074691772460938 18.552003860473632813 18.548933029174804688 18.545862197875976563 18.543329238891601563 18.541334152221679688 18.539337158203125 18.537342071533203125 18.535345077514648438 18.533349990844726563 18.532148361206054688 18.531744003295898438 18.531337738037109375 18.530933380126953125 18.530529022216796875 18.530122756958007813 18.530481338500976563 18.531602859497070313 18.532724380493164063 18.533847808837890625 18.534969329833984375 18.536090850830078125 18.538110733032226563 18.541028976440429688 18.5439453125 18.546863555908203125 18.54978179931640625 18.552700042724609375 18.556280136108398438 18.56052398681640625
18.582958221435546875 18.5706634521484375 18.562808990478515625 18.55939483642578125 18.555978775024414063 18.552564620971679688 18.5491485595703125 18.545734405517578125 18.542390823364257813 18.539119720458984375 18.535848617553710938 18.5325775146484375 18.529306411743164063 18.526035308837890625 18.523365020751953125 18.521297454833984375 18.519227981567382813 18.51715850830078125 18.5150909423828125 18.513021469116210938 18.511875152587890625 18.511651992797851563 18.511426925659179688 18.511203765869140625 18.51097869873046875 18.510755538940429688 18.511096954345703125 18.512004852294921875 18.512912750244140625 18.513818740844726563 18.514726638793945313 18.515634536743164063 18.517480850219726563 18.520267486572265625 18.523054122924804688 18.525838851928710938 18.52862548828125 18.531412124633789063 18.534788131713867188 18.538753509521484375
18.567010879516601563 18.552816390991210938 18.544017791748046875 18.540615081787109375 18.537212371826171875 18.533809661865234375 18.530406951904296875 18.527004241943359375 18.523565292358398438 18.520093917846679688 18.516622543334960938 18.513151168823242188 18.509679794311523438 18.506208419799804688 18.5034027099609375 18.501260757446289063 18.499118804931640625 18.496976852416992188 18.49483489990234375 18.492694854736328125 18.491601943969726563 18.491559982299804688 18.49151611328125 18.491474151611328125 18.491430282592773438 18.491388320922851563 18.491712570190429688 18.492406845092773438 18.493099212646484375 18.493791580200195313 18.49448394775390625 18.49517822265625 18.496850967407226563 18.499505996704101563 18.502161026000976563 18.504816055297851563 18.507471084594726563 18.510126113891601563 18.513296127319335938 18.5169830322265625
18.55106353759765625 18.534967422485351563 18.525224685668945313 18.521833419799804688 18.518444061279296875 18.51505279541015625 18.511663436889648438 18.508272171020507813 18.504741668701171875 18.501070022583007813 18.49739837646484375 18.493724822998046875 18.490053176879882813 18.48638153076171875 18.483438491821289063 18.48122406005859375 18.479009628295898438 18.476795196533203125 18.474580764770507813 18.4723663330078125 18.4713287353515625 18.471467971801757813 18.471605300903320313 18.471744537353515625 18.471881866455078125 18.472021102905273438 18.47232818603515625 18.472806930541992188 18.473285675048828125 18.473764419555664063 18.4742431640625 18.474721908569335938 18.476221084594726563 18.4787445068359375 18.481267929077148438 18.483791351318359375 18.486314773559570313 18.48883819580078125 18.491804122924804688 18.495212554931640625
18.535114288330078125 18.517118453979492188 18.50643157958984375 18.503053665161132813 18.499675750732421875 18.496297836303710938 18.492919921875 18.489542007446289063 18.4859161376953125 18.482044219970703125 18.47817230224609375 18.474300384521484375 18.470426559448242188 18.466554641723632813 18.463474273681640625 18.461187362670898438 18.45890045166015625 18.456613540649414063 18.454326629638671875 18.452039718627929688 18.451055526733398438 18.451375961303710938 18.451694488525390625 18.452014923095703125 18.452333450317382813 18.452653884887695313 18.452945709228515625 18.45320892333984375 18.453472137451171875 18.453737258911132813 18.454000473022460938 18.454263687133789063 18.455593109130859375 18.45798492431640625 18.460376739501953125 18.4627685546875 18.465160369873046875 18.46755218505859375 18.470312118530273438 18.47344207763671875
