data/dp3ann.asc
ncols        384
nrows        480
xllcorner    138.000000000000
yllcorner    -29.000000000000
cellsize     0.041666666667
NODATA_value -9999
[rows 162 to 179 of 480, columns 320 to 359 of 384]
21.056629180908203125 21.059526443481445313 21.0624237060546875 21.065319061279296875 21.06821441650390625 21.07110595703125 21.07399749755859375 21.076890945434570313 21.079782485961914063 21.082674026489257813 21.084819793701171875 21.086215972900390625 21.087612152099609375 21.089010238647460938 21.090406417846679688 21.091802597045898438 21.093524932861328125 21.095569610595703125 21.097616195678710938 21.09966278076171875 21.101709365844726563 21.103754043579101563 21.106067657470703125 21.10865020751953125 21.111230850219726563 21.113813400268554688 21.11639404296875 21.118976593017578125 21.121463775634765625 21.123857498168945313 21.126249313354492188 21.128643035888671875 21.131036758422851563 21.133428573608398438 21.136638641357421875 21.14066314697265625 21.144687652587890625 21.148712158203125 21.152738571166992188 21.156763076782226563
21.038484573364257813 21.041399002075195313 21.044313430786132813 21.047227859497070313 21.050018310546875 21.052684783935546875 21.05535125732421875 21.058019638061523438 21.060686111450195313 21.0633544921875 21.065385818481445313 21.066781997680664063 21.068178176879882813 21.069574356079101563 21.070972442626953125 21.072368621826171875 21.074069976806640625 21.076078414916992188 21.078084945678710938 21.0800933837890625 21.08209991455078125 21.084108352661132813 21.086395263671875 21.088962554931640625 21.09152984619140625 21.094099044799804688 21.096666336059570313 21.099233627319335938 21.1016998291015625 21.104066848754882813 21.106431961059570313 21.108797073364257813 21.111162185668945313 21.113527297973632813 21.116670608520507813 21.1205902099609375 21.124509811401367188 21.128427505493164063 21.13234710693359375 21.136266708374023438
21.0203399658203125 21.023271560668945313 21.026203155517578125 21.029134750366210938 21.03182220458984375 21.03426361083984375 21.036706924438476563 21.039148330688476563 21.041589736938476563 21.044033050537109375 21.04595184326171875 21.0473480224609375 21.04874420166015625 21.050140380859375 21.05153656005859375 21.0529327392578125 21.054615020751953125 21.056585311889648438 21.058553695678710938 21.060522079467773438 21.06249237060546875 21.06446075439453125 21.066720962524414063 21.06927490234375 21.071828842163085938 21.074382781982421875 21.076936721801757813 21.07949066162109375 21.081937789916992188 21.0842742919921875 21.086612701416015625 21.08895111083984375 21.091289520263671875 21.0936279296875 21.09670257568359375 21.10051727294921875 21.104330062866210938 21.108142852783203125 21.111957550048828125 21.115770339965820313
21.002193450927734375 21.005144119262695313 21.008092880249023438 21.011041641235351563 21.0136260986328125 21.015842437744140625 21.018060684204101563 21.020277023315429688 21.022493362426757813 21.02471160888671875 21.026517868041992188 21.027914047241210938 21.029310226440429688 21.030706405639648438 21.032102584838867188 21.033498764038085938 21.035161972045898438 21.037092208862304688 21.039022445678710938 21.040952682495117188 21.042882919311523438 21.044813156127929688 21.047048568725585938 21.049589157104492188 21.052127838134765625 21.054668426513671875 21.057209014892578125 21.059747695922851563 21.062173843383789063 21.064483642578125 21.06679534912109375 21.069105148315429688 21.071414947509765625 21.073726654052734375 21.076734542846679688 21.080442428588867188 21.084150314331054688 21.087858200073242188 21.091566085815429688 21.095273971557617188
20.984048843383789063 20.9870147705078125 20.98998260498046875 20.992950439453125 20.99542999267578125 20.9974212646484375 20.999414443969726563 21.001405715942382813 21.003398895263671875 21.005390167236328125 21.007083892822265625 21.008480072021484375 21.009876251220703125 21.011272430419921875 21.012668609619140625 21.014062881469726563 21.015707015991210938 21.017599105834960938 21.019491195678710938 21.021383285522460938 21.023275375366210938 21.025165557861328125 21.027374267578125 21.029901504516601563 21.032426834106445313 21.034954071044921875 21.037479400634765625 21.040006637573242188 21.042409896850585938 21.0446929931640625 21.046976089477539063 21.049259185791015625 21.051542282104492188 21.05382537841796875 21.056768417358398438 21.060369491577148438 21.06397247314453125 21.06757354736328125 21.071176528930664063 21.074777603149414063
20.965902328491210938 20.9688873291015625 20.971872329711914063 20.974857330322265625 20.97723388671875 20.979000091552734375 20.980768203735351563 20.982534408569335938 20.984302520751953125 20.9860687255859375 20.987649917602539063 20.989046096801757813 20.990442276000976563 20.9918365478515625 20.99323272705078125 20.99462890625 20.99625396728515625 20.998106002807617188 20.999959945678710938 21.001811981201171875 21.003665924072265625 21.005519866943359375 21.007701873779296875 21.010213851928710938 21.012725830078125 21.015237808227539063 21.017751693725585938 21.020263671875 21.022647857666015625 21.02490234375 21.027158737182617188 21.029413223266601563 21.03166961669921875 21.033924102783203125 21.036800384521484375 21.040296554565429688 21.043792724609375 21.047288894653320313 21.050785064697265625 21.054281234741210938
20.947664260864257813 20.950653076171875 20.953639984130859375 20.956628799438476563 20.958942413330078125 20.96057891845703125 20.962217330932617188 20.963855743408203125 20.96549224853515625 20.967130661010742188 20.9686431884765625 20.970029830932617188 20.971416473388671875 20.97280120849609375 20.974187850952148438 20.975574493408203125 20.977191925048828125 20.979040145874023438 20.980890274047851563 20.982738494873046875 20.984588623046875 20.986436843872070313 20.988584518432617188 20.991029739379882813 20.993474960327148438 20.995920181274414063 20.998365402221679688 21.000810623168945313 21.003147125244140625 21.005374908447265625 21.007604598999023438 21.009832382202148438 21.01206207275390625 21.01428985595703125 21.01711273193359375 21.020532608032226563 21.023950576782226563 21.027368545532226563 21.030788421630859375 21.034206390380859375
20.929332733154296875 20.932310104370117188 20.9352874755859375 20.938262939453125 20.940553665161132813 20.942157745361328125 20.943761825561523438 20.945367813110351563 20.946971893310546875 20.948575973510742188 20.950061798095703125 20.951429367065429688 20.95279693603515625 20.954164505004882813 20.955533981323242188 20.95690155029296875 20.958524703979492188 20.9604034423828125 20.962282180786132813 20.964160919189453125 20.966039657592773438 20.96791839599609375 20.970020294189453125 20.972345352172851563 20.97467041015625 20.976995468139648438 20.979320526123046875 20.981645584106445313 20.98390960693359375 20.986112594604492188 20.988313674926757813 20.99051666259765625 20.992719650268554688 20.994922637939453125 20.997707366943359375 21.00107574462890625 21.004446029663085938 21.007814407348632813 21.011182785034179688 21.014553070068359375
20.91100311279296875 20.913967132568359375 20.916933059692382813 20.91989898681640625 20.922166824340820313 20.923736572265625 20.9253082275390625 20.926877975463867188 20.928449630737304688 20.930019378662109375 20.93148040771484375 20.932828903198242188 20.934179306030273438 20.935527801513671875 20.936878204345703125 20.938226699829101563 20.93985748291015625 20.94176483154296875 20.943674087524414063 20.945583343505859375 20.947492599487304688 20.94940185546875 20.951457977294921875 20.953662872314453125 20.955867767333984375 20.958072662353515625 20.960277557373046875 20.962482452392578125 20.964672088623046875 20.966848373413085938 20.969024658203125 20.971200942993164063 20.973377227783203125 20.975553512573242188 20.978302001953125 20.98162078857421875 20.9849395751953125 20.988260269165039063 20.991579055786132813 20.994897842407226563
20.892671585083007813 20.895626068115234375 20.898578643798828125 20.901533126831054688 20.903779983520507813 20.905317306518554688 20.90685272216796875 20.908390045166015625 20.9099273681640625 20.911464691162109375 20.912899017333984375 20.9142303466796875 20.915561676025390625 20.916891098022460938 20.918222427368164063 20.919553756713867188 20.9211883544921875 20.923128128051757813 20.925065994262695313 20.927005767822265625 20.928945541381835938 20.930883407592773438 20.932895660400390625 20.934980392456054688 20.93706512451171875 20.93914794921875 20.941232681274414063 20.943317413330078125 20.9454345703125 20.947584152221679688 20.949735641479492188 20.951885223388671875 20.954034805297851563 20.956186294555664063 20.958894729614257813 20.96216583251953125 20.965435028076171875 20.9687042236328125 20.971973419189453125 20.975244522094726563
20.874340057373046875 20.877283096313476563 20.88022613525390625 20.883169174194335938 20.8853912353515625 20.886896133422851563 20.888399124145507813 20.889902114868164063 20.891405105590820313 20.892910003662109375 20.894317626953125 20.8956298828125 20.896942138671875 20.89825439453125 20.899568557739257813 20.900880813598632813 20.902521133422851563 20.904489517211914063 20.906459808349609375 20.908428192138671875 20.910396575927734375 20.912366867065429688 20.914333343505859375 20.91629791259765625 20.918260574340820313 20.920225143432617188 20.922189712524414063 20.924154281616210938 20.926197052001953125 20.92832183837890625 20.930444717407226563 20.932569503784179688 20.934694290161132813 20.936817169189453125 20.939489364624023438 20.942708969116210938 20.94593048095703125 20.94915008544921875 20.95236968994140625 20.95558929443359375
20.856008529663085938 20.85894012451171875 20.861871719360351563 20.864803314208984375 20.86700439453125 20.868474960327148438 20.869943618774414063 20.8714141845703125 20.872884750366210938 20.874353408813476563 20.875736236572265625 20.8770294189453125 20.878324508666992188 20.879617691040039063 20.88091278076171875 20.882205963134765625 20.883853912353515625 20.885852813720703125 20.887851715087890625 20.889850616455078125 20.891849517822265625 20.893848419189453125 20.895771026611328125 20.897613525390625 20.899457931518554688 20.901302337646484375 20.90314483642578125 20.904989242553710938 20.90695953369140625 20.9090576171875 20.91115570068359375 20.9132537841796875 20.91535186767578125 20.917449951171875 20.920083999633789063 20.923254013061523438 20.926424026489257813 20.929594039916992188 20.932764053344726563 20.93593597412109375
20.83751678466796875 20.8404693603515625 20.84342193603515625 20.84637451171875 20.848598480224609375 20.850091934204101563 20.85158538818359375 20.853078842163085938 20.854572296142578125 20.856065750122070313 20.857454299926757813 20.858737945556640625 20.860021591186523438 20.86130523681640625 20.86258697509765625 20.863870620727539063 20.865497589111328125 20.867471694946289063 20.869443893432617188 20.871416091918945313 20.873388290405273438 20.875360488891601563 20.877216339111328125 20.878955841064453125 20.880693435668945313 20.882432937622070313 20.884172439575195313 20.8859100341796875 20.887807846069335938 20.889862060546875 20.891916275024414063 20.893968582153320313 20.896022796630859375 20.898077011108398438 20.900659561157226563 20.90377044677734375 20.90688323974609375 20.909994125366210938 20.913105010986328125 20.916215896606445313
20.818864822387695313 20.821870803833007813 20.824876785278320313 20.827882766723632813 20.830173492431640625 20.831747055053710938 20.833322525024414063 20.834896087646484375 20.8364715576171875 20.838047027587890625 20.839473724365234375 20.840753555297851563 20.84203338623046875 20.843313217163085938 20.844593048095703125 20.845872879028320313 20.847455978393554688 20.849346160888671875 20.85123443603515625 20.853122711181640625 20.855012893676757813 20.856901168823242188 20.858669281005859375 20.860319137573242188 20.861968994140625 20.863618850708007813 20.865268707275390625 20.866918563842773438 20.868738174438476563 20.870731353759765625 20.872724533081054688 20.874715805053710938 20.876708984375 20.878702163696289063 20.881219863891601563 20.8842620849609375 20.887304306030273438 20.890346527099609375 20.893388748168945313 20.896432876586914063
20.800212860107421875 20.803272247314453125 20.806331634521484375 20.809389114379882813 20.811746597290039063 20.813402175903320313 20.815059661865234375 20.816715240478515625 20.818370819091796875 20.820026397705078125 20.821493148803710938 20.8227691650390625 20.824045181274414063 20.825321197509765625 20.826597213745117188 20.827875137329101563 20.82941436767578125 20.831220626831054688 20.833024978637695313 20.83483123779296875 20.836635589599609375 20.838441848754882813 20.840124130249023438 20.841684341430664063 20.843244552612304688 20.844804763793945313 20.846364974975585938 20.847925186157226563 20.84967041015625 20.85160064697265625 20.853532791137695313 20.855463027954101563 20.857395172119140625 20.859325408935546875 20.86177825927734375 20.864751815795898438 20.867725372314453125 20.870700836181640625 20.873674392700195313 20.87664794921875
20.781560897827148438 20.784673690795898438 20.787784576416015625 20.790897369384765625 20.793321609497070313 20.7950592041015625 20.796794891357421875 20.798532485961914063 20.80027008056640625 20.802005767822265625 20.8035125732421875 20.804784774780273438 20.806056976318359375 20.807331085205078125 20.808603286743164063 20.80987548828125 20.811372756958007813 20.8130950927734375 20.814817428588867188 20.816537857055664063 20.81826019287109375 20.819982528686523438 20.8215789794921875 20.823049545288085938 20.824520111083984375 20.825990676879882813 20.82746124267578125 20.828931808471679688 20.830600738525390625 20.832471847534179688 20.834341049194335938 20.836210250854492188 20.838079452514648438 20.8399505615234375 20.842336654663085938 20.845243453979492188 20.848148345947265625 20.851053237915039063 20.8539581298828125 20.85686492919921875
20.762908935546875 20.76607513427734375 20.769239425659179688 20.772405624389648438 20.774896621704101563 20.776714324951171875 20.778532028198242188 20.7803497314453125 20.782169342041015625 20.783987045288085938 20.78553009033203125 20.786800384521484375 20.788068771362304688 20.789339065551757813 20.790607452392578125 20.79187774658203125 20.793331146240234375 20.794969558715820313 20.79660797119140625 20.798246383666992188 20.799884796142578125 20.801523208618164063 20.80303192138671875 20.804412841796875 20.80579376220703125 20.807176589965820313 20.808557510375976563 20.809938430786132813 20.811532974243164063 20.813341140747070313 20.815149307250976563 20.816957473754882813 20.818765640258789063 20.820573806762695313 20.822896957397460938 20.825733184814453125 20.828569412231445313 20.831407546997070313 20.8342437744140625 20.837080001831054688
20.744256973266601563 20.747476577758789063 20.75069427490234375 20.753911972045898438 20.756471633911132813 20.75836944580078125 20.7602691650390625 20.76216888427734375 20.764068603515625 20.765966415405273438 20.767549514770507813 20.768815994262695313 20.770082473754882813 20.7713470458984375 20.772613525390625 20.7738800048828125 20.775289535522460938 20.776844024658203125 20.778398513793945313 20.7799530029296875 20.781507492065429688 20.783061981201171875 20.784486770629882813 20.785778045654296875 20.787069320678710938 20.788360595703125 20.789653778076171875 20.790945053100585938 20.7924652099609375 20.794210433959960938 20.795957565307617188 20.797704696655273438 20.799451828002929688 20.801197052001953125 20.803455352783203125 20.806222915649414063 20.808992385864257813 20.81175994873046875 20.814527511596679688 20.817296981811523438
