data/dp3ann.asc
ncols        384
nrows        480
xllcorner    138.000000000000
yllcorner    -29.000000000000
cellsize     0.041666666667
NODATA_value -9999
[rows 234 to 251 of 480, columns 320 to 359 of 384]
19.604375839233398438 19.605075836181640625 19.60577392578125 19.606473922729492188 19.607578277587890625 19.609086990356445313 19.610593795776367188 19.612102508544921875 19.613611221313476563 19.61511993408203125 19.616945266723632813 19.619085311889648438 19.621225357055664063 19.623365402221679688 19.625505447387695313 19.627645492553710938 19.630037307739257813 19.632680892944335938 19.63532257080078125 19.637966156005859375 19.6406097412109375 19.643253326416015625 19.646402359008789063 19.650054931640625 19.653707504272460938 19.657360076904296875 19.661012649536132813 19.66466522216796875 19.667695999145507813 19.67010498046875 19.672513961791992188 19.674922943115234375 19.677331924438476563 19.67974090576171875 19.681993484497070313 19.68408966064453125 19.686183929443359375 19.688280105590820313 19.690374374389648438 19.692470550537109375
19.583652496337890625 19.584238052368164063 19.5848236083984375 19.585409164428710938 19.586450576782226563 19.587945938110351563 19.589441299438476563 19.590936660766601563 19.592432022094726563 19.593927383422851563 19.595735549926757813 19.597858428955078125 19.599981307983398438 19.60210418701171875 19.604227066040039063 19.606349945068359375 19.60871124267578125 19.611310958862304688 19.613908767700195313 19.61650848388671875 19.619106292724609375 19.621706008911132813 19.624780654907226563 19.628332138061523438 19.631883621215820313 19.635433197021484375 19.63898468017578125 19.642536163330078125 19.645574569702148438 19.648099899291992188 19.650625228881835938 19.653148651123046875 19.655673980712890625 19.658199310302734375 19.660524368286132813 19.662649154663085938 19.664775848388671875 19.666902542114257813 19.669027328491210938 19.671154022216796875
19.562929153442382813 19.563402175903320313 19.563873291015625 19.564344406127929688 19.565320968627929688 19.566804885864257813 19.568286895751953125 19.569768905639648438 19.57125091552734375 19.572732925415039063 19.574527740478515625 19.576633453369140625 19.578739166259765625 19.580844879150390625 19.582950592041015625 19.585056304931640625 19.587385177612304688 19.589941024780273438 19.592494964599609375 19.595048904418945313 19.59760284423828125 19.600156784057617188 19.603158950805664063 19.606607437133789063 19.610057830810546875 19.613508224487304688 19.6169586181640625 19.6204071044921875 19.623453140258789063 19.626092910766601563 19.628734588623046875 19.631374359130859375 19.634016036987304688 19.636655807495117188 19.6390533447265625 19.641210556030273438 19.643367767333984375 19.6455230712890625 19.647680282592773438 19.649837493896484375
19.542205810546875 19.54256439208984375 19.5429229736328125 19.543279647827148438 19.544193267822265625 19.545663833618164063 19.547132492065429688 19.548601150512695313 19.55007171630859375 19.551540374755859375 19.553319931030273438 19.555408477783203125 19.557497024536132813 19.5595855712890625 19.561674118041992188 19.563762664794921875 19.566061019897460938 19.568571090698242188 19.571079254150390625 19.573589324951171875 19.576097488403320313 19.578607559204101563 19.581537246704101563 19.5848846435546875 19.58823394775390625 19.591581344604492188 19.594930648803710938 19.598278045654296875 19.601331710815429688 19.60408782958984375 19.606843948364257813 19.609600067138671875 19.612356185913085938 19.6151123046875 19.617584228515625 19.619771957397460938 19.621959686279296875 19.6241455078125 19.626333236694335938 19.628520965576171875
19.521482467651367188 19.521726608276367188 19.521970748901367188 19.522214889526367188 19.523065567016601563 19.524522781372070313 19.52597808837890625 19.527435302734375 19.528890609741210938 19.530347824096679688 19.532110214233398438 19.534181594848632813 19.536252975463867188 19.538324356079101563 19.540395736694335938 19.542467117309570313 19.544734954833984375 19.547201156616210938 19.549665451049804688 19.552129745483398438 19.554594039916992188 19.557058334350585938 19.55991363525390625 19.563161849975585938 19.566408157348632813 19.5696563720703125 19.572902679443359375 19.576150894165039063 19.579210281372070313 19.582080841064453125 19.58495330810546875 19.587825775146484375 19.5906982421875 19.593570709228515625 19.5961151123046875 19.598333358764648438 19.600549697875976563 19.6027679443359375 19.604986190795898438 19.607204437255859375
19.500759124755859375 19.500890731811523438 19.501020431518554688 19.50115203857421875 19.5019378662109375 19.503381729125976563 19.504823684692382813 19.506267547607421875 19.507711410522460938 19.509153366088867188 19.51090240478515625 19.512956619262695313 19.515010833740234375 19.517065048217773438 19.5191192626953125 19.521173477172851563 19.523410797119140625 19.525831222534179688 19.528249740600585938 19.530670166015625 19.533090591430664063 19.535509109497070313 19.53829193115234375 19.541439056396484375 19.544584274291992188 19.5477294921875 19.550874710083007813 19.554021835327148438 19.557086944580078125 19.560075759887695313 19.563062667846679688 19.566051483154296875 19.56903839111328125 19.572027206420898438 19.57464599609375 19.576892852783203125 19.579141616821289063 19.581390380859375 19.583639144897460938 19.585887908935546875
19.48065948486328125 19.480707168579101563 19.480756759643554688 19.480804443359375 19.481512069702148438 19.482877731323242188 19.484243392944335938 19.485609054565429688 19.486974716186523438 19.488340377807617188 19.49005889892578125 19.492130279541015625 19.49420166015625 19.496271133422851563 19.498342514038085938 19.5004119873046875 19.50266265869140625 19.505094528198242188 19.507524490356445313 19.50995635986328125 19.512386322021484375 19.5148162841796875 19.517520904541015625 19.520498275756835938 19.52347564697265625 19.526454925537109375 19.529432296752929688 19.53240966796875 19.535390853881835938 19.5383758544921875 19.541360855102539063 19.544345855712890625 19.547328948974609375 19.550313949584960938 19.552915573120117188 19.5551300048828125 19.557346343994140625 19.559560775756835938 19.561777114868164063 19.563993453979492188
19.461181640625 19.461179733276367188 19.461177825927734375 19.461175918579101563 19.461788177490234375 19.4630126953125 19.464237213134765625 19.46546173095703125 19.466686248779296875 19.4679107666015625 19.46958160400390625 19.47170257568359375 19.47382354736328125 19.47594451904296875 19.47806549072265625 19.48018646240234375 19.482494354248046875 19.484991073608398438 19.48748779296875 19.489986419677734375 19.492483139038085938 19.4949798583984375 19.497600555419921875 19.50034332275390625 19.503086090087890625 19.505828857421875 19.508571624755859375 19.511316299438476563 19.514118194580078125 19.516981124877929688 19.51984405517578125 19.522706985473632813 19.525569915771484375 19.528432846069335938 19.530923843383789063 19.53304290771484375 19.535161972045898438 19.537281036376953125 19.539402008056640625 19.541521072387695313
19.441705703735351563 19.441652297973632813 19.441600799560546875 19.441547393798828125 19.4420623779296875 19.443145751953125 19.4442291259765625 19.4453125 19.4463958740234375 19.447479248046875 19.449106216430664063 19.451276779174804688 19.453447341918945313 19.455617904663085938 19.457788467407226563 19.459959030151367188 19.4623260498046875 19.4648895263671875 19.4674530029296875 19.4700164794921875 19.4725799560546875 19.4751434326171875 19.477678298950195313 19.48018646240234375 19.482696533203125 19.485204696655273438 19.487712860107421875 19.490221023559570313 19.492845535278320313 19.495586395263671875 19.498327255249023438 19.501068115234375 19.503808975219726563 19.506549835205078125 19.508932113647460938 19.510955810546875 19.512979507446289063 19.515003204345703125 19.517024993896484375 19.519048690795898438
19.422227859497070313 19.422124862670898438 19.422021865844726563 19.421918869018554688 19.422338485717773438 19.423280715942382813 19.424222946166992188 19.42516326904296875 19.426105499267578125 19.4270477294921875 19.428628921508789063 19.430849075317382813 19.433069229125976563 19.435289382934570313 19.437511444091796875 19.439731597900390625 19.442157745361328125 19.44478607177734375 19.447416305541992188 19.450046539306640625 19.45267486572265625 19.455305099487304688 19.457757949829101563 19.460031509399414063 19.462305068969726563 19.464578628540039063 19.466854095458984375 19.469127655029296875 19.471574783325195313 19.474193572998046875 19.476812362670898438 19.47943115234375 19.482049942016601563 19.484668731689453125 19.486940383911132813 19.48886871337890625 19.490795135498046875 19.492723464965820313 19.494649887084960938 19.496576309204101563
19.402750015258789063 19.402597427368164063 19.402444839477539063 19.40229034423828125 19.402614593505859375 19.403415679931640625 19.404214859008789063 19.405015945434570313 19.40581512451171875 19.4066162109375 19.408151626586914063 19.410421371459960938 19.412693023681640625 19.4149627685546875 19.417234420776367188 19.419504165649414063 19.421987533569335938 19.424684524536132813 19.427379608154296875 19.43007659912109375 19.432771682739257813 19.435468673706054688 19.437835693359375 19.439874649047851563 19.441915512084960938 19.4439544677734375 19.445993423461914063 19.448034286499023438 19.4503021240234375 19.452798843383789063 19.455295562744140625 19.457792282104492188 19.46028900146484375 19.462785720825195313 19.4649505615234375 19.4667816162109375 19.4686126708984375 19.4704437255859375 19.4722747802734375 19.4741058349609375
19.383274078369140625 19.383069992065429688 19.38286590576171875 19.382661819458007813 19.382890701293945313 19.383548736572265625 19.38420867919921875 19.384866714477539063 19.385524749755859375 19.3861846923828125 19.387674331665039063 19.389995574951171875 19.392314910888671875 19.394636154174804688 19.3969573974609375 19.3992767333984375 19.401819229125976563 19.404581069946289063 19.407344818115234375 19.410106658935546875 19.412868499755859375 19.415630340576171875 19.41791534423828125 19.419719696044921875 19.4215240478515625 19.423330307006835938 19.425134658813476563 19.426939010620117188 19.429029464721679688 19.43140411376953125 19.433778762817382813 19.436153411865234375 19.43852996826171875 19.440904617309570313 19.442958831787109375 19.44469451904296875 19.446428298950195313 19.448163986206054688 19.44989776611328125 19.451633453369140625
19.363599777221679688 19.3634490966796875 19.363298416137695313 19.363147735595703125 19.363363265991210938 19.363948822021484375 19.364532470703125 19.365118026733398438 19.365701675415039063 19.366285324096679688 19.367710113525390625 19.369974136352539063 19.3722381591796875 19.37450408935546875 19.376768112182617188 19.379032135009765625 19.381528854370117188 19.384256362915039063 19.386983871459960938 19.389713287353515625 19.3924407958984375 19.395170211791992188 19.397388458251953125 19.399099349975585938 19.400808334350585938 19.40251922607421875 19.40422821044921875 19.405939102172851563 19.407922744750976563 19.410181045532226563 19.412441253662109375 19.414699554443359375 19.416957855224609375 19.419216156005859375 19.421197891235351563 19.422901153564453125 19.424604415893554688 19.426309585571289063 19.428012847900390625 19.429716110229492188
19.343729019165039063 19.3437347412109375 19.343740463256835938 19.343744277954101563 19.344036102294921875 19.344614028930664063 19.345190048217773438 19.345767974853515625 19.346343994140625 19.346921920776367188 19.348260879516601563 19.350360870361328125 19.3524627685546875 19.354564666748046875 19.35666656494140625 19.358766555786132813 19.361114501953125 19.36370849609375 19.366302490234375 19.368896484375 19.371490478515625 19.37408447265625 19.37625885009765625 19.37801361083984375 19.37976837158203125 19.38152313232421875 19.38327789306640625 19.38503265380859375 19.386983871459960938 19.389131546020507813 19.391279220581054688 19.393426895141601563 19.395574569702148438 19.397722244262695313 19.39966583251953125 19.401403427124023438 19.403141021728515625 19.404878616333007813 19.406618118286132813 19.408355712890625
19.323858261108398438 19.3240203857421875 19.32418060302734375 19.324342727661132813 19.324708938598632813 19.325277328491210938 19.325847625732421875 19.326416015625 19.326986312866210938 19.327556610107421875 19.328809738159179688 19.330747604370117188 19.3326873779296875 19.334625244140625 19.336565017700195313 19.338502883911132813 19.340702056884765625 19.343160629272460938 19.345621109008789063 19.348079681396484375 19.3505401611328125 19.352998733520507813 19.355129241943359375 19.356927871704101563 19.35872650146484375 19.36052703857421875 19.362325668334960938 19.364126205444335938 19.3660430908203125 19.36808013916015625 19.3701171875 19.37215423583984375 19.3741912841796875 19.37622833251953125 19.378133773803710938 19.37990570068359375 19.381677627563476563 19.383449554443359375 19.385221481323242188 19.386993408203125
19.303987503051757813 19.3043060302734375 19.304622650146484375 19.304941177368164063 19.305379867553710938 19.305942535400390625 19.306505203247070313 19.307065963745117188 19.307628631591796875 19.308191299438476563 19.309360504150390625 19.311136245727539063 19.3129119873046875 19.314685821533203125 19.316461563110351563 19.3182373046875 19.320287704467773438 19.322612762451171875 19.324937820434570313 19.32726287841796875 19.329587936401367188 19.331912994384765625 19.333997726440429688 19.335842132568359375 19.337686538696289063 19.33953094482421875 19.341375350952148438 19.343217849731445313 19.345104217529296875 19.3470306396484375 19.348957061767578125 19.35088348388671875 19.352809906005859375 19.354736328125 19.356601715087890625 19.358407974243164063 19.3602142333984375 19.362020492553710938 19.363826751708984375 19.365633010864257813
19.284116744995117188 19.2845916748046875 19.285064697265625 19.2855377197265625 19.286052703857421875 19.286607742309570313 19.287160873413085938 19.287715911865234375 19.288270950317382813 19.28882598876953125 19.28990936279296875 19.291522979736328125 19.293134689331054688 19.294748306274414063 19.296360015869140625 19.2979736328125 19.299875259399414063 19.302066802978515625 19.304256439208984375 19.306447982788085938 19.308637619018554688 19.31082916259765625 19.312868118286132813 19.314756393432617188 19.316646575927734375 19.31853485107421875 19.320423126220703125 19.3223114013671875 19.324163436889648438 19.325979232788085938 19.327795028686523438 19.329610824584960938 19.331426620483398438 19.333242416381835938 19.335069656372070313 19.336910247802734375 19.338750839233398438 19.3405914306640625 19.342432022094726563 19.344270706176757813
19.264245986938476563 19.2648773193359375 19.265506744384765625 19.26613616943359375 19.2667236328125 19.267271041870117188 19.267818450927734375 19.268365859985351563 19.26891326904296875 19.269460678100585938 19.270460128784179688 19.271909713745117188 19.273359298706054688 19.274808883666992188 19.276258468627929688 19.277708053588867188 19.279462814331054688 19.281518936157226563 19.283575057983398438 19.285631179809570313 19.287687301635742188 19.289743423461914063 19.291738510131835938 19.293670654296875 19.295604705810546875 19.29753875732421875 19.299470901489257813 19.301404953002929688 19.303224563598632813 19.304929733276367188 19.30663299560546875 19.308338165283203125 19.3100433349609375 19.311748504638671875 19.31353759765625 19.315412521362304688 19.317287445068359375 19.31916046142578125 19.321035385131835938 19.322910308837890625
