data/dp3jul.asc
ncols        384
nrows        480
xllcorner    138.000000000000
yllcorner    -29.000000000000
cellsize     0.041666666667
NODATA_value -9999
[rows 54 to 71 of 480, columns 240 to 279 of 384]
21.241205215454101563 21.243255615234375 21.245306015014648438 21.247356414794921875 21.249406814575195313 21.25145721435546875 21.2540130615234375 21.257074356079101563 21.260135650634765625 21.263196945190429688 21.26625823974609375 21.269317626953125 21.270647048950195313 21.270242691040039063 21.269838333129882813 21.269433975219726563 21.269029617309570313 21.268625259399414063 21.27092742919921875 21.275934219360351563 21.280942916870117188 21.28594970703125 21.290958404541015625 21.295965194702148438 21.299343109130859375 21.301088333129882813 21.30283355712890625 21.304578781127929688 21.306324005126953125 21.308069229125976563 21.307729721069335938 21.30530548095703125 21.302881240844726563 21.300455093383789063 21.298030853271484375 21.295604705810546875 21.295820236206054688 21.298677444458007813 21.301532745361328125 21.304388046264648438
21.217132568359375 21.219224929809570313 21.221317291259765625 21.223409652709960938 21.225503921508789063 21.227596282958984375 21.230333328247070313 21.233716964721679688 21.237100601196289063 21.240482330322265625 21.243865966796875 21.247249603271484375 21.248933792114257813 21.248918533325195313 21.248903274536132813 21.248888015747070313 21.248872756958007813 21.248857498168945313 21.250967025756835938 21.255205154418945313 21.259443283081054688 21.263681411743164063 21.267919540405273438 21.272157669067382813 21.275129318237304688 21.27683258056640625 21.278535842895507813 21.280239105224609375 21.281942367553710938 21.2836456298828125 21.283721923828125 21.282167434692382813 21.280614852905273438 21.27906036376953125 21.277507781982421875 21.275953292846679688 21.276605606079101563 21.279460906982421875 21.282318115234375 21.285175323486328125
21.193058013916015625 21.195194244384765625 21.197328567504882813 21.199464797973632813 21.20159912109375 21.2037353515625 21.206655502319335938 21.210359573364257813 21.2140655517578125 21.217769622802734375 21.221475601196289063 21.225179672241210938 21.227220535278320313 21.22759246826171875 21.22796630859375 21.22834014892578125 21.2287139892578125 21.22908782958984375 21.231008529663085938 21.234477996826171875 21.237945556640625 21.241413116455078125 21.244882583618164063 21.248350143432617188 21.25091552734375 21.252576828002929688 21.254238128662109375 21.255899429321289063 21.25756072998046875 21.259222030639648438 21.25971221923828125 21.259031295776367188 21.258348464965820313 21.257665634155273438 21.256984710693359375 21.2563018798828125 21.257389068603515625 21.26024627685546875 21.263103485107421875 21.265960693359375
21.168985366821289063 21.171161651611328125 21.17333984375 21.175518035888671875 21.17769622802734375 21.179874420166015625 21.18297576904296875 21.187002182006835938 21.191030502319335938 21.195056915283203125 21.199083328247070313 21.203111648559570313 21.20550537109375 21.206268310546875 21.20703125 21.207794189453125 21.20855712890625 21.209320068359375 21.211050033569335938 21.213748931884765625 21.216447830200195313 21.219146728515625 21.221843719482421875 21.224542617797851563 21.226701736450195313 21.228321075439453125 21.229940414428710938 21.23155975341796875 21.233179092407226563 21.234798431396484375 21.235704421997070313 21.23589324951171875 21.236082077026367188 21.236270904541015625 21.236461639404296875 21.236650466918945313 21.2381744384765625 21.241031646728515625 21.24388885498046875 21.246746063232421875
21.144910812377929688 21.147130966186523438 21.149351119995117188 21.151571273803710938 21.153791427612304688 21.156011581420898438 21.159297943115234375 21.163646697998046875 21.167995452880859375 21.172344207763671875 21.176692962646484375 21.181041717529296875 21.1837921142578125 21.18494415283203125 21.18609619140625 21.18724822998046875 21.1884002685546875 21.18955230712890625 21.191091537475585938 21.193019866943359375 21.194950103759765625 21.196878433227539063 21.1988067626953125 21.200735092163085938 21.202487945556640625 21.204065322875976563 21.2056427001953125 21.207220077514648438 21.208797454833984375 21.210374832153320313 21.211694717407226563 21.212755203247070313 21.213815689086914063 21.214878082275390625 21.215938568115234375 21.216999053955078125 21.218957901000976563 21.2218170166015625 21.224674224853515625 21.22753143310546875
21.120838165283203125 21.12310028076171875 21.125362396240234375 21.127626419067382813 21.129888534545898438 21.132150650024414063 21.135618209838867188 21.140289306640625 21.144960403442382813 21.149631500244140625 21.154302597045898438 21.15897369384765625 21.162078857421875 21.1636199951171875 21.1651611328125 21.1667022705078125 21.168241500854492188 21.169782638549804688 21.171133041381835938 21.172292709350585938 21.173450469970703125 21.174610137939453125 21.175767898559570313 21.176927566528320313 21.178274154663085938 21.1798095703125 21.181344985961914063 21.182880401611328125 21.184415817260742188 21.18595123291015625 21.187686920166015625 21.189619064331054688 21.19155120849609375 21.193483352661132813 21.195415496826171875 21.197347640991210938 21.199743270874023438 21.202600479125976563 21.2054595947265625 21.208318710327148438
21.096868515014648438 21.09906768798828125 21.101266860961914063 21.103464126586914063 21.105663299560546875 21.107860565185546875 21.111253738403320313 21.11583709716796875 21.12042236328125 21.12500762939453125 21.1295928955078125 21.134176254272460938 21.13744354248046875 21.139392852783203125 21.1413421630859375 21.143291473388671875 21.145238876342773438 21.147188186645507813 21.148700714111328125 21.149774551391601563 21.150848388671875 21.151922225952148438 21.152996063232421875 21.154069900512695313 21.155401229858398438 21.15699005126953125 21.158580780029296875 21.160169601440429688 21.161760330200195313 21.163349151611328125 21.165313720703125 21.167652130126953125 21.169992446899414063 21.172330856323242188 21.174671173095703125 21.17700958251953125 21.1796417236328125 21.18256378173828125 21.185487747192382813 21.188411712646484375
21.073007583618164063 21.07503509521484375 21.077060699462890625 21.079088211059570313 21.08111572265625 21.083143234252929688 21.086200714111328125 21.090291976928710938 21.094381332397460938 21.09847259521484375 21.102563858032226563 21.106653213500976563 21.10988616943359375 21.112262725830078125 21.1146392822265625 21.117015838623046875 21.11939239501953125 21.121767044067382813 21.123792648315429688 21.12546539306640625 21.127140045166015625 21.128812789916992188 21.130487442016601563 21.132160186767578125 21.133867263793945313 21.135606765747070313 21.137346267700195313 21.139087677001953125 21.140827178955078125 21.142566680908203125 21.144578933715820313 21.146860122680664063 21.149141311645507813 21.151422500610351563 21.153705596923828125 21.155986785888671875 21.15865325927734375 21.161706924438476563 21.164758682250976563 21.167812347412109375
21.049144744873046875 21.051000595092773438 21.0528564453125 21.054712295532226563 21.056568145751953125 21.058423995971679688 21.06114959716796875 21.064744949340820313 21.068342208862304688 21.07193756103515625 21.075534820556640625 21.079130172729492188 21.082330703735351563 21.085132598876953125 21.0879364013671875 21.090740203857421875 21.09354400634765625 21.096347808837890625 21.09888458251953125 21.10115814208984375 21.10343170166015625 21.10570526123046875 21.10797882080078125 21.110250473022460938 21.112333297729492188 21.114223480224609375 21.116113662719726563 21.11800384521484375 21.119894027709960938 21.121786117553710938 21.123842239379882813 21.126066207885742188 21.128290176391601563 21.130514144897460938 21.132740020751953125 21.1349639892578125 21.137666702270507813 21.140848159790039063 21.144029617309570313 21.147212982177734375
21.0252838134765625 21.026968002319335938 21.028652191162109375 21.030336380004882813 21.03202056884765625 21.033704757690429688 21.036098480224609375 21.0391998291015625 21.042301177978515625 21.045404434204101563 21.048505783081054688 21.051607131958007813 21.054773330688476563 21.058004379272460938 21.061235427856445313 21.064464569091796875 21.06769561767578125 21.070926666259765625 21.073978424072265625 21.07685089111328125 21.079723358154296875 21.0825958251953125 21.085468292236328125 21.088342666625976563 21.090799331665039063 21.092840194702148438 21.094881057739257813 21.096921920776367188 21.098962783813476563 21.101003646850585938 21.103107452392578125 21.105274200439453125 21.107440948486328125 21.109607696533203125 21.111772537231445313 21.113939285278320313 21.116678237915039063 21.119989395141601563 21.123300552368164063 21.126613616943359375
21.001420974731445313 21.002933502197265625 21.00444793701171875 21.005960464477539063 21.007472991943359375 21.008985519409179688 21.01104736328125 21.013654708862304688 21.016262054443359375 21.018869400024414063 21.02147674560546875 21.024084091186523438 21.027215957641601563 21.030874252319335938 21.034532546997070313 21.038188934326171875 21.04184722900390625 21.045505523681640625 21.049070358276367188 21.05254364013671875 21.0560150146484375 21.059488296508789063 21.062959671020507813 21.066432952880859375 21.069265365600585938 21.0714569091796875 21.07364654541015625 21.075838088989257813 21.078029632568359375 21.080221176147460938 21.082370758056640625 21.08448028564453125 21.086589813232421875 21.0886993408203125 21.090806961059570313 21.092916488647460938 21.095691680908203125 21.099132537841796875 21.102573394775390625 21.106012344360351563
20.977560043334960938 20.978900909423828125 20.980241775512695313 20.981584548950195313 20.9829254150390625 20.9842681884765625 20.985994338989257813 20.988107681274414063 20.990221023559570313 20.992334365844726563 20.994447708129882813 20.996561050415039063 20.999660491943359375 21.003744125366210938 21.007829666137695313 21.011915206909179688 21.01599884033203125 21.020084381103515625 21.02416229248046875 21.028234481811523438 21.032306671142578125 21.036378860473632813 21.0404510498046875 21.044523239135742188 21.047731399536132813 21.05007171630859375 21.0524139404296875 21.05475616455078125 21.057098388671875 21.059438705444335938 21.061635971069335938 21.063688278198242188 21.065738677978515625 21.067790985107421875 21.069841384887695313 21.071893692016601563 21.074703216552734375 21.078273773193359375 21.081844329833984375 21.085412979125976563
20.953105926513671875 20.954624176025390625 20.956144332885742188 20.957662582397460938 20.9591827392578125 20.96070098876953125 20.962461471557617188 20.9644622802734375 20.966463088989257813 20.968465805053710938 20.97046661376953125 20.972467422485351563 20.975461959838867188 20.979452133178710938 20.983440399169921875 20.987430572509765625 20.991420745849609375 20.995409011840820313 20.999586105346679688 21.003950119018554688 21.008314132690429688 21.012678146362304688 21.017042160034179688 21.021406173706054688 21.024862289428710938 21.027410507202148438 21.029958724975585938 21.032506942749023438 21.035055160522460938 21.037603378295898438 21.039983749389648438 21.04219818115234375 21.04441070556640625 21.046625137329101563 21.048837661743164063 21.051052093505859375 21.05397796630859375 21.0576171875 21.061258316040039063 21.064897537231445313
20.928058624267578125 20.930105209350585938 20.93215179443359375 20.93419647216796875 20.936243057250976563 20.938289642333984375 20.940448760986328125 20.942718505859375 20.944990158081054688 20.947259902954101563 20.94953155517578125 20.951803207397460938 20.954624176025390625 20.957994461059570313 20.961366653442382813 20.964738845825195313 20.968109130859375 20.9714813232421875 20.975339889526367188 20.979688644409179688 20.984037399291992188 20.988386154174804688 20.992734909057617188 20.997081756591796875 21.000661849975585938 21.00347137451171875 21.006282806396484375 21.009092330932617188 21.01190185546875 21.014713287353515625 21.017416000366210938 21.020009994506835938 21.02260589599609375 21.025201797485351563 21.027797698974609375 21.030391693115234375 21.033514022827148438 21.037164688110351563 21.040813446044921875 21.044462203979492188
20.903013229370117188 20.90558624267578125 20.908159255981445313 20.910730361938476563 20.913303375244140625 20.915876388549804688 20.91843414306640625 20.9209747314453125 20.92351531982421875 20.926055908203125 20.92859649658203125 20.931138992309570313 20.93378448486328125 20.9365386962890625 20.939291000366210938 20.942045211791992188 20.944799423217773438 20.947551727294921875 20.9510955810546875 20.955427169799804688 20.959760665893554688 20.964092254638671875 20.968425750732421875 20.972757339477539063 20.976459503173828125 20.979532241821289063 20.98260498046875 20.985677719116210938 20.988750457763671875 20.9918212890625 20.994846343994140625 20.997823715209960938 21.00080108642578125 21.003778457641601563 21.006755828857421875 21.009733200073242188 21.013051986694335938 21.016710281372070313 21.0203704833984375 21.024028778076171875
20.877965927124023438 20.88106536865234375 20.884164810180664063 20.887266159057617188 20.8903656005859375 20.893465042114257813 20.896419525146484375 20.89923095703125 20.902040481567382813 20.904851913452148438 20.907663345336914063 20.910472869873046875 20.912946701049804688 20.915082931518554688 20.917217254638671875 20.919351577758789063 20.921487808227539063 20.92362213134765625 20.926849365234375 20.931165695190429688 20.935482025146484375 20.939800262451171875 20.944116592407226563 20.94843292236328125 20.952259063720703125 20.955593109130859375 20.958927154541015625 20.962263107299804688 20.965597152709960938 20.968931198120117188 20.972278594970703125 20.975637435913085938 20.97899627685546875 20.982355117797851563 20.985713958740234375 20.989072799682617188 20.992588043212890625 20.996255874633789063 20.999925613403320313 21.003595352172851563
20.8529205322265625 20.856546401977539063 20.860172271728515625 20.863800048828125 20.867425918579101563 20.871051788330078125 20.8744049072265625 20.8774871826171875 20.880567550659179688 20.883647918701171875 20.886728286743164063 20.88980865478515625 20.892108917236328125 20.893625259399414063 20.895143508911132813 20.89665985107421875 20.898176193237304688 20.899694442749023438 20.9026031494140625 20.906904220581054688 20.911205291748046875 20.915506362915039063 20.91980743408203125 20.924108505249023438 20.928058624267578125 20.931653976440429688 20.935251235961914063 20.938848495483398438 20.94244384765625 20.946041107177734375 20.949708938598632813 20.953451156616210938 20.95719146728515625 20.960931777954101563 20.964672088623046875 20.968414306640625 20.972124099731445313 20.975803375244140625 20.979482650756835938 20.98316192626953125
20.82787322998046875 20.832027435302734375 20.836179733276367188 20.840333938598632813 20.844486236572265625 20.84864044189453125 20.852392196655273438 20.855741500854492188 20.85909271240234375 20.862443923950195313 20.865795135498046875 20.869144439697265625 20.87126922607421875 20.87216949462890625 20.873067855834960938 20.873966217041015625 20.874866485595703125 20.875764846801757813 20.87835693359375 20.882642745971679688 20.886928558349609375 20.891214370727539063 20.895498275756835938 20.899784088134765625 20.903856277465820313 20.90771484375 20.911573410034179688 20.915431976318359375 20.919292449951171875 20.923151016235351563 20.927141189575195313 20.931262969970703125 20.93538665771484375 20.939508438110351563 20.943632125854492188 20.94775390625 20.95166015625 20.955348968505859375 20.95903778076171875 20.962728500366210938
