data/dp3jul.asc
ncols        384
nrows        480
xllcorner    138.000000000000
yllcorner    -29.000000000000
cellsize     0.041666666667
NODATA_value -9999
[rows 306 to 323 of 480, columns 160 to 199 of 384]
4.3990039825439453125 4.4206290245056152344 4.4418759346008300781 4.4627447128295898438 4.4836134910583496094 4.504482269287109375 4.5253510475158691406 4.5462198257446289063 4.5729632377624511719 4.6055812835693359375 4.6381998062133789063 4.6708178520202636719 4.7034358978271484375 4.7360539436340332031 4.7542290687561035156 4.757961273193359375 4.7616934776306152344 4.7654256820678710938 4.7691578865051269531 4.7728900909423828125 4.7818784713745117188 4.7961230278015136719 4.810367584228515625 4.824611663818359375 4.8388562202453613281 4.8531007766723632813 4.8727402687072753906 4.8977746963500976563 4.9228086471557617188 4.9478430747985839844 4.97287750244140625 4.9979119300842285156 5.041351318359375 5.1031956672668457031 5.1650400161743164063 5.2268848419189453125 5.2887291908264160156 5.3505735397338867188 5.4182133674621582031 5.4916486740112304688
4.403568267822265625 4.4320912361145019531 4.4576935768127441406 4.4803748130798339844 4.5030565261840820313 4.525737762451171875 4.5484189987182617188 4.5711007118225097656 4.5947585105895996094 4.6193928718566894531 4.6440272331237792969 4.6686615943908691406 4.6932959556579589844 4.7179303169250488281 4.7313899993896484375 4.7336750030517578125 4.7359600067138671875 4.7382450103759765625 4.7405300140380859375 4.7428150177001953125 4.752422332763671875 4.769351959228515625 4.786281585693359375 4.803211212158203125 4.820140838623046875 4.8370699882507324219 4.8578805923461914063 4.8825712203979492188 4.9072623252868652344 4.93195343017578125 4.9566440582275390625 4.9813351631164550781 5.0239329338073730469 5.0844373703002929688 5.1449418067932128906 5.2054457664489746094 5.2659502029418945313 5.3264546394348144531 5.3916530609130859375 5.4615454673767089844
4.4081330299377441406 4.443553924560546875 4.4735112190246582031 4.4980053901672363281 4.52249908447265625 4.546993255615234375 4.5714874267578125 4.5959811210632324219 4.6165533065795898438 4.6332039833068847656 4.6498546600341796875 4.6665053367614746094 4.6831560134887695313 4.6998066902160644531 4.7085509300231933594 4.70938873291015625 4.7102265357971191406 4.7110643386840820313 4.7119021415710449219 4.7127399444580078125 4.7229666709899902344 4.7425808906555175781 4.762195587158203125 4.7818102836608886719 4.8014249801635742188 4.8210396766662597656 4.8430204391479492188 4.8673682212829589844 4.89171600341796875 4.9160633087158203125 4.9404110908508300781 4.9647588729858398438 5.0065145492553710938 5.0656785964965820313 5.1248431205749511719 5.1840071678161621094 5.24317169189453125 5.3023357391357421875 5.3650927543640136719 5.4314422607421875
4.4126977920532226563 4.4550161361694335938 4.4893288612365722656 4.5156354904174804688 4.5419421195983886719 4.568248748779296875 4.5945553779602050781 4.6208620071411132813 4.6383485794067382813 4.6470155715942382813 4.6556820869445800781 4.6643490791320800781 4.6730160713195800781 4.681682586669921875 4.6857113838195800781 4.6851019859313964844 4.6844930648803710938 4.6838836669921875 4.6832742691040039063 4.6826653480529785156 4.6935105323791503906 4.7158102989196777344 4.7381100654602050781 4.7604093551635742188 4.7827091217041015625 4.8050088882446289063 4.8281607627868652344 4.85216522216796875 4.8761692047119140625 4.9001736640930175781 4.9241776466369628906 4.9481821060180664063 4.9890961647033691406 5.0469202995300292969 5.1047444343566894531 5.1625685691833496094 5.2203927040100097656 5.2782168388366699219 5.3385319709777832031 5.4013390541076660156
4.4172620773315429688 4.4664788246154785156 4.5051465034484863281 4.5332655906677246094 4.5613851547241210938 4.589504241943359375 4.6176233291625976563 4.6457424163818359375 4.6601433753967285156 4.6608266830444335938 4.6615095138549804688 4.6621928215026855469 4.6628756523132324219 4.6635589599609375 4.662872314453125 4.6608157157897949219 4.6587595939636230469 4.6567029953002929688 4.6546468734741210938 4.6525902748107910156 4.6640543937683105469 4.6890392303466796875 4.7140240669250488281 4.7390089035034179688 4.7639937400817871094 4.7889780998229980469 4.81330108642578125 4.8369617462158203125 4.8606228828430175781 4.8842835426330566406 4.9079446792602539063 4.9316053390502929688 4.9716777801513671875 5.0281620025634765625 5.0846457481384277344 5.1411299705505371094 5.1976137161254882813 5.2540979385375976563 5.3119716644287109375 5.3712358474731445313
4.4218268394470214844 4.4779410362243652344 4.5209641456604003906 4.5508961677551269531 4.5808277130126953125 4.610759735107421875 4.6406912803649902344 4.6706233024597167969 4.6819386482238769531 4.6746377944946289063 4.6673374176025390625 4.6600365638732910156 4.6527357101440429688 4.6454348564147949219 4.6400327682495117188 4.6365294456481933594 4.6330256462097167969 4.6295223236083984375 4.6260190010070800781 4.6225152015686035156 4.6345987319946289063 4.6622681617736816406 4.6899380683898925781 4.7176079750061035156 4.7452778816223144531 4.7729477882385253906 4.7984414100646972656 4.8217587471008300781 4.8450765609741210938 4.8683938980102539063 4.8917112350463867188 4.9150290489196777344 4.9542593955993652344 5.009403228759765625 5.0645470619201660156 5.1196913719177246094 5.174835205078125 5.2299790382385253906 5.2854113578796386719 5.3411326408386230469
4.4092588424682617188 4.4683380126953125 4.5139093399047851563 4.5459728240966796875 4.5780363082885742188 4.61009979248046875 4.6421632766723632813 4.6742267608642578125 4.6853899955749511719 4.6756539344787597656 4.6659178733825683594 4.65618133544921875 4.6464452743530273438 4.6367092132568359375 4.6303362846374511719 4.6273274421691894531 4.6243185997009277344 4.6213097572326660156 4.6183009147644042969 4.6152920722961425781 4.6314611434936523438 4.6668076515197753906 4.7021541595458984375 4.7375006675720214844 4.7728471755981445313 4.8081941604614257813 4.8339948654174804688 4.850250244140625 4.8665060997009277344 4.8827614784240722656 4.8990168571472167969 4.9152722358703613281 4.9475178718566894531 4.9957537651062011719 5.0439896583557128906 5.0922255516052246094 5.140460968017578125 5.1886968612670898438 5.2397370338439941406 5.2935810089111328125
4.379558563232421875 4.4376702308654785156 4.4839825630187988281 4.5184965133666992188 4.5530109405517578125 4.5875248908996582031 4.6220388412475585938 4.6565527915954589844 4.670497894287109375 4.6638746261596679688 4.6572513580322265625 4.6506276130676269531 4.6440043449401855469 4.6373805999755859375 4.6337828636169433594 4.6332106590270996094 4.6326379776000976563 4.6320657730102539063 4.6314930915832519531 4.6309208869934082031 4.6546421051025390625 4.7026572227478027344 4.7506718635559082031 4.798686981201171875 4.8467020988464355469 4.8947172164916992188 4.9199619293212890625 4.9224367141723632813 4.9249114990234375 4.9273862838745117188 4.9298610687255859375 4.9323358535766601563 4.9514532089233398438 4.987213134765625 5.0229725837707519531 5.0587325096130371094 5.0944924354553222656 5.1302523612976074219 5.1749482154846191406 5.2285809516906738281
4.3498582839965820313 4.4070019721984863281 4.4540557861328125 4.4910206794738769531 4.5279850959777832031 4.5649495124816894531 4.6019144058227539063 4.6388788223266601563 4.6556057929992675781 4.6520953178405761719 4.6485843658447265625 4.6450738906860351563 4.64156341552734375 4.6380524635314941406 4.6372294425964355469 4.6390933990478515625 4.6409573554992675781 4.6428213119506835938 4.6446852684020996094 4.646549224853515625 4.6778230667114257813 4.738506317138671875 4.7991900444030761719 4.8598732948303222656 4.9205570220947265625 4.9812402725219726563 5.0059289932250976563 4.9946231842041015625 4.9833173751831054688 4.9720110893249511719 4.9607052803039550781 4.9493994712829589844 4.9553885459899902344 4.978672027587890625 5.0019559860229492188 5.0252399444580078125 5.0485234260559082031 5.0718073844909667969 5.1101598739624023438 5.1635804176330566406
4.3201580047607421875 4.3763337135314941406 4.4241290092468261719 4.4635443687438964844 4.5029592514038085938 4.5423746109008789063 4.5817899703979492188 4.6212053298950195313 4.6407136917114257813 4.640316009521484375 4.6399178504943847656 4.6395201683044433594 4.6391224861145019531 4.6387243270874023438 4.6406755447387695313 4.6449761390686035156 4.6492767333984375 4.6535768508911132813 4.6578774452209472656 4.66217803955078125 4.7010040283203125 4.7743558883666992188 4.8477077484130859375 4.9210596084594726563 4.994411468505859375 5.0677638053894042969 5.09189605712890625 5.0668096542358398438 5.0417227745056152344 5.0166363716125488281 4.9915494918823242188 4.9664630889892578125 4.9593234062194824219 4.9701313972473144531 4.9809389114379882813 4.9917469024658203125 5.0025548934936523438 5.0133624076843261719 5.0453710556030273438 5.0985803604125976563
4.2904577255249023438 4.3456654548645019531 4.3942022323608398438 4.4360680580139160156 4.4779338836669921875 4.5197997093200683594 4.5616655349731445313 4.6035313606262207031 4.6258215904235839844 4.6285367012023925781 4.6312513351440429688 4.6339664459228515625 4.6366810798645019531 4.6393961906433105469 4.6441221237182617188 4.6508588790893554688 4.6575956344604492188 4.6643328666687011719 4.6710696220397949219 4.6778063774108886719 4.7241849899291992188 4.8102054595947265625 4.8962259292602539063 4.9822459220886230469 5.0682663917541503906 5.1542868614196777344 5.1778631210327148438 5.138996124267578125 5.1001286506652832031 5.0612611770629882813 5.0223937034606933594 4.9835262298583984375 4.9632587432861328125 4.9615902900695800781 4.9599223136901855469 4.9582543373107910156 4.9565858840942382813 4.95491790771484375 4.9805827140808105469 5.0335803031921386719
4.2607574462890625 4.3149971961975097656 4.3642754554748535156 4.4085917472839355469 4.4529080390930175781 4.4972248077392578125 4.5415410995483398438 4.585857391357421875 4.6109294891357421875 4.6167573928833007813 4.6225848197937011719 4.6284127235412597656 4.6342401504516601563 4.64006805419921875 4.6475687026977539063 4.6567416191101074219 4.6659150123596191406 4.6750884056091308594 4.6842617988586425781 4.6934351921081542969 4.7473664283752441406 4.8460550308227539063 4.9447436332702636719 5.0434327125549316406 5.1421213150024414063 5.2408099174499511719 5.2638301849365234375 5.2111821174621582031 5.1585340499877929688 5.1058859825134277344 5.0532379150390625 5.0005898475646972656 4.967193603515625 4.9530496597290039063 4.9389052391052246094 4.9247612953186035156 4.9106173515319824219 4.896472930908203125 4.9157938957214355469 4.9685802459716796875
4.2203745841979980469 4.2719821929931640625 4.3205118179321289063 4.3659644126892089844 4.4114165306091308594 4.4568686485290527344 4.5023207664489746094 4.5477728843688964844 4.5749621391296386719 4.5838880538940429688 4.5928139686584472656 4.6017398834228515625 4.6106657981872558594 4.6195917129516601563 4.6289258003234863281 4.638668060302734375 4.648410797119140625 4.6581530570983886719 4.6678953170776367188 4.6776380538940429688 4.7340936660766601563 4.8372626304626464844 4.9404315948486328125 5.0436005592346191406 5.1467695236206054688 5.2499384880065917969 5.2719492912292480469 5.2128009796142578125 5.1536531448364257813 5.0945048332214355469 5.0353569984436035156 4.9762086868286132813 4.9365410804748535156 4.9163537025451660156 4.8961668014526367188 4.8759794235229492188 4.8557920455932617188 4.8356051445007324219 4.8519134521484375 4.9047169685363769531
4.1693091392517089844 4.2166204452514648438 4.2629122734069824219 4.308185577392578125 4.353458404541015625 4.3987317085266113281 4.4440050125122070313 4.4892778396606445313 4.5179195404052734375 4.5299291610717773438 4.54193878173828125 4.5539484024047851563 4.5659580230712890625 4.5779676437377929688 4.5881943702697753906 4.5966382026672363281 4.6050825119018554688 4.6135268211364746094 4.6219706535339355469 4.6304149627685546875 4.6843671798706054688 4.7838282585144042969 4.883289337158203125 4.9827504158020019531 5.0822114944458007813 5.1816725730895996094 5.2022194862365722656 5.14385223388671875 5.0854849815368652344 5.0271172523498535156 4.96875 4.9103827476501464844 4.8713006973266601563 4.8515033721923828125 4.8317060470581054688 4.811908721923828125 4.7921113967895507813 4.7723140716552734375 4.7889404296875 4.8419904708862304688
4.1182436943054199219 4.1612582206726074219 4.2053127288818359375 4.2504067420959472656 4.2955007553100585938 4.3405947685241699219 4.38568878173828125 4.4307827949523925781 4.46087646484375 4.4759697914123535156 4.4910631179809570313 4.5061564445495605469 4.5212497711181640625 4.5363430976867675781 4.54746246337890625 4.5546083450317382813 4.5617542266845703125 4.5689001083374023438 4.576045989990234375 4.5831918716430664063 4.6346411705017089844 4.7303943634033203125 4.8261470794677734375 4.9219002723693847656 5.0176534652709960938 5.1134061813354492188 5.1324896812438964844 5.0749030113220214844 5.0173168182373046875 4.9597301483154296875 4.9021434783935546875 4.8445568084716796875 4.8060598373413085938 4.7866525650024414063 4.7672452926635742188 4.7478375434875488281 4.7284302711486816406 4.7090229988098144531 4.7259674072265625 4.7792639732360839844
4.0671782493591308594 4.1058964729309082031 4.1477131843566894531 4.1926279067993164063 4.2375431060791015625 4.2824578285217285156 4.3273730278015136719 4.372287750244140625 4.4038338661193847656 4.4220108985900878906 4.4401879310607910156 4.4583649635314941406 4.4765419960021972656 4.4947190284729003906 4.5067310333251953125 4.5125784873962402344 4.5184259414672851563 4.5242733955383300781 4.5301213264465332031 4.535968780517578125 4.5849151611328125 4.676959991455078125 4.7690052986145019531 4.8610501289367675781 4.9530954360961914063 5.0451402664184570313 5.0627598762512207031 5.0059542655944824219 4.9491481781005859375 4.8923425674438476563 4.835536956787109375 4.7787313461303710938 4.7408194541931152344 4.7218017578125 4.7027845382690429688 4.6837668418884277344 4.6647491455078125 4.6457319259643554688 4.662994384765625 4.7165369987487792969
4.0161128044128417969 4.0505347251892089844 4.0901136398315429688 4.13484954833984375 4.1795849800109863281 4.2243208885192871094 4.2690567970275878906 4.3137927055358886719 4.3467912673950195313 4.3680520057678222656 4.3893122673034667969 4.4105730056762695313 4.4318337440490722656 4.453094482421875 4.465999603271484375 4.4705486297607421875 4.4750981330871582031 4.4796471595764160156 4.4841961860656738281 4.4887456893920898438 4.5351886749267578125 4.6235256195068359375 4.7118630409240722656 4.8001999855041503906 4.8885369300842285156 4.9768743515014648438 4.9930300712585449219 4.9370050430297851563 4.8809800148010253906 4.8249554634094238281 4.7689304351806640625 4.7129054069519042969 4.675579071044921875 4.6569514274597167969 4.6383237838745117188 4.6196961402893066406 4.6010684967041015625 4.5824408531188964844 4.6000213623046875 4.6538105010986328125
3.9650473594665527344 3.9951727390289306641 4.0325136184692382813 4.0770707130432128906 4.1216273307800292969 4.1661839485168457031 4.2107410430908203125 4.2552976608276367188 4.2897481918334960938 4.3140926361083984375 4.3384370803833007813 4.362781524658203125 4.3871259689331054688 4.4114704132080078125 4.4252676963806152344 4.4285187721252441406 4.4317698478698730469 4.43502044677734375 4.4382715225219726563 4.4415225982666015625 4.4854626655578613281 4.5700917243957519531 4.6547207832336425781 4.7393498420715332031 4.8239789009094238281 4.9086079597473144531 4.9233002662658691406 4.8680562973022460938 4.8128118515014648438 4.7575678825378417969 4.7023234367370605469 4.6470794677734375 4.6103382110595703125 4.5921006202697753906 4.5738630294799804688 4.5556249618530273438 4.5373873710632324219 4.5191497802734375 4.53704833984375 4.5910840034484863281
