data/dp3jul.asc
ncols        384
nrows        480
xllcorner    138.000000000000
yllcorner    -29.000000000000
cellsize     0.041666666667
NODATA_value -9999
[rows 288 to 305 of 480, columns 120 to 159 of 384]
3.6337783336639404297 3.6569750308990478516 3.6801714897155761719 3.7033681869506835938 3.7265648841857910156 3.7497615814208984375 3.7793214321136474609 3.8152441978454589844 3.8511672019958496094 3.8870902061462402344 3.9230129718780517578 3.9589359760284423828 3.9983220100402832031 4.0411710739135742188 4.0840201377868652344 4.12686920166015625 4.1697182655334472656 4.2125673294067382813 4.2510275840759277344 4.285099029541015625 4.3191704750061035156 4.3532423973083496094 4.3873138427734375 4.4213852882385253906 4.4531111717224121094 4.48249053955078125 4.5118699073791503906 4.5412492752075195313 4.570629119873046875 4.6000084877014160156 4.6234011650085449219 4.6408061981201171875 4.6582117080688476563 4.675617218017578125 4.6930227279663085938 4.7104277610778808594 4.7282948493957519531 4.7466235160827636719 4.7649517059326171875 4.7832803726196289063
3.5930464267730712891 3.6154348850250244141 3.6378233432769775391 3.6602118015289306641 3.6826002597808837891 3.7049887180328369141 3.7332360744476318359 3.7673420906066894531 3.8014483451843261719 3.8355543613433837891 3.8696606159210205078 3.903766632080078125 3.9418694972991943359 3.9839692115783691406 4.0260686874389648438 4.0681681632995605469 4.1102681159973144531 4.1523675918579101563 4.1914191246032714844 4.2274227142333984375 4.2634263038635253906 4.2994298934936523438 4.3354334831237792969 4.37143707275390625 4.4042749404907226563 4.4339470863342285156 4.463619232177734375 4.4932913780212402344 4.5229635238647460938 4.5526356697082519531 4.5780744552612304688 4.5992789268493652344 4.6204833984375 4.6416883468627929688 4.6628928184509277344 4.6840972900390625 4.7043132781982421875 4.7235403060913085938 4.7427668571472167969 4.7619938850402832031
3.55231475830078125 3.5738949775695800781 3.5954751968383789063 3.6170554161071777344 3.6386356353759765625 3.6602158546447753906 3.6871507167816162109 3.7194399833679199219 3.7517294883728027344 3.7840187549591064453 3.8163080215454101563 3.8485972881317138672 3.8854172229766845703 3.9267673492431640625 3.9681174755096435547 4.0094676017761230469 4.0508179664611816406 4.0921678543090820313 4.1318106651306152344 4.16974639892578125 4.2076816558837890625 4.2456173896789550781 4.2835526466369628906 4.3214883804321289063 4.3554387092590332031 4.3854036331176757813 4.4153685569763183594 4.4453334808349609375 4.4752984046936035156 4.5052633285522460938 4.5327477455139160156 4.5577516555786132813 4.5827550888061523438 4.6077589988708496094 4.632762908935546875 4.6577668190002441406 4.6803312301635742188 4.7004566192626953125 4.7205824851989746094 4.7407078742980957031
3.5115828514099121094 3.5323550701141357422 3.5531270503997802734 3.5738990306854248047 3.5946710109710693359 3.6154429912567138672 3.6410653591156005859 3.6715378761291503906 3.7020103931427001953 3.73248291015625 3.7629554271697998047 3.7934281826019287109 3.8289647102355957031 3.8695654869079589844 3.9101662635803222656 3.9507670402526855469 3.9913678169250488281 4.0319685935974121094 4.0722026824951171875 4.1120700836181640625 4.1519374847412109375 4.1918048858642578125 4.2316722869873046875 4.2715396881103515625 4.3066020011901855469 4.3368597030639648438 4.3671174049377441406 4.3973751068115234375 4.4276328086853027344 4.4578905105590820313 4.4874210357666015625 4.516223907470703125 4.5450272560119628906 4.5738301277160644531 4.6026329994201660156 4.6314363479614257813 4.6563496589660644531 4.6773734092712402344 4.6983976364135742188 4.71942138671875
3.4708511829376220703 3.4908149242401123047 3.5107789039611816406 3.530742645263671875 3.5507063865661621094 3.5706703662872314453 3.5949800014495849609 3.6236357688903808594 3.6522915363311767578 3.6809473037719726563 3.7096030712127685547 3.7382588386535644531 3.7725124359130859375 3.8123636245727539063 3.8522150516510009766 3.8920662403106689453 3.9319176673889160156 3.9717688560485839844 4.0125942230224609375 4.054393768310546875 4.0961928367614746094 4.1379923820495605469 4.1797919273376464844 4.2215909957885742188 4.2577657699584960938 4.2883162498474121094 4.318866729736328125 4.3494172096252441406 4.3799676895141601563 4.4105181694030761719 4.4420943260192871094 4.4746966361999511719 4.5072989463806152344 4.5399012565612792969 4.5725030899047851563 4.6051054000854492188 4.6323680877685546875 4.6542901992797851563 4.6762127876281738281 4.6981348991394042969
3.4301192760467529297 3.4492750167846679688 3.4684305191040039063 3.4875862598419189453 3.5067417621612548828 3.5258975028991699219 3.5488946437835693359 3.5757336616516113281 3.6025726795196533203 3.6294116973876953125 3.6562504768371582031 3.6830894947052001953 3.7160599231719970703 3.7551617622375488281 3.7942636013031005859 3.8333656787872314453 3.8724675178527832031 3.9115693569183349609 3.9529860019683837891 3.9967172145843505859 4.0404486656188964844 4.0841798782348632813 4.1279110908508300781 4.171642303466796875 4.2089295387268066406 4.239772796630859375 4.2706160545349121094 4.3014593124389648438 4.332302093505859375 4.3631453514099121094 4.3967676162719726563 4.4331688880920410156 4.4695706367492675781 4.5059719085693359375 4.5423736572265625 4.5787749290466308594 4.6083860397338867188 4.6312069892883300781 4.6540279388427734375 4.6768488883972167969
3.3967697620391845703 3.4154746532440185547 3.4341795444488525391 3.4528844356536865234 3.4715893268585205078 3.4902942180633544922 3.5124554634094238281 3.5380725860595703125 3.5636897087097167969 3.5893068313598632813 3.6149241924285888672 3.6405413150787353516 3.6724853515625 3.7107560634613037109 3.7490267753601074219 3.7872974872589111328 3.8255681991577148438 3.8638389110565185547 3.9055123329162597656 3.9505884647369384766 3.9956645965576171875 4.0407404899597167969 4.0858168601989746094 4.1308927536010742188 4.1694588661193847656 4.20151519775390625 4.2335710525512695313 4.2656273841857910156 4.2976837158203125 4.3297395706176757813 4.3648176193237304688 4.4029169082641601563 4.4410161972045898438 4.4791159629821777344 4.5172152519226074219 4.5553145408630371094 4.5859208106994628906 4.6090340614318847656 4.6321473121643066406 4.6552600860595703125
3.3708019256591796875 3.3894138336181640625 3.4080255031585693359 3.4266374111175537109 3.4452490806579589844 3.4638609886169433594 3.4856619834899902344 3.5106523036956787109 3.5356428623199462891 3.5606331825256347656 3.5856237411499023438 3.6106140613555908203 3.6417882442474365234 3.6791462898254394531 3.7165040969848632813 3.7538621425628662109 3.7912199497222900391 3.8285779953002929688 3.8701736927032470703 3.9160072803497314453 3.9618408679962158203 4.0076746940612792969 4.0535082817077636719 4.0993418693542480469 4.1393532752990722656 4.1735429763793945313 4.2077326774597167969 4.2419223785400390625 4.276111602783203125 4.3103013038635253906 4.3462443351745605469 4.3839402198791503906 4.4216365814208984375 4.4593324661254882813 4.497028350830078125 4.5347247123718261719 4.5649724006652832031 4.5877714157104492188 4.6105704307556152344 4.63336944580078125
3.3448343276977539063 3.3633530139923095703 3.3818717002868652344 3.4003901481628417969 3.4189088344573974609 3.437427520751953125 3.4588685035705566406 3.4832322597503662109 3.5075960159301757813 3.53195953369140625 3.5563232898712158203 3.5806868076324462891 3.6110913753509521484 3.6475362777709960938 3.6839814186096191406 3.7204265594482421875 3.7568717002868652344 3.7933168411254882813 3.8348348140716552734 3.8814260959625244141 3.9280173778533935547 3.9746086597442626953 4.0211997032165527344 4.067790985107421875 4.1092481613159179688 4.1455712318420410156 4.1818938255310058594 4.2182168960571289063 4.2545399665832519531 4.290863037109375 4.3276705741882324219 4.364963531494140625 4.4022564888000488281 4.4395489692687988281 4.4768419265747070313 4.5141344070434570313 4.5440235137939453125 4.5665087699890136719 4.5889940261840820313 4.6114788055419921875
3.318866729736328125 3.3372921943664550781 3.3557176589965820313 3.3741431236267089844 3.3925685882568359375 3.4109940528869628906 3.4320752620697021484 3.4558122158050537109 3.4795489311218261719 3.5032858848571777344 3.5270228385925292969 3.5507597923278808594 3.5803942680358886719 3.6159265041351318359 3.651458740234375 3.6869912147521972656 3.7225234508514404297 3.7580556869506835938 3.7994961738586425781 3.8468449115753173828 3.8941938877105712891 3.9415426254272460938 3.9888913631439208984 4.0362401008605957031 4.0791425704956054688 4.1175990104675292969 4.156055450439453125 4.1945118904113769531 4.2329683303833007813 4.2714242935180664063 4.3090972900390625 4.3459868431091308594 4.3828763961791992188 4.419765472412109375 4.4566550254821777344 4.4935445785522460938 4.5230746269226074219 4.545246124267578125 4.567417144775390625 4.589588165283203125
3.2928991317749023438 3.3112313747406005859 3.3295636177062988281 3.3478960990905761719 3.3662283420562744141 3.3845605850219726563 3.4052817821502685547 3.4283919334411621094 3.4515020847320556641 3.4746122360229492188 3.4977223873138427734 3.5208325386047363281 3.5496973991394042969 3.5843167304992675781 3.6189363002777099609 3.6535556316375732422 3.688175201416015625 3.7227945327758789063 3.7641575336456298828 3.8122637271881103516 3.8603701591491699219 3.9084765911102294922 3.9565830230712890625 4.0046892166137695313 4.0490374565124511719 4.0896272659301757813 4.1302170753479003906 4.1708064079284667969 4.2113962173461914063 4.2519860267639160156 4.2905240058898925781 4.3270101547241210938 4.3634963035583496094 4.399982452392578125 4.4364686012268066406 4.4729547500610351563 4.5021262168884277344 4.5239834785461425781 4.5458402633666992188 4.5676975250244140625
3.2669315338134765625 3.2851705551147460938 3.3034098148345947266 3.3216488361358642578 3.3398880958557128906 3.3581271171569824219 3.3784885406494140625 3.4009718894958496094 3.4234552383422851563 3.4459385871887207031 3.46842193603515625 3.4909052848815917969 3.5190002918243408203 3.5527069568634033203 3.5864136219024658203 3.6201202869415283203 3.6538267135620117188 3.6875333786010742188 3.7288186550140380859 3.7776825428009033203 3.8265466690063476563 3.8754105567932128906 3.924274444580078125 3.9731383323669433594 4.0189318656921386719 4.0616550445556640625 4.1043782234191894531 4.1471014022827148438 4.1898245811462402344 4.232547760009765625 4.2719507217407226563 4.3080334663391113281 4.3441162109375 4.3801989555358886719 4.4162817001342773438 4.4523644447326660156 4.4811773300170898438 4.5027208328247070313 4.5242638587951660156 4.545806884765625
3.2418792247772216797 3.2600603103637695313 3.2782413959503173828 3.2964224815368652344 3.3146035671234130859 3.3327846527099609375 3.3529343605041503906 3.3750522136688232422 3.3971703052520751953 3.4192883968353271484 3.44140625 3.4635243415832519531 3.4909813404083251953 3.5237772464752197266 3.5565731525421142578 3.5893692970275878906 3.6221652030944824219 3.6549611091613769531 3.6957151889801025391 3.7444272041320800781 3.7931394577026367188 3.8418514728546142578 3.8905637264251708984 3.9392757415771484375 3.9857079982757568359 4.0298600196838378906 4.0740122795104980469 4.1181645393371582031 4.1623167991638183594 4.2064690589904785156 4.2468266487121582031 4.2833890914916992188 4.3199515342712402344 4.35651397705078125 4.3930764198303222656 4.4296388626098632813 4.4584794044494628906 4.4795980453491210938 4.5007166862487792969 4.5218353271484375
3.2177426815032958984 3.23590087890625 3.254058837890625 3.2722170352935791016 3.2903752326965332031 3.3085331916809082031 3.3286192417144775391 3.3506333827972412109 3.3726475238800048828 3.3946616649627685547 3.416675567626953125 3.4386897087097167969 3.4656405448913574219 3.4975278377532958984 3.5294153690338134766 3.5613026618957519531 3.5931901931762695313 3.6250774860382080078 3.6648466587066650391 3.712497711181640625 3.7601485252380371094 3.8077995777130126953 3.8554506301879882813 3.9031014442443847656 3.9493653774261474609 3.9942424297332763672 4.0391192436218261719 4.0839962959289550781 4.1288733482360839844 4.1737504005432128906 4.2151513099670410156 4.2530765533447265625 4.2910017967224121094 4.3289265632629394531 4.366851806640625 4.4047770500183105469 4.4340314865112304688 4.4546151161193847656 4.4751987457275390625 4.4957823753356933594
3.1936061382293701172 3.2117412090301513672 3.2298762798309326172 3.2480115890502929688 3.2661466598510742188 3.2842817306518554688 3.3043043613433837891 3.3262145519256591797 3.3481247425079345703 3.3700346946716308594 3.39194488525390625 3.4138550758361816406 3.4402995109558105469 3.4712784290313720703 3.5022573471069335938 3.5332362651824951172 3.5642151832580566406 3.5951941013336181641 3.6339783668518066406 3.6805679798126220703 3.7271578311920166016 3.7737476825714111328 3.8203372955322265625 3.8669271469116210938 3.9130229949951171875 3.9586246013641357422 4.0042266845703125 4.0498280525207519531 4.0954298973083496094 4.1410317420959472656 4.1834764480590820313 4.2227644920349121094 4.2620520591735839844 4.3013396263122558594 4.3406276702880859375 4.3799152374267578125 4.4095835685729980469 4.4296321868896484375 4.4496808052062988281 4.4697299003601074219
3.1694693565368652344 3.1875815391540527344 3.2056937217712402344 3.2238059043884277344 3.2419180870056152344 3.2600302696228027344 3.2799894809722900391 3.3017957210540771484 3.3236017227172851563 3.3454079627990722656 3.367214202880859375 3.3890204429626464844 3.4149587154388427734 3.4450290203094482422 3.4750993251800537109 3.5051698684692382813 3.53524017333984375 3.5653104782104492188 3.6031098365783691406 3.6486384868621826172 3.6941671371459960938 3.7396955490112304688 3.7852241992950439453 3.8307528495788574219 3.8766803741455078125 3.9230070114135742188 3.9693334102630615234 4.0156598091125488281 4.0619864463806152344 4.1083130836486816406 4.1518015861511230469 4.1924519538879394531 4.2331023216247558594 4.2737526893615722656 4.3144030570983886719 4.3550539016723632813 4.385135650634765625 4.4046497344970703125 4.4241633415222167969 4.4436769485473632813
3.1453328132629394531 3.1634221076965332031 3.1815111637115478516 3.1996004581451416016 3.21768951416015625 3.23577880859375 3.2556743621826171875 3.2773766517639160156 3.2990789413452148438 3.3207812309265136719 3.3424835205078125 3.3641858100891113281 3.389617919921875 3.4187796115875244141 3.4479415416717529297 3.4771032333374023438 3.5062651634216308594 3.5354268550872802734 3.5722415447235107422 3.6167089939117431641 3.6611762046813964844 3.7056436538696289063 3.7501111030578613281 3.79457855224609375 3.8403377532958984375 3.8873891830444335938 3.9344403743743896484 3.9814918041229248047 4.0285429954528808594 4.0755944252014160156 4.1201267242431640625 4.162139892578125 4.2041525840759277344 4.2461657524108886719 4.2881789207458496094 4.3301920890808105469 4.3606877326965332031 4.3796668052673339844 4.3986454010009765625 4.4176244735717773438
3.1211962699890136719 3.1392624378204345703 3.1573286056518554688 3.1753947734832763672 3.1934609413146972656 3.2115273475646972656 3.2313594818115234375 3.2529578208923339844 3.2745561599731445313 3.2961544990539550781 3.317752838134765625 3.3393511772155761719 3.364276885986328125 3.3925302028656005859 3.4207835197448730469 3.4490368366241455078 3.4772901535034179688 3.5055434703826904297 3.5413730144500732422 3.5847792625427246094 3.6281855106353759766 3.6715917587280273438 3.7149980068206787109 3.7584040164947509766 3.8039953708648681641 3.8517713546752929688 3.899547576904296875 3.9473235607147216797 3.9950997829437255859 4.0428757667541503906 4.0884518623352050781 4.1318273544311523438 4.1752033233642578125 4.2185788154602050781 4.2619547843933105469 4.3053302764892578125 4.3362402915954589844 4.3546838760375976563 4.3731279373168945313 4.3915715217590332031
