data/dp3jan.asc
ncols        384
nrows        480
xllcorner    138.000000000000
yllcorner    -29.000000000000
cellsize     0.041666666667
NODATA_value -9999
[rows 198 to 215 of 480, columns 240 to 279 of 384]
23.54482269287109375 23.540180206298828125 23.535535812377929688 23.53089141845703125 23.526248931884765625 23.521604537963867188 23.51763916015625 23.51435089111328125 23.511064529418945313 23.507776260375976563 23.504489898681640625 23.501203536987304688 23.497114181518554688 23.492221832275390625 23.487329483032226563 23.4824371337890625 23.477544784545898438 23.472654342651367188 23.468229293823242188 23.464273452758789063 23.460317611694335938 23.45635986328125 23.452404022216796875 23.44844818115234375 23.444669723510742188 23.441070556640625 23.437471389770507813 23.433870315551757813 23.430271148681640625 23.426671981811523438 23.423288345336914063 23.420124053955078125 23.416959762573242188 23.413793563842773438 23.4106292724609375 23.40746307373046875 23.404407501220703125 23.401460647583007813 23.3985137939453125 23.395566940307617188
23.538707733154296875 23.533964157104492188 23.5292205810546875 23.52447509765625 23.519731521606445313 23.514987945556640625 23.510793685913085938 23.50714874267578125 23.503503799438476563 23.499858856201171875 23.496213912963867188 23.4925689697265625 23.48813629150390625 23.48291778564453125 23.477697372436523438 23.472476959228515625 23.467258453369140625 23.462038040161132813 23.457462310791015625 23.45352935791015625 23.449596405029296875 23.4456634521484375 23.441730499267578125 23.43779754638671875 23.434087753295898438 23.43060302734375 23.427118301391601563 23.423635482788085938 23.4201507568359375 23.416666030883789063 23.41339111328125 23.410326004028320313 23.407260894775390625 23.404195785522460938 23.401132583618164063 23.398067474365234375 23.395153045654296875 23.392391204833984375 23.389629364013671875 23.386865615844726563
23.532590866088867188 23.52774810791015625 23.5229034423828125 23.518060684204101563 23.513216018676757813 23.508371353149414063 23.503948211669921875 23.49994659423828125 23.495943069458007813 23.491941452026367188 23.48793792724609375 23.483936309814453125 23.479160308837890625 23.473613739013671875 23.468065261840820313 23.46251678466796875 23.45697021484375 23.451421737670898438 23.44669342041015625 23.442783355712890625 23.438873291015625 23.434965133666992188 23.431055068969726563 23.427145004272460938 23.423505783081054688 23.420137405395507813 23.416767120361328125 23.41339874267578125 23.410028457641601563 23.406660079956054688 23.403493881225585938 23.4005279541015625 23.397563934326171875 23.39459991455078125 23.391633987426757813 23.388669967651367188 23.385898590087890625 23.383321762084960938 23.380743026733398438 23.37816619873046875
23.526475906372070313 23.521532058715820313 23.516588211059570313 23.511644363403320313 23.506700515747070313 23.501756668090820313 23.497102737426757813 23.492742538452148438 23.488382339477539063 23.484022140502929688 23.479661941528320313 23.475301742553710938 23.470184326171875 23.4643096923828125 23.458433151245117188 23.452558517456054688 23.446681976318359375 23.440805435180664063 23.435924530029296875 23.432039260864257813 23.428152084350585938 23.424266815185546875 23.420379638671875 23.416494369506835938 23.412923812866210938 23.409669876098632813 23.406415939331054688 23.403162002563476563 23.399908065795898438 23.396654129028320313 23.393594741821289063 23.390729904174804688 23.387866973876953125 23.38500213623046875 23.382137298583984375 23.3792724609375 23.376644134521484375 23.374250411987304688 23.371858596801757813 23.369464874267578125
23.520359039306640625 23.515316009521484375 23.510271072387695313 23.505228042602539063 23.50018310546875 23.49514007568359375 23.490259170532226563 23.485540390014648438 23.480823516845703125 23.476104736328125 23.471387863159179688 23.466669082641601563 23.461208343505859375 23.455005645751953125 23.448801040649414063 23.442598342895507813 23.43639373779296875 23.4301910400390625 23.425157546997070313 23.421295166015625 23.417430877685546875 23.413568496704101563 23.40970611572265625 23.405841827392578125 23.402341842651367188 23.399202346801757813 23.39606475830078125 23.392925262451171875 23.389787673950195313 23.386648178100585938 23.383697509765625 23.380933761596679688 23.378168106079101563 23.37540435791015625 23.372640609741210938 23.369874954223632813 23.367389678955078125 23.36518096923828125 23.362972259521484375 23.360765457153320313
23.51424407958984375 23.509099960327148438 23.503955841064453125 23.498811721801757813 23.4936676025390625 23.488523483276367188 23.4834136962890625 23.478338241577148438 23.473262786865234375 23.468187332153320313 23.46311187744140625 23.458036422729492188 23.45223236083984375 23.44570159912109375 23.439168930053710938 23.432638168334960938 23.426105499267578125 23.419574737548828125 23.414388656616210938 23.410549163818359375 23.406709671020507813 23.40287017822265625 23.399030685424804688 23.395191192626953125 23.391759872436523438 23.388736724853515625 23.385713577270507813 23.382688522338867188 23.379665374755859375 23.376642227172851563 23.373798370361328125 23.371135711669921875 23.368471145629882813 23.36580657958984375 23.363142013549804688 23.360479354858398438 23.358135223388671875 23.356111526489257813 23.35408782958984375 23.352064132690429688
23.507570266723632813 23.502252578735351563 23.496934890747070313 23.49161529541015625 23.486297607421875 23.48097991943359375 23.4757080078125 23.47048187255859375 23.465253829956054688 23.460027694702148438 23.454801559448242188 23.449575424194335938 23.443658828735351563 23.437053680419921875 23.430446624755859375 23.423839569091796875 23.417234420776367188 23.410627365112304688 23.405391693115234375 23.401529312133789063 23.39766693115234375 23.393804550170898438 23.389942169189453125 23.386079788208007813 23.382646560668945313 23.379644393920898438 23.376642227172851563 23.373640060424804688 23.370637893676757813 23.367635726928710938 23.364839553833007813 23.36225128173828125 23.359663009643554688 23.357074737548828125 23.354486465454101563 23.351898193359375 23.349639892578125 23.347715377807617188 23.345788955688476563 23.34386444091796875
23.500339508056640625 23.49477386474609375 23.489206314086914063 23.483640670776367188 23.4780731201171875 23.472507476806640625 23.46714019775390625 23.461969375610351563 23.456800460815429688 23.451629638671875 23.446460723876953125 23.441289901733398438 23.435491561889648438 23.4290618896484375 23.422634124755859375 23.416204452514648438 23.409776687622070313 23.403347015380859375 23.398166656494140625 23.394235610961914063 23.390302658081054688 23.386371612548828125 23.382440567016601563 23.378507614135742188 23.375005722045898438 23.371929168701171875 23.368854522705078125 23.365777969360351563 23.362703323364257813 23.35962677001953125 23.356821060180664063 23.354282379150390625 23.35174560546875 23.349206924438476563 23.346670150756835938 23.3441314697265625 23.341907501220703125 23.339992523193359375 23.338079452514648438 23.336164474487304688
23.49311065673828125 23.487295150756835938 23.481479644775390625 23.475666046142578125 23.469850540161132813 23.4640350341796875 23.458570480346679688 23.453458786010742188 23.448345184326171875 23.443231582641601563 23.43811798095703125 23.433004379272460938 23.4273223876953125 23.421070098876953125 23.414819717407226563 23.4085693359375 23.402318954467773438 23.396066665649414063 23.390941619873046875 23.38694000244140625 23.382940292358398438 23.378938674926757813 23.37493896484375 23.370937347412109375 23.36736297607421875 23.364213943481445313 23.361064910888671875 23.357915878295898438 23.354766845703125 23.351617813110351563 23.3488006591796875 23.3463134765625 23.343828201293945313 23.341341018676757813 23.338853836059570313 23.336366653442382813 23.334173202514648438 23.332269668579101563 23.3303680419921875 23.328466415405273438
23.485879898071289063 23.479816436767578125 23.473752975463867188 23.46768951416015625 23.461626052856445313 23.455564498901367188 23.450002670288085938 23.4449462890625 23.439889907836914063 23.434831619262695313 23.429775238037109375 23.424716949462890625 23.419153213500976563 23.413080215454101563 23.407007217407226563 23.400934219360351563 23.394861221313476563 23.38878631591796875 23.383716583251953125 23.37964630126953125 23.375576019287109375 23.3715057373046875 23.367435455322265625 23.363367080688476563 23.359720230102539063 23.35649871826171875 23.353277206420898438 23.350053787231445313 23.346832275390625 23.343610763549804688 23.340780258178710938 23.338344573974609375 23.335908889770507813 23.33347320556640625 23.331037521362304688 23.328601837158203125 23.32643890380859375 23.324548721313476563 23.322658538818359375 23.320766448974609375
23.478649139404296875 23.472337722778320313 23.46602630615234375 23.459714889526367188 23.453403472900390625 23.447092056274414063 23.441434860229492188 23.436435699462890625 23.43143463134765625 23.426433563232421875 23.4214324951171875 23.416431427001953125 23.410984039306640625 23.405088424682617188 23.39919281005859375 23.393297195434570313 23.387403488159179688 23.38150787353515625 23.376489639282226563 23.372350692749023438 23.368211746215820313 23.364072799682617188 23.359933853149414063 23.355794906616210938 23.352077484130859375 23.348783493041992188 23.345487594604492188 23.342191696166992188 23.338897705078125 23.335601806640625 23.332761764526367188 23.33037567138671875 23.327991485595703125 23.3256072998046875 23.323221206665039063 23.320837020874023438 23.318704605102539063 23.31682586669921875 23.314947128295898438 23.313068389892578125
23.471418380737304688 23.4648590087890625 23.458299636840820313 23.451740264892578125 23.445178985595703125 23.438619613647460938 23.432867050170898438 23.427923202514648438 23.422979354858398438 23.418033599853515625 23.413089752197265625 23.408145904541015625 23.402814865112304688 23.397096633911132813 23.39138031005859375 23.385662078857421875 23.379945755004882813 23.374227523803710938 23.369264602661132813 23.365056991577148438 23.360849380493164063 23.356639862060546875 23.3524322509765625 23.348224639892578125 23.3444366455078125 23.341068267822265625 23.337697982788085938 23.334329605102539063 23.330961227416992188 23.327592849731445313 23.324741363525390625 23.322406768798828125 23.320074081420898438 23.317739486694335938 23.315404891967773438 23.31307220458984375 23.310970306396484375 23.309103012084960938 23.3072357177734375 23.305368423461914063
23.46436309814453125 23.457654953002929688 23.450948715209960938 23.444240570068359375 23.437534332275390625 23.430826187133789063 23.425043106079101563 23.4201812744140625 23.415319442749023438 23.410457611083984375 23.405597686767578125 23.400735855102539063 23.395475387573242188 23.389820098876953125 23.38416290283203125 23.378505706787109375 23.3728485107421875 23.367193222045898438 23.362247467041015625 23.358015060424804688 23.35378265380859375 23.34954833984375 23.345315933227539063 23.341083526611328125 23.337224960327148438 23.333742141723632813 23.330259323120117188 23.326778411865234375 23.32329559326171875 23.319812774658203125 23.316913604736328125 23.31459808349609375 23.312282562255859375 23.309965133666992188 23.307649612426757813 23.305334091186523438 23.30321502685546875 23.30129241943359375 23.29936981201171875 23.297445297241210938
23.45748138427734375 23.450727462768554688 23.443973541259765625 23.437219619750976563 23.430467605590820313 23.42371368408203125 23.41796112060546875 23.4132080078125 23.408456802368164063 23.403705596923828125 23.398952484130859375 23.394201278686523438 23.388967514038085938 23.3832550048828125 23.377542495727539063 23.371828079223632813 23.366115570068359375 23.360403060913085938 23.355440139770507813 23.351226806640625 23.347011566162109375 23.342798233032226563 23.33858489990234375 23.334371566772460938 23.330446243286132813 23.326808929443359375 23.323171615600585938 23.3195343017578125 23.315896987915039063 23.312259674072265625 23.309276580810546875 23.30694580078125 23.304615020751953125 23.302286148071289063 23.299955368041992188 23.297624588012695313 23.295436859130859375 23.293390274047851563 23.291345596313476563 23.28929901123046875
23.45059967041015625 23.443799972534179688 23.437000274658203125 23.430200576782226563 23.423398971557617188 23.416599273681640625 23.410879135131835938 23.406236648559570313 23.401594161987304688 23.396951675415039063 23.392309188842773438 23.387666702270507813 23.382459640502929688 23.376689910888671875 23.370922088623046875 23.365152359008789063 23.35938262939453125 23.353612899780273438 23.348630905151367188 23.3444366455078125 23.340242385864257813 23.336048126220703125 23.331853866577148438 23.32765960693359375 23.323665618896484375 23.319873809814453125 23.316082000732421875 23.312292098999023438 23.308500289916992188 23.304708480834960938 23.301639556884765625 23.299295425415039063 23.296949386596679688 23.294605255126953125 23.29225921630859375 23.289915084838867188 23.28765869140625 23.285490036010742188 23.283321380615234375 23.281152725219726563
23.44371795654296875 23.436870574951171875 23.430025100708007813 23.42317962646484375 23.416332244873046875 23.409486770629882813 23.403797149658203125 23.399263381958007813 23.394731521606445313 23.39019775390625 23.385663986206054688 23.381132125854492188 23.375951766967773438 23.370126724243164063 23.364299774169921875 23.3584747314453125 23.352649688720703125 23.346822738647460938 23.341823577880859375 23.337648391723632813 23.33347320556640625 23.329298019409179688 23.325122833251953125 23.320947647094726563 23.31688690185546875 23.312940597534179688 23.308994293212890625 23.305047988891601563 23.3011016845703125 23.297155380249023438 23.294002532958984375 23.291643142700195313 23.28928375244140625 23.286924362182617188 23.284564971923828125 23.282205581665039063 23.279880523681640625 23.277587890625 23.275297164916992188 23.273004531860351563
23.43683624267578125 23.429943084716796875 23.4230499267578125 23.416158676147460938 23.409265518188476563 23.402372360229492188 23.396715164184570313 23.392292022705078125 23.387866973876953125 23.383443832397460938 23.37902069091796875 23.374597549438476563 23.369443893432617188 23.363561630249023438 23.357679367065429688 23.351797103881835938 23.345916748046875 23.34003448486328125 23.33501434326171875 23.330860137939453125 23.326704025268554688 23.32254791259765625 23.318391799926757813 23.314235687255859375 23.310108184814453125 23.30600738525390625 23.301906585693359375 23.297803878784179688 23.293703079223632813 23.289602279663085938 23.286365509033203125 23.283990859985351563 23.281618118286132813 23.27924346923828125 23.2768707275390625 23.274496078491210938 23.27210235595703125 23.269687652587890625 23.26727294921875 23.264858245849609375
23.42995452880859375 23.423015594482421875 23.41607666015625 23.409137725830078125 23.40219879150390625 23.395259857177734375 23.3896331787109375 23.385318756103515625 23.38100433349609375 23.376689910888671875 23.37237548828125 23.368062973022460938 23.362936019897460938 23.356998443603515625 23.3510589599609375 23.345121383666992188 23.339181900024414063 23.33324432373046875 23.328207015991210938 23.324069976806640625 23.319932937622070313 23.315797805786132813 23.3116607666015625 23.307523727416992188 23.303327560424804688 23.299072265625 23.294816970825195313 23.290561676025390625 23.286306381225585938 23.28205108642578125 23.278728485107421875 23.276340484619140625 23.273952484130859375 23.271562576293945313 23.269174575805664063 23.266786575317382813 23.264324188232421875 23.261785507202148438 23.259248733520507813 23.256710052490234375
