data/dp3jul.asc
ncols        384
nrows        480
xllcorner    138.000000000000
yllcorner    -29.000000000000
cellsize     0.041666666667
NODATA_value -9999
[rows 108 to 125 of 480, columns 200 to 239 of 384]
19.646860122680664063 19.650655746459960938 19.654453277587890625 19.6582489013671875 19.662824630737304688 19.668180465698242188 19.673536300659179688 19.678892135620117188 19.684247970581054688 19.689603805541992188 19.694362640380859375 19.69852447509765625 19.702686309814453125 19.706846237182617188 19.711008071899414063 19.715169906616210938 19.720605850219726563 19.727319717407226563 19.734033584594726563 19.74074554443359375 19.74745941162109375 19.754171371459960938 19.760320663452148438 19.76590728759765625 19.771493911743164063 19.777078628540039063 19.782665252685546875 19.788249969482421875 19.793195724487304688 19.797496795654296875 19.801799774169921875 19.806102752685546875 19.810405731201171875 19.814708709716796875 19.818820953369140625 19.822744369506835938 19.82666778564453125 19.830591201782226563 19.834514617919921875 19.838436126708984375
19.617883682250976563 19.621599197387695313 19.625316619873046875 19.629032135009765625 19.633703231811523438 19.639329910278320313 19.644956588745117188 19.65058135986328125 19.656208038330078125 19.661832809448242188 19.66670989990234375 19.670839309692382813 19.674966812133789063 19.679096221923828125 19.683223724365234375 19.687353134155273438 19.692571640014648438 19.698884963989257813 19.705196380615234375 19.71150970458984375 19.717821121215820313 19.724134445190429688 19.730083465576171875 19.735670089721679688 19.7412567138671875 19.746843338012695313 19.752429962158203125 19.758016586303710938 19.763074874877929688 19.767604827880859375 19.77213287353515625 19.776662826538085938 19.781192779541015625 19.7857208251953125 19.789958953857421875 19.793905258178710938 19.7978515625 19.801797866821289063 19.805742263793945313 19.809688568115234375
19.58890533447265625 19.592542648315429688 19.596179962158203125 19.599817276000976563 19.604583740234375 19.610479354858398438 19.616374969482421875 19.622270584106445313 19.62816619873046875 19.634063720703125 19.639059066772460938 19.643154144287109375 19.647249221801757813 19.65134429931640625 19.655439376831054688 19.659534454345703125 19.664539337158203125 19.670450210571289063 19.676361083984375 19.68227386474609375 19.688184738159179688 19.694095611572265625 19.699846267700195313 19.705432891845703125 19.71102142333984375 19.716608047485351563 19.722196578979492188 19.727783203125 19.7329559326171875 19.737710952758789063 19.742467880249023438 19.747222900390625 19.751977920532226563 19.756734848022460938 19.761096954345703125 19.765066146850585938 19.769033432006835938 19.77300262451171875 19.776971817016601563 19.780941009521484375
19.55992889404296875 19.563486099243164063 19.567043304443359375 19.570600509643554688 19.57546234130859375 19.581628799438476563 19.587795257568359375 19.593959808349609375 19.600126266479492188 19.606292724609375 19.611406326293945313 19.615468978881835938 19.619531631469726563 19.623592376708984375 19.627655029296875 19.631717681884765625 19.636505126953125 19.642015457153320313 19.647525787353515625 19.653036117553710938 19.65854644775390625 19.664058685302734375 19.669607162475585938 19.675195693969726563 19.680784225463867188 19.686372756958007813 19.691961288452148438 19.697549819946289063 19.7028350830078125 19.70781707763671875 19.712800979614257813 19.717782974243164063 19.722764968872070313 19.727746963500976563 19.732234954833984375 19.736227035522460938 19.740217208862304688 19.74420928955078125 19.748201370239257813 19.752191543579101563
19.530950546264648438 19.534429550170898438 19.537906646728515625 19.541385650634765625 19.546342849731445313 19.552778244018554688 19.559213638305664063 19.565649032592773438 19.572084426879882813 19.578521728515625 19.583753585815429688 19.5877838134765625 19.5918121337890625 19.595842361450195313 19.599870681762695313 19.603900909423828125 19.608470916748046875 19.613580703735351563 19.61869049072265625 19.623800277709960938 19.628910064697265625 19.634019851684570313 19.639369964599609375 19.64495849609375 19.650548934936523438 19.656137466430664063 19.6617279052734375 19.667316436767578125 19.672716140747070313 19.67792510986328125 19.683134078979492188 19.688343048095703125 19.693552017211914063 19.698760986328125 19.703372955322265625 19.707386016845703125 19.711400985717773438 19.71541595458984375 19.71942901611328125 19.723443984985351563
19.501974105834960938 19.505373001098632813 19.508769989013671875 19.51216888427734375 19.517221450805664063 19.523927688598632813 19.530633926391601563 19.5373382568359375 19.54404449462890625 19.550750732421875 19.556100845336914063 19.560098648071289063 19.56409454345703125 19.568090438842773438 19.572086334228515625 19.576084136962890625 19.58043670654296875 19.585145950317382813 19.589855194091796875 19.594564437866210938 19.599271774291992188 19.60398101806640625 19.609130859375 19.614721298217773438 19.620311737060546875 19.625902175903320313 19.63149261474609375 19.637083053588867188 19.642595291137695313 19.648031234741210938 19.653467178344726563 19.658903121948242188 19.664337158203125 19.669773101806640625 19.674509048461914063 19.678546905517578125 19.682584762573242188 19.686620712280273438 19.6906585693359375 19.694696426391601563
19.47277069091796875 19.47617340087890625 19.479574203491210938 19.482975006103515625 19.488084793090820313 19.494903564453125 19.501720428466796875 19.508539199829101563 19.51535797119140625 19.522174835205078125 19.527587890625 19.53159332275390625 19.535600662231445313 19.539606094360351563 19.543611526489257813 19.547618865966796875 19.5518646240234375 19.556352615356445313 19.560838699340820313 19.565326690673828125 19.569814682006835938 19.574300765991210938 19.579301834106445313 19.58481597900390625 19.590330123901367188 19.595846176147460938 19.601360321044921875 19.606874465942382813 19.61240386962890625 19.617946624755859375 19.6234893798828125 19.629032135009765625 19.63457489013671875 19.640117645263671875 19.64498138427734375 19.649168014526367188 19.653352737426757813 19.657537460327148438 19.661722183227539063 19.665906906127929688
19.4433441162109375 19.44683074951171875 19.4503173828125 19.45380401611328125 19.458932876586914063 19.46570587158203125 19.472478866577148438 19.479251861572265625 19.486024856567382813 19.4927978515625 19.498212814331054688 19.502271652221679688 19.506330490112304688 19.510387420654296875 19.514446258544921875 19.518505096435546875 19.522756576538085938 19.527200698852539063 19.531644821166992188 19.536088943481445313 19.54053497314453125 19.544979095458984375 19.5498809814453125 19.555242538452148438 19.560606002807617188 19.565967559814453125 19.571329116821289063 19.576690673828125 19.5821380615234375 19.58766937255859375 19.59320068359375 19.59873199462890625 19.6042633056640625 19.60979461669921875 19.614789962768554688 19.6192474365234375 19.623704910278320313 19.628162384033203125 19.632619857788085938 19.63707733154296875
19.41391754150390625 19.417490005493164063 19.421060562133789063 19.424631118774414063 19.429780960083007813 19.4365081787109375 19.443235397338867188 19.449962615966796875 19.456691741943359375 19.463418960571289063 19.468837738037109375 19.472948074340820313 19.477060317993164063 19.481170654296875 19.485280990600585938 19.489391326904296875 19.493648529052734375 19.498048782348632813 19.502450942993164063 19.506853103637695313 19.51125335693359375 19.515655517578125 19.520460128784179688 19.525671005249023438 19.530879974365234375 19.536088943481445313 19.54129791259765625 19.546506881713867188 19.55187225341796875 19.557392120361328125 19.5629119873046875 19.568431854248046875 19.57395172119140625 19.579471588134765625 19.584596633911132813 19.589326858520507813 19.594057083129882813 19.598787307739257813 19.603515625 19.608245849609375
19.384490966796875 19.388147354125976563 19.391803741455078125 19.395458221435546875 19.400629043579101563 19.40731048583984375 19.41399383544921875 19.420675277709960938 19.427356719970703125 19.434040069580078125 19.439462661743164063 19.44362640380859375 19.447788238525390625 19.451951980590820313 19.45611572265625 19.460279464721679688 19.464540481567382813 19.468898773193359375 19.473257064819335938 19.4776153564453125 19.481973648071289063 19.486331939697265625 19.491041183471679688 19.496097564697265625 19.501153945922851563 19.5062103271484375 19.511266708374023438 19.516323089599609375 19.521604537963867188 19.527112960815429688 19.532621383666992188 19.538129806518554688 19.543638229370117188 19.549146652221679688 19.554403305053710938 19.559406280517578125 19.564409255981445313 19.569410324096679688 19.574413299560546875 19.579416275024414063
19.35506439208984375 19.358804702758789063 19.362546920776367188 19.3662872314453125 19.3714752197265625 19.37811279296875 19.3847503662109375 19.391387939453125 19.398023605346679688 19.404661178588867188 19.41008758544921875 19.414302825927734375 19.41851806640625 19.422735214233398438 19.426950454711914063 19.431165695190429688 19.435430526733398438 19.439746856689453125 19.444063186645507813 19.448377609252929688 19.452693939208984375 19.457010269165039063 19.461620330810546875 19.466524124145507813 19.47142791748046875 19.476331710815429688 19.481235504150390625 19.486139297485351563 19.491338729858398438 19.496835708618164063 19.502332687377929688 19.507829666137695313 19.513326644897460938 19.518823623657226563 19.524209976196289063 19.529485702514648438 19.534759521484375 19.540035247802734375 19.54531097412109375 19.550586700439453125
19.3256378173828125 19.329463958740234375 19.33329010009765625 19.337114334106445313 19.34232330322265625 19.34891510009765625 19.35550689697265625 19.36209869384765625 19.36869049072265625 19.37528228759765625 19.380712509155273438 19.384981155395507813 19.389247894287109375 19.39351654052734375 19.397785186767578125 19.402051925659179688 19.406322479248046875 19.410594940185546875 19.414869308471679688 19.419141769409179688 19.423414230346679688 19.427686691284179688 19.432199478149414063 19.43695068359375 19.441701889038085938 19.446453094482421875 19.451204299926757813 19.45595550537109375 19.461072921752929688 19.466558456420898438 19.472043991088867188 19.477529525756835938 19.483015060424804688 19.488500595092773438 19.494016647338867188 19.49956512451171875 19.5051116943359375 19.510660171508789063 19.516208648681640625 19.521757125854492188
19.296483993530273438 19.30054473876953125 19.304607391357421875 19.3086700439453125 19.31392669677734375 19.320379257202148438 19.326831817626953125 19.333284378051757813 19.3397369384765625 19.346189498901367188 19.35155487060546875 19.355833053588867188 19.360111236572265625 19.364389419555664063 19.3686676025390625 19.372945785522460938 19.377225875854492188 19.381511688232421875 19.38579559326171875 19.390079498291015625 19.394365310668945313 19.398649215698242188 19.403131484985351563 19.40781402587890625 19.412496566772460938 19.417177200317382813 19.4218597412109375 19.426542282104492188 19.431610107421875 19.437067031860351563 19.442522048950195313 19.447978973388671875 19.453435897827148438 19.458890914916992188 19.464429855346679688 19.470048904418945313 19.475667953491210938 19.481287002563476563 19.486907958984375 19.492527008056640625
19.26760101318359375 19.272050857543945313 19.276502609252929688 19.28095245361328125 19.286287307739257813 19.292507171630859375 19.298725128173828125 19.304944992065429688 19.31116485595703125 19.3173828125 19.3226165771484375 19.326862335205078125 19.33110809326171875 19.335353851318359375 19.339599609375 19.343845367431640625 19.348142623901367188 19.3524932861328125 19.356843948364257813 19.361194610595703125 19.365545272827148438 19.36989593505859375 19.374418258666992188 19.379114151000976563 19.383810043334960938 19.388505935668945313 19.393201828002929688 19.397897720336914063 19.402950286865234375 19.408359527587890625 19.413768768310546875 19.419178009033203125 19.424587249755859375 19.429996490478515625 19.43544769287109375 19.440937042236328125 19.4464263916015625 19.451917648315429688 19.457406997680664063 19.46289825439453125
19.238719940185546875 19.243556976318359375 19.248395919799804688 19.25323486328125 19.258646011352539063 19.2646331787109375 19.270618438720703125 19.27660369873046875 19.282590866088867188 19.288576126098632813 19.293676376342773438 19.29788970947265625 19.302103042602539063 19.306316375732421875 19.310529708862304688 19.3147430419921875 19.319059371948242188 19.323474884033203125 19.327892303466796875 19.332307815551757813 19.336725234985351563 19.341142654418945313 19.345705032348632813 19.350414276123046875 19.35512542724609375 19.359834671020507813 19.364543914794921875 19.369253158569335938 19.37429046630859375 19.379652023315429688 19.385015487670898438 19.390378952026367188 19.395740509033203125 19.401103973388671875 19.406465530395507813 19.411825180053710938 19.417186737060546875 19.42254638671875 19.427907943725585938 19.433267593383789063
19.209836959838867188 19.215063095092773438 19.220289230346679688 19.22551727294921875 19.231006622314453125 19.236759185791015625 19.242511749267578125 19.248264312744140625 19.254016876220703125 19.259769439697265625 19.264736175537109375 19.268917083740234375 19.273097991943359375 19.277280807495117188 19.281461715698242188 19.285642623901367188 19.289974212646484375 19.294458389282226563 19.298940658569335938 19.303422927856445313 19.307905197143554688 19.312387466430664063 19.316991806030273438 19.321714401245117188 19.32643890380859375 19.331163406372070313 19.335886001586914063 19.340610504150390625 19.345630645751953125 19.350946426391601563 19.35626220703125 19.361577987670898438 19.366893768310546875 19.372209548950195313 19.377483367919921875 19.38271331787109375 19.387945175170898438 19.393177032470703125 19.398406982421875 19.403638839721679688
19.1809539794921875 19.1865692138671875 19.1921844482421875 19.1977996826171875 19.203365325927734375 19.20888519287109375 19.214405059814453125 19.219923019409179688 19.225442886352539063 19.230962753295898438 19.235795974731445313 19.239946365356445313 19.2440948486328125 19.248243331909179688 19.252393722534179688 19.256542205810546875 19.260890960693359375 19.265439987182617188 19.269989013671875 19.274538040161132813 19.279085159301757813 19.283634185791015625 19.288278579711914063 19.293016433715820313 19.29775238037109375 19.302490234375 19.30722808837890625 19.3119659423828125 19.316968917846679688 19.322238922119140625 19.32750701904296875 19.332777023315429688 19.338047027587890625 19.34331512451171875 19.348501205444335938 19.353603363037109375 19.35870361328125 19.363805770874023438 19.368907928466796875 19.374010086059570313
19.152072906494140625 19.158075332641601563 19.1640777587890625 19.17008209228515625 19.175725936889648438 19.181011199951171875 19.186298370361328125 19.191583633422851563 19.196868896484375 19.20215606689453125 19.20685577392578125 19.210973739624023438 19.215089797973632813 19.219207763671875 19.223323822021484375 19.227441787719726563 19.231807708740234375 19.236421585083007813 19.241037368774414063 19.2456512451171875 19.25026702880859375 19.254880905151367188 19.259565353393554688 19.264316558837890625 19.269067764282226563 19.2738189697265625 19.278570175170898438 19.283321380615234375 19.288309097290039063 19.293531417846679688 19.298753738403320313 19.303976058959960938 19.309198379516601563 19.314420700073242188 19.31951904296875 19.324491500854492188 19.329463958740234375 19.334436416625976563 19.33940887451171875 19.344381332397460938
