data/dp3jan.asc
ncols        384
nrows        480
xllcorner    138.000000000000
yllcorner    -29.000000000000
cellsize     0.041666666667
NODATA_value -9999
[rows 396 to 413 of 480, columns 0 to 39 of 384]
10.334322929382324219 10.335660934448242188 10.337265968322753906 10.339673042297363281 10.339673042297363281 10.339673042297363281 10.337903022766113281 10.334361076354980469 10.330820083618164063 10.327279090881347656 10.323737144470214844 10.320196151733398438 10.320031166076660156 10.323243141174316406 10.32645416259765625 10.3296661376953125 10.33287811279296875 10.336089134216308594 10.343211174011230469 10.354244232177734375 10.365277290344238281 10.376309394836425781 10.387342453002929688 10.398375511169433594 10.416324615478515625 10.441190719604492188 10.466057777404785156 10.490923881530761719 10.515789985656738281 10.540656089782714844 10.575277328491210938 10.61965179443359375 10.664027214050292969 10.708401679992675781 10.752777099609375 10.797152519226074219 10.836859703063964844 10.871899604797363281 10.906939506530761719 10.941979408264160156
10.320113182067871094 10.32091522216796875 10.321718215942382813 10.321718215942382813 10.321718215942382813 10.321718215942382813 10.319827079772949219 10.316044807434082031 10.312262535095214844 10.308480262756347656 10.304697990417480469 10.300915718078613281 10.301095962524414063 10.305238723754882813 10.309381484985351563 10.313524246215820313 10.317666053771972656 10.321808815002441406 10.329740524291992188 10.341462135314941406 10.353182792663574219 10.364903450012207031 10.37662506103515625 10.388345718383789063 10.407374382019042969 10.433711051940917969 10.460046768188476563 10.486383438110351563 10.512719154357910156 10.539055824279785156 10.5780792236328125 10.629791259765625 10.681502342224121094 10.733213424682617188 10.784924507141113281 10.836635589599609375 10.882084846496582031 10.921273231506347656 10.960460662841796875 10.999648094177246094
10.303494453430175781 10.303762435913085938 10.303762435913085938 10.303762435913085938 10.303762435913085938 10.303762435913085938 10.301751136779785156 10.297727584838867188 10.293704986572265625 10.289681434631347656 10.285657882690429688 10.281635284423828125 10.282160758972167969 10.287234306335449219 10.292307853698730469 10.297381401062011719 10.302454948425292969 10.307528495788574219 10.316269874572753906 10.328679084777832031 10.341088294982910156 10.353497505187988281 10.365906715393066406 10.378315925598144531 10.398424148559570313 10.426230430603027344 10.454036712646484375 10.481842994689941406 10.509649276733398438 10.537455558776855469 10.580882072448730469 10.639929771423339844 10.698977470397949219 10.758024215698242188 10.817071914672851563 10.876119613647460938 10.927310943603515625 10.970645904541015625 11.013981819152832031 11.057316780090332031
10.28636932373046875 10.285806655883789063 10.285806655883789063 10.285806655883789063 10.285806655883789063 10.285806655883789063 10.283675193786621094 10.279410362243652344 10.275146484375 10.270882606506347656 10.266618728637695313 10.262354850769042969 10.263225555419921875 10.269229888916015625 10.275234222412109375 10.281239509582519531 10.287243843078613281 10.293248176574707031 10.302799224853515625 10.315896987915039063 10.3289947509765625 10.342091560363769531 10.355189323425292969 10.368287086486816406 10.389473915100097656 10.418749809265136719 10.448025703430175781 10.47730255126953125 10.506578445434570313 10.535855293273925781 10.583684921264648438 10.650068283081054688 10.716451644897460938 10.782835960388183594 10.849219322204589844 10.915602684020996094 10.972536087036132813 11.02001953125 11.067502975463867188 11.114985466003417969
10.271226882934570313 10.26953887939453125 10.267851829528808594 10.267851829528808594 10.267851829528808594 10.267851829528808594 10.265599250793457031 10.261094093322753906 10.256588935852050781 10.252083778381347656 10.247579574584960938 10.243074417114257813 10.244289398193359375 10.251225471496582031 10.258161544799804688 10.265096664428710938 10.272032737731933594 10.278967857360839844 10.289328575134277344 10.303114891052246094 10.316900253295898438 10.330685615539550781 10.344471931457519531 10.358257293701171875 10.380523681640625 10.411269187927246094 10.442015647888183594 10.472762107849121094 10.503508567810058594 10.534254074096679688 10.586487770080566406 10.660207748413085938 10.733926773071289063 10.807646751403808594 10.881366729736328125 10.955086708068847656 11.017762184143066406 11.069393157958984375 11.121024131774902344 11.172655105590820313
10.26114654541015625 10.258334159851074219 10.2549591064453125 10.249896049499511719 10.249896049499511719 10.249896049499511719 10.247523307800292969 10.242776870727539063 10.238031387329101563 10.233285903930664063 10.228539466857910156 10.223793983459472656 10.225354194641113281 10.233221054077148438 10.241087913513183594 10.24895477294921875 10.256821632385253906 10.264687538146972656 10.275857925415039063 10.290331840515136719 10.304805755615234375 10.319279670715332031 10.333753585815429688 10.348227500915527344 10.371572494506835938 10.403789520263671875 10.436005592346191406 10.468221664428710938 10.500437736511230469 10.53265380859375 10.589289665222167969 10.670346260070800781 10.751401901245117188 10.83245849609375 10.913514137268066406 10.994569778442382813 11.062987327575683594 11.118765830993652344 11.1745452880859375 11.23032379150390625
10.258379936218261719 10.255566596984863281 10.252191543579101563 10.247128486633300781 10.247128486633300781 10.247128486633300781 10.24335479736328125 10.235808372497558594 10.228260993957519531 10.220713615417480469 10.213167190551757813 10.20561981201171875 10.205950736999511719 10.214159011840820313 10.222368240356445313 10.230576515197753906 10.238785743713378906 10.2469940185546875 10.258713722229003906 10.273944854736328125 10.289175987243652344 10.304407119750976563 10.319637298583984375 10.334868431091308594 10.35929107666015625 10.39290618896484375 10.426520347595214844 10.460135459899902344 10.493749618530273438 10.527364730834960938 10.5842742919921875 10.664480209350585938 10.744687080383300781 10.824892997741699219 10.905098915100097656 10.985304832458496094 11.050537109375 11.100794792175292969 11.151052474975585938 11.201310157775878906
10.262925148010253906 10.26123809814453125 10.259550094604492188 10.259550094604492188 10.259550094604492188 10.259550094604492188 10.253095626831054688 10.240186691284179688 10.227277755737304688 10.214369773864746094 10.201460838317871094 10.188551902770996094 10.186078071594238281 10.194040298461914063 10.202001571655273438 10.209962844848632813 10.217925071716308594 10.225886344909667969 10.237895011901855469 10.2539520263671875 10.270009040832519531 10.286066055297851563 10.302123069763183594 10.318180084228515625 10.343678474426269531 10.378620147705078125 10.413561820983886719 10.448502540588378906 10.4834442138671875 10.518384933471679688 10.571440696716308594 10.642610549926757813 10.713780403137207031 10.78495025634765625 10.856120109558105469 10.927289962768554688 10.980409622192382813 11.015478134155273438 11.050545692443847656 11.085614204406738281
10.272534370422363281 10.271971702575683594 10.271971702575683594 10.271971702575683594 10.271971702575683594 10.271971702575683594 10.262836456298828125 10.244565963745117188 10.22629547119140625 10.208024978637695313 10.189754486083984375 10.171483993530273438 10.16620635986328125 10.173920631408691406 10.181634902954101563 10.189349174499511719 10.197064399719238281 10.204778671264648438 10.217077255249023438 10.233960151672363281 10.250842094421386719 10.267724990844726563 10.284607887268066406 10.30149078369140625 10.328065872192382813 10.3643341064453125 10.400602340698242188 10.436870574951171875 10.473138809204101563 10.509406089782714844 10.558607101440429688 10.620740890502929688 10.682874679565429688 10.745008468627929688 10.807142257690429688 10.869276046752929688 10.910282135009765625 10.9301605224609375 10.950039863586425781 10.969918251037597656
10.283837318420410156 10.284392356872558594 10.284392356872558594 10.284392356872558594 10.284392356872558594 10.284392356872558594 10.272576332092285156 10.248944282531738281 10.225312232971191406 10.201680183410644531 10.178048133850097656 10.154416084289550781 10.146333694458007813 10.15380096435546875 10.161268234252929688 10.168735504150390625 10.176203727722167969 10.183670997619628906 10.196258544921875 10.213967323303222656 10.231676101684570313 10.249384880065917969 10.267092704772949219 10.284801483154296875 10.312453269958496094 10.350048065185546875 10.387642860412597656 10.425237655639648438 10.462832450866699219 10.50042724609375 10.545773506164550781 10.598871231079101563 10.651968955993652344 10.705065727233886719 10.7581634521484375 10.811261177062988281 10.840154647827148438 10.844843864440917969 10.8495330810546875 10.854223251342773438
10.293483734130859375 10.295148849487304688 10.29681396484375 10.29681396484375 10.29681396484375 10.29681396484375 10.282317161560058594 10.253323554992675781 10.224329948425292969 10.19533538818359375 10.166341781616210938 10.137348175048828125 10.126461982727050781 10.1336822509765625 10.140902519226074219 10.148122787475585938 10.155343055725097656 10.162563323974609375 10.175439834594726563 10.193974494934082031 10.2125091552734375 10.231043815612792969 10.249578475952148438 10.268113136291503906 10.296840667724609375 10.33576202392578125 10.374684333801269531 10.413605690002441406 10.452527046203613281 10.491448402404785156 10.532939910888671875 10.577001571655273438 10.621062278747558594 10.665123939514160156 10.709185600280761719 10.753246307373046875 10.77002716064453125 10.759527206420898438 10.749027252197265625 10.738527297973632813
10.29813385009765625 10.300909042358398438 10.304239273071289063 10.309235572814941406 10.309235572814941406 10.309235572814941406 10.292057991027832031 10.257701873779296875 10.223346710205078125 10.188991546630859375 10.154635429382324219 10.120280265808105469 10.106589317321777344 10.113562583923339844 10.120535850524902344 10.127509117126464844 10.134482383728027344 10.141454696655273438 10.154622077941894531 10.173982620239257813 10.193342208862304688 10.212702751159667969 10.23206329345703125 10.251423835754394531 10.281228065490722656 10.321475982666015625 10.361724853515625 10.401972770690917969 10.442221641540527344 10.482469558715820313 10.520106315612792969 10.555131912231445313 10.59015655517578125 10.625182151794433594 10.660206794738769531 10.695232391357421875 10.699899673461914063 10.674210548400878906 10.648520469665527344 10.622831344604492188
10.295568466186523438 10.298343658447265625 10.30167388916015625 10.306669235229492188 10.306669235229492188 10.306669235229492188 10.288465499877929688 10.252058029174804688 10.215650558471679688 10.179243087768554688 10.142835617065429688 10.106428146362304688 10.091648101806640625 10.0984954833984375 10.105342864990234375 10.11219024658203125 10.119037628173828125 10.125885009765625 10.139596939086914063 10.160173416137695313 10.180750846862792969 10.201327323913574219 10.221903800964355469 10.242481231689453125 10.274034500122070313 10.316563606262207031 10.35909271240234375 10.401622772216796875 10.444151878356933594 10.486681938171386719 10.525241851806640625 10.559832572937011719 10.594423294067382813 10.629014015197753906 10.663604736328125 10.6981964111328125 10.697021484375 10.660080909729003906 10.623139381408691406 10.586198806762695313
10.285786628723144531 10.287451744079589844 10.289116859436035156 10.289116859436035156 10.289116859436035156 10.289116859436035156 10.271541595458984375 10.236392021179199219 10.201242446899414063 10.1660919189453125 10.130942344665527344 10.095791816711425781 10.081638336181640625 10.088480949401855469 10.095323562622070313 10.102166175842285156 10.1090087890625 10.115851402282714844 10.130364418029785156 10.152548789978027344 10.174732208251953125 10.196916580200195313 10.219099998474121094 10.241284370422363281 10.275259017944335938 10.321023941040039063 10.366788864135742188 10.412554740905761719 10.458319664001464844 10.504085540771484375 10.548346519470214844 10.591105461120605469 10.633863449096679688 10.676621437072753906 10.719379425048828125 10.76213836669921875 10.76139068603515625 10.717137336730957031 10.672883987426757813 10.628630638122558594
10.271009445190429688 10.271564483642578125 10.271564483642578125 10.271564483642578125 10.271564483642578125 10.271564483642578125 10.254617691040039063 10.22072601318359375 10.186833381652832031 10.152940750122070313 10.119048118591308594 10.085156440734863281 10.071628570556640625 10.078466415405273438 10.085305213928222656 10.092143058776855469 10.098980903625488281 10.105818748474121094 10.121132850646972656 10.144924163818359375 10.168714523315429688 10.192505836486816406 10.216296195983886719 10.240087509155273438 10.276483535766601563 10.325484275817871094 10.374485015869140625 10.423486709594726563 10.472487449645996094 10.521488189697265625 10.571452140808105469 10.622377395629882813 10.673302650451660156 10.724228858947753906 10.77515411376953125 10.826080322265625 10.8257598876953125 10.774194717407226563 10.722628593444824219 10.671063423156738281
10.254384994506835938 10.254011154174804688 10.254011154174804688 10.254011154174804688 10.254011154174804688 10.254011154174804688 10.23769378662109375 10.205059051513671875 10.17242431640625 10.139789581298828125 10.10715484619140625 10.074520111083984375 10.061618804931640625 10.068452835083007813 10.075285911560058594 10.082118988037109375 10.088952064514160156 10.095785140991210938 10.111901283264160156 10.137299537658691406 10.16269683837890625 10.1880950927734375 10.213492393493652344 10.238890647888183594 10.277708053588867188 10.329944610595703125 10.382181167602539063 10.434418678283691406 10.486655235290527344 10.538891792297363281 10.594556808471679688 10.653649330139160156 10.712742805480957031 10.771836280822753906 10.830928802490234375 10.89002227783203125 10.89012908935546875 10.831251144409179688 10.772373199462890625 10.713495254516601563
10.238699913024902344 10.237579345703125 10.236458778381347656 10.236458778381347656 10.236458778381347656 10.236458778381347656 10.220769882202148438 10.189393043518066406 10.158015251159667969 10.126638412475585938 10.0952606201171875 10.063883781433105469 10.051609039306640625 10.058438301086425781 10.065266609191894531 10.072094917297363281 10.078924179077148438 10.085752487182617188 10.102669715881347656 10.129673957824707031 10.156679153442382813 10.183684349060058594 10.210688591003417969 10.23769378662109375 10.278932571411132813 10.334404945373535156 10.3898773193359375 10.445349693298339844 10.500823020935058594 10.556295394897460938 10.617661476135253906 10.684922218322753906 10.752182960510253906 10.8194427490234375 10.8867034912109375 10.9539642333984375 10.954499244689941406 10.888308525085449219 10.822117805480957031 10.755927085876464844
10.226375579833984375 10.224508285522460938 10.22226715087890625 10.218906402587890625 10.218906402587890625 10.218906402587890625 10.203845977783203125 10.173726081848144531 10.143607139587402344 10.11348724365234375 10.083367347717285156 10.053247451782226563 10.041599273681640625 10.04842376708984375 10.055247306823730469 10.062071800231933594 10.068895339965820313 10.075719833374023438 10.09343719482421875 10.122049331665039063 10.150661468505859375 10.179273605346679688 10.207884788513183594 10.236496925354003906 10.280157089233398438 10.338865280151367188 10.397573471069335938 10.456281661987304688 10.514989852905273438 10.573698043823242188 10.640766143798828125 10.71619415283203125 10.791622161865234375 10.8670501708984375 10.942478179931640625 11.01790618896484375 11.018868446350097656 10.945364952087402344 10.871861457824707031 10.798358917236328125
