data/dp3jan.asc
ncols        384
nrows        480
xllcorner    138.000000000000
yllcorner    -29.000000000000
cellsize     0.041666666667
NODATA_value -9999
[rows 378 to 395 of 480, columns 200 to 239 of 384]
14.9573974609375 14.926653861999511719 14.895910263061523438 14.865166664123535156 14.870618820190429688 14.912266731262207031 14.953914642333984375 14.995563507080078125 15.037211418151855469 15.078859329223632813 15.153959274291992188 15.262510299682617188 15.371061325073242188 15.479612350463867188 15.588164329528808594 15.696715354919433594 15.75220489501953125 15.754633903503417969 15.757061958312988281 15.759490966796875 15.761919021606445313 15.764348030090332031 15.765101432800292969 15.764179229736328125 15.763257980346679688 15.762335777282714844 15.761414527893066406 15.760492324829101563 15.75090789794921875 15.732659339904785156 15.714410781860351563 15.696162223815917969 15.677913665771484375 15.659665107727050781 15.662949562072753906 15.68776702880859375 15.71258544921875 15.73740386962890625 15.762221336364746094 15.787039756774902344
14.938029289245605469 14.907298088073730469 14.876566886901855469 14.845835685729980469 14.848051071166992188 14.883213043212890625 14.918375968933105469 14.953537940979003906 14.988699913024902344 15.023862838745117188 15.0940704345703125 15.199324607849121094 15.304578781127929688 15.409832000732421875 15.515086174011230469 15.620340347290039063 15.672677993774414063 15.672098159790039063 15.671519279479980469 15.670940399169921875 15.670360565185546875 15.669781684875488281 15.6683807373046875 15.666157722473144531 15.663934707641601563 15.661711692810058594 15.659488677978515625 15.657265663146972656 15.647032737731933594 15.628789901733398438 15.610548019409179688 15.592305183410644531 15.574062347412109375 15.555819511413574219 15.560738563537597656 15.588819503784179688 15.616899490356445313 15.644979476928710938 15.673060417175292969 15.701140403747558594
14.918661117553710938 14.887942314147949219 14.8572235107421875 14.826504707336425781 14.825483322143554688 14.854160308837890625 14.882836341857910156 14.911512374877929688 14.940189361572265625 14.968865394592285156 15.034182548522949219 15.136138916015625 15.238095283508300781 15.340051651000976563 15.44200897216796875 15.543965339660644531 15.593150138854980469 15.589563369750976563 15.585976600646972656 15.58238983154296875 15.578803062438964844 15.575216293334960938 15.571660041809082031 15.568136215209960938 15.564611434936523438 15.561087608337402344 15.557562828063964844 15.55403900146484375 15.543158531188964844 15.524921417236328125 15.506685256958007813 15.488448143005371094 15.470211982727050781 15.451974868774414063 15.458528518676757813 15.489871025085449219 15.521213531494140625 15.552556037902832031 15.583899497985839844 15.61524200439453125
14.899292945861816406 14.868586540222167969 14.837880134582519531 14.807173728942871094 14.802916526794433594 14.825106620788574219 14.847296714782714844 14.869487762451171875 14.8916778564453125 14.913868904113769531 14.974293708801269531 15.072953224182128906 15.171611785888671875 15.27027130126953125 15.368930816650390625 15.46759033203125 15.513622283935546875 15.507027626037597656 15.500433921813964844 15.493839263916015625 15.487244606018066406 15.480649948120117188 15.474940299987792969 15.470114707946777344 15.465289115905761719 15.460462570190429688 15.455636978149414063 15.450811386108398438 15.439283370971679688 15.421052932739257813 15.402822494506835938 15.384591102600097656 15.366360664367675781 15.348130226135253906 15.356317520141601563 15.39092254638671875 15.425527572631835938 15.460132598876953125 15.494737625122070313 15.5293426513671875
14.879924774169921875 14.849230766296386719 14.818536758422851563 14.787842750549316406 14.780348777770996094 14.796052932739257813 14.811758041381835938 14.827462196350097656 14.843167304992675781 14.8588714599609375 14.914404869079589844 15.009767532348632813 15.105129241943359375 15.200490951538085938 15.2958526611328125 15.391215324401855469 15.434094429016113281 15.424492835998535156 15.414890289306640625 15.4052886962890625 15.395686149597167969 15.386084556579589844 15.3782196044921875 15.37209320068359375 15.365965843200683594 15.359838485717773438 15.353712081909179688 15.347584724426269531 15.335409164428710938 15.3171844482421875 15.298959732055664063 15.280735015869140625 15.262510299682617188 15.24428558349609375 15.254106521606445313 15.291974067687988281 15.32984161376953125 15.367709159851074219 15.405576705932617188 15.443444252014160156
14.860556602478027344 14.829874992370605469 14.799193382263183594 14.768512725830078125 14.757781028747558594 14.767000198364257813 14.776218414306640625 14.785437583923339844 14.794655799865722656 14.803874969482421875 14.854516983032226563 14.946581840515136719 15.038645744323730469 15.130710601806640625 15.222775459289550781 15.314840316772460938 15.354567527770996094 15.34195709228515625 15.329347610473632813 15.316738128662109375 15.304128646850585938 15.291518211364746094 15.281499862670898438 15.27407073974609375 15.266642570495605469 15.259214401245117188 15.251786231994628906 15.244357109069824219 15.231534004211425781 15.213315010070800781 15.195096969604492188 15.176877975463867188 15.158658981323242188 15.140440940856933594 15.151896476745605469 15.193026542663574219 15.234155654907226563 15.275285720825195313 15.316415786743164063 15.357545852661132813
14.838389396667480469 14.808422088623046875 14.778454780578613281 14.748486518859863281 14.736448287963867188 14.742338180541992188 14.748229026794433594 14.754118919372558594 14.760008811950683594 14.765899658203125 14.8134765625 14.902739524841308594 14.992003440856933594 15.081266403198242188 15.170530319213867188 15.259793281555175781 15.296527862548828125 15.280732154846191406 15.264937400817871094 15.249142646789550781 15.233347892761230469 15.217553138732910156 15.206453323364257813 15.200049400329589844 15.193645477294921875 15.187241554260253906 15.180837631225585938 15.174433708190917969 15.163930892944335938 15.149328231811523438 15.134725570678710938 15.120123863220214844 15.105521202087402344 15.09091949462890625 15.105031967163085938 15.147861480712890625 15.190690040588378906 15.233518600463867188 15.276347160339355469 15.319176673889160156
14.813422203063964844 14.784871101379394531 14.756319046020507813 14.727766990661621094 14.716350555419921875 14.722069740295410156 14.727787971496582031 14.733507156372070313 14.739226341247558594 14.744945526123046875 14.791283607482910156 14.87824249267578125 14.965200424194335938 15.052158355712890625 15.139117240905761719 15.226075172424316406 15.259975433349609375 15.240818023681640625 15.221660614013671875 15.202502250671386719 15.183344841003417969 15.164186477661132813 15.153080940246582031 15.150027275085449219 15.146973609924316406 15.1439208984375 15.140867233276367188 15.137813568115234375 15.132598876953125 15.125223159790039063 15.117847442626953125 15.110471725463867188 15.10309600830078125 15.095720291137695313 15.113514900207519531 15.1564788818359375 15.199443817138671875 15.242407798767089844 15.285371780395507813 15.328336715698242188
14.788455963134765625 14.761319160461425781 14.734183311462402344 14.7070465087890625 14.696252822875976563 14.701800346374511719 14.707347869873046875 14.712895393371582031 14.718442916870117188 14.723990440368652344 14.769091606140136719 14.8537445068359375 14.938397407531738281 15.023051261901855469 15.10770416259765625 15.192357063293457031 15.223423957824707031 15.200902938842773438 15.17838287353515625 15.155861854553222656 15.133341789245605469 15.110820770263671875 15.099709510803222656 15.100006103515625 15.100302696228027344 15.100599288940429688 15.100895881652832031 15.101192474365234375 15.101266860961914063 15.101118087768554688 15.100968360900878906 15.100819587707519531 15.100670814514160156 15.100522041320800781 15.121997833251953125 15.165097236633300781 15.208197593688964844 15.2512969970703125 15.294397354125976563 15.337496757507324219
14.76348876953125 14.737768173217773438 14.712047576904296875 14.686326980590820313 14.67615509033203125 14.681530952453613281 14.686907768249511719 14.69228363037109375 14.697660446166992188 14.703036308288574219 14.746898651123046875 14.82924652099609375 14.911595344543457031 14.993943214416503906 15.076291084289550781 15.158639907836914063 15.186872482299804688 15.160988807678222656 15.135105133056640625 15.109222412109375 15.083338737487792969 15.057455062866210938 15.046337127685546875 15.049983978271484375 15.053630828857421875 15.057278633117675781 15.060925483703613281 15.064572334289550781 15.069934844970703125 15.077012062072753906 15.084090232849121094 15.091167449951171875 15.098245620727539063 15.105322837829589844 15.130479812622070313 15.173715591430664063 15.216950416564941406 15.260186195373535156 15.303421974182128906 15.34665679931640625
14.738522529602050781 14.714217185974121094 14.689911842346191406 14.665606498718261719 14.656056404113769531 14.661261558532714844 14.666466712951660156 14.671671867370605469 14.676877021789550781 14.682082176208496094 14.724706649780273438 14.804749488830566406 14.884792327880859375 14.964835166931152344 15.044878959655761719 15.124921798706054688 15.150320053100585938 15.121073722839355469 15.091828346252441406 15.062582015991210938 15.033335685729980469 15.00408935546875 14.992964744567871094 14.999962806701660156 15.006959915161132813 15.013957023620605469 15.020954132080078125 15.027952194213867188 15.038602828979492188 15.052906990051269531 15.067211151123046875 15.081516265869140625 15.095820426940917969 15.110124588012695313 15.138962745666503906 15.182332992553710938 15.225704193115234375 15.269075393676757813 15.31244659423828125 15.355817794799804688
14.713555335998535156 14.69066619873046875 14.667776107788085938 14.644886970520019531 14.635958671569824219 14.640993118286132813 14.646026611328125 14.651060104370117188 14.656094551086425781 14.661128044128417969 14.702513694763183594 14.780251502990722656 14.857989311218261719 14.935728073120117188 15.01346588134765625 15.091203689575195313 15.113768577575683594 15.081159591674804688 15.048550605773925781 15.015941619873046875 14.983332633972167969 14.950723648071289063 14.939593315124511719 14.949940681457519531 14.960288047790527344 14.970636367797851563 14.980983734130859375 14.991331100463867188 15.00727081298828125 15.028801918029785156 15.050333023071289063 15.071864128112792969 15.093395233154296875 15.114926338195800781 15.147444725036621094 15.190951347351074219 15.234457969665527344 15.277964591979980469 15.321471214294433594 15.364977836608886719
14.691748619079589844 14.669693946838378906 14.647639274597167969 14.625583648681640625 14.616586685180664063 14.620647430419921875 14.624708175659179688 14.6287689208984375 14.632829666137695313 14.636890411376953125 14.676978111267089844 14.753093719482421875 14.8292083740234375 14.905323982238769531 14.981439590454101563 15.057554244995117188 15.079988479614257813 15.048740386962890625 15.017492294311523438 14.986245155334472656 14.954997062683105469 14.923748970031738281 14.914559364318847656 14.92742919921875 14.940298080444335938 14.953166961669921875 14.966035842895507813 14.978905677795410156 14.998064994812011719 15.023516654968261719 15.048967361450195313 15.074419021606445313 15.099869728088378906 15.125321388244628906 15.159254074096679688 15.20166778564453125 15.244082450866699219 15.286496162414550781 15.32891082763671875 15.371325492858886719
14.673101425170898438 14.651300430297851563 14.629499435424804688 14.607698440551757813 14.597940444946289063 14.600226402282714844 14.602511405944824219 14.60479736328125 14.607083320617675781 14.609368324279785156 14.648098945617675781 14.72327423095703125 14.798449516296386719 14.873623847961425781 14.94879913330078125 15.023974418640136719 15.048980712890625 15.023818016052246094 14.998654365539550781 14.973491668701171875 14.948328971862792969 14.923165321350097656 14.917864799499511719 14.93242645263671875 14.946988105773925781 14.961550712585449219 14.97611236572265625 14.990674018859863281 15.010987281799316406 15.037051200866699219 15.063116073608398438 15.08917999267578125 15.115244865417480469 15.141308784484863281 15.174388885498046875 15.214483261108398438 15.254576683044433594 15.294671058654785156 15.334765434265136719 15.374859809875488281
14.654454231262207031 14.632906913757324219 14.611359596252441406 14.589813232421875 14.579294204711914063 14.579805374145507813 14.580315589904785156 14.5808258056640625 14.58133697509765625 14.581847190856933594 14.619219779968261719 14.693454742431640625 14.767689704895019531 14.841924667358398438 14.916159629821777344 14.99039459228515625 15.017972946166992188 14.998894691467285156 14.979816436767578125 14.960738182067871094 14.941659927368164063 14.922582626342773438 14.921170234680175781 14.937424659729003906 14.953679084777832031 14.969933509826660156 14.986187934875488281 15.002442359924316406 15.023908615112304688 15.050585746765136719 15.077263832092285156 15.103941917419433594 15.130620002746582031 15.157297134399414063 15.189523696899414063 15.227297782897949219 15.265071868896484375 15.302845954895019531 15.340620040893554688 15.378394126892089844
14.635807037353515625 14.614513397216796875 14.593220710754394531 14.571927070617675781 14.560647964477539063 14.559383392333984375 14.558118820190429688 14.556854248046875 14.555589675903320313 14.554325103759765625 14.590340614318847656 14.66363525390625 14.736929893493652344 14.810224533081054688 14.883519172668457031 14.956813812255859375 14.986965179443359375 14.973971366882324219 14.960978507995605469 14.947985649108886719 14.934991836547851563 14.921998977661132813 14.924475669860839844 14.942422866821289063 14.960370063781738281 14.978316307067871094 14.996263504028320313 15.014210700988769531 15.036829948425292969 15.064121246337890625 15.091412544250488281 15.118702888488769531 15.145994186401367188 15.173285484313964844 15.20465850830078125 15.2401123046875 15.27556610107421875 15.311020851135253906 15.346474647521972656 15.381928443908691406
14.617159843444824219 14.596119880676269531 14.57508087158203125 14.554041862487792969 14.542001724243164063 14.538962364196777344 14.535923004150390625 14.532883644104003906 14.529843330383300781 14.526803970336914063 14.561461448669433594 14.633815765380859375 14.706170082092285156 14.778525352478027344 14.850879669189453125 14.923233985900878906 14.955957412719726563 14.949048995971679688 14.942140579223632813 14.935232162475585938 14.928323745727539063 14.921415328979492188 14.927781105041503906 14.947421073913574219 14.967060089111328125 14.986700057983398438 15.006339073181152344 15.025979042053222656 15.04975128173828125 15.077655792236328125 15.105560302734375 15.133464813232421875 15.16136932373046875 15.189273834228515625 15.219793319702148438 15.252927780151367188 15.286061286926269531 15.319195747375488281 15.352329254150390625 15.385463714599609375
14.598512649536132813 14.577726364135742188 14.556941032409667969 14.53615570068359375 14.523355484008789063 14.518541336059570313 14.513726234436035156 14.508912086486816406 14.50409698486328125 14.4992828369140625 14.532582283020019531 14.60399627685546875 14.675411224365234375 14.746825218200683594 14.818239212036132813 14.889654159545898438 14.924948692321777344 14.92412567138671875 14.923302650451660156 14.922478675842285156 14.921655654907226563 14.920831680297851563 14.931086540222167969 14.952418327331542969 14.973751068115234375 14.995082855224609375 15.016415596008300781 15.037747383117675781 15.062672615051269531 15.091190338134765625 15.119708061218261719 15.148226737976074219 15.176744461059570313 15.205262184143066406 15.234928131103515625 15.265742301940917969 15.296556472778320313 15.32736968994140625 15.358183860778808594 15.388998031616210938
