data/dp3jan.asc
ncols        384
nrows        480
xllcorner    138.000000000000
yllcorner    -29.000000000000
cellsize     0.041666666667
NODATA_value -9999
[rows 234 to 251 of 480, columns 120 to 159 of 384]
19.810213088989257813 19.774713516235351563 19.739213943481445313 19.70371246337890625 19.668212890625 19.63271331787109375 19.591379165649414063 19.54421234130859375 19.497045516967773438 19.449878692626953125 19.402711868286132813 19.3555450439453125 19.296712875366210938 19.226213455200195313 19.1557159423828125 19.085218429565429688 19.014719009399414063 18.94422149658203125 18.90140533447265625 18.886270523071289063 18.871137619018554688 18.8560028076171875 18.840869903564453125 18.825735092163085938 18.839336395263671875 18.881671905517578125 18.924007415771484375 18.966342926025390625 19.008680343627929688 19.051015853881835938 19.08654022216796875 19.11525726318359375 19.143972396850585938 19.172687530517578125 19.201402664184570313 19.230119705200195313 19.255079269409179688 19.27628326416015625 19.297487258911132813 19.318691253662109375
19.732456207275390625 19.6957550048828125 19.659055709838867188 19.622354507446289063 19.58565521240234375 19.548954010009765625 19.507772445678710938 19.462108612060546875 19.416444778442382813 19.370782852172851563 19.3251190185546875 19.279455184936523438 19.22264862060546875 19.154697418212890625 19.086748123168945313 19.018796920776367188 18.950845718383789063 18.882894515991210938 18.841009140014648438 18.825185775756835938 18.80936431884765625 18.79354095458984375 18.777719497680664063 18.761896133422851563 18.774862289428710938 18.816614151000976563 18.858367919921875 18.900119781494140625 18.941873550415039063 18.983625411987304688 19.0216217041015625 19.0558624267578125 19.0901031494140625 19.124341964721679688 19.158582687377929688 19.192823410034179688 19.223501205444335938 19.25061798095703125 19.277734756469726563 19.304851531982421875
19.654697418212890625 19.616796493530273438 19.578897476196289063 19.540996551513671875 19.503095626831054688 19.4651947021484375 19.424165725708007813 19.3800048828125 19.335845947265625 19.291685104370117188 19.247526168823242188 19.203367233276367188 19.148584365844726563 19.083181381225585938 19.017778396606445313 18.952375411987304688 18.886972427368164063 18.821569442749023438 18.780612945556640625 18.764101028442382813 18.747591018676757813 18.7310791015625 18.714569091796875 18.698057174682617188 18.710386276245117188 18.751556396484375 18.792726516723632813 18.833896636962890625 18.875066757202148438 18.91623687744140625 18.95670318603515625 18.99646759033203125 19.03623199462890625 19.075998306274414063 19.115762710571289063 19.155527114868164063 19.191923141479492188 19.22495269775390625 19.257982254028320313 19.291011810302734375
19.576938629150390625 19.537837982177734375 19.498737335205078125 19.459636688232421875 19.420536041259765625 19.381435394287109375 19.340557098388671875 19.297901153564453125 19.255245208740234375 19.212589263916015625 19.169933319091796875 19.127277374267578125 19.074522018432617188 19.01166534423828125 18.948810577392578125 18.885955810546875 18.823099136352539063 18.760244369506835938 18.720216751098632813 18.703016281127929688 18.685817718505859375 18.66861724853515625 18.651418685913085938 18.634218215942382813 18.64591217041015625 18.686498641967773438 18.727085113525390625 18.767673492431640625 18.808259963989257813 18.848846435546875 18.89178466796875 18.937074661254882813 18.982362747192382813 19.027652740478515625 19.072940826416015625 19.118230819702148438 19.16034698486328125 19.19928741455078125 19.238229751586914063 19.277172088623046875
19.499181747436523438 19.458881378173828125 19.4185791015625 19.378278732299804688 19.337978363037109375 19.29767608642578125 19.25695037841796875 19.21579742431640625 19.17464447021484375 19.13349151611328125 19.092340469360351563 19.051187515258789063 19.000457763671875 18.940149307250976563 18.879842758178710938 18.8195343017578125 18.759225845336914063 18.698919296264648438 18.659820556640625 18.641933441162109375 18.624044418334960938 18.6061553955078125 18.588268280029296875 18.570379257202148438 18.581438064575195313 18.621440887451171875 18.66144561767578125 18.701448440551757813 18.741453170776367188 18.781457901000976563 18.82686614990234375 18.877679824829101563 18.928493499755859375 18.979307174682617188 19.030120849609375 19.080934524536132813 19.1287689208984375 19.173624038696289063 19.218477249145507813 19.263332366943359375
19.421422958374023438 19.379922866821289063 19.338420867919921875 19.2969207763671875 19.255418777465820313 19.213918685913085938 19.173343658447265625 19.133693695068359375 19.094045639038085938 19.054395675659179688 19.01474761962890625 18.97509765625 18.926393508911132813 18.868633270263671875 18.810873031616210938 18.75311279296875 18.695352554321289063 18.637594223022460938 18.599424362182617188 18.58084869384765625 18.5622711181640625 18.54369354248046875 18.525117874145507813 18.506540298461914063 18.516962051391601563 18.556383132934570313 18.595804214477539063 18.635225296020507813 18.674646377563476563 18.714067459106445313 18.7619476318359375 18.818284988403320313 18.874624252319335938 18.93096160888671875 18.987300872802734375 19.043638229370117188 19.09719085693359375 19.147958755493164063 19.198724746704101563 19.249492645263671875
19.355844497680664063 19.311885833740234375 19.267927169799804688 19.223968505859375 19.180009841918945313 19.136049270629882813 19.093900680541992188 19.053562164306640625 19.01322174072265625 18.972881317138671875 18.932542800903320313 18.892202377319335938 18.844472885131835938 18.789350509643554688 18.73423004150390625 18.679107666015625 18.623987197875976563 18.568866729736328125 18.531322479248046875 18.511358261108398438 18.49139404296875 18.471429824829101563 18.451465606689453125 18.431501388549804688 18.440954208374023438 18.479824066162109375 18.518695831298828125 18.557565689086914063 18.596437454223632813 18.63530731201171875 18.685028076171875 18.745595932006835938 18.806165695190429688 18.866733551025390625 18.927303314208984375 18.987871170043945313 19.045839309692382813 19.101207733154296875 19.156576156616210938 19.211944580078125
19.302446365356445313 19.254772186279296875 19.207098007202148438 19.159421920776367188 19.11174774169921875 19.064073562622070313 19.018625259399414063 18.975400924682617188 18.9321746826171875 18.888950347900390625 18.84572601318359375 18.802501678466796875 18.754693984985351563 18.702302932739257813 18.64990997314453125 18.5975189208984375 18.54512786865234375 18.49273681640625 18.455514907836914063 18.43346405029296875 18.411413192749023438 18.389362335205078125 18.367311477661132813 18.345258712768554688 18.353410720825195313 18.391763687133789063 18.430118560791015625 18.468471527099609375 18.506824493408203125 18.545179367065429688 18.59610748291015625 18.659612655639648438 18.723117828369140625 18.786623001098632813 18.850128173828125 18.913633346557617188 18.9747161865234375 19.033372879028320313 19.092031478881835938 19.15068817138671875
19.24904632568359375 19.197656631469726563 19.146266937255859375 19.094877243041992188 19.043487548828125 18.992097854614257813 18.943347930908203125 18.89723968505859375 18.851129531860351563 18.805019378662109375 18.758909225463867188 18.712800979614257813 18.664915084838867188 18.615253448486328125 18.565591812133789063 18.51593017578125 18.466268539428710938 18.416606903076171875 18.37970733642578125 18.355569839477539063 18.331432342529296875 18.307294845581054688 18.283155441284179688 18.2590179443359375 18.265867233276367188 18.30370330810546875 18.341539382934570313 18.379375457763671875 18.41721343994140625 18.455049514770507813 18.507188796997070313 18.573629379272460938 18.640071868896484375 18.706512451171875 18.772954940795898438 18.839395523071289063 18.903591156005859375 18.96553802490234375 19.027484893798828125 19.089433670043945313
19.195648193359375 19.140542984008789063 19.085437774658203125 19.030332565307617188 18.97522735595703125 18.920122146606445313 18.868072509765625 18.819078445434570313 18.770082473754882813 18.721088409423828125 18.672094345092773438 18.623098373413085938 18.575136184692382813 18.528203964233398438 18.481273651123046875 18.4343414306640625 18.387409210205078125 18.340478897094726563 18.303899765014648438 18.277675628662109375 18.251451492309570313 18.22522735595703125 18.199001312255859375 18.172777175903320313 18.178323745727539063 18.215642929077148438 18.252962112426757813 18.290281295776367188 18.327600479125976563 18.364919662475585938 18.418268203735351563 18.487646102905273438 18.557024002075195313 18.626401901245117188 18.695779800415039063 18.765157699584960938 18.83246612548828125 18.897703170776367188 18.962940216064453125 19.028177261352539063
19.142248153686523438 19.08342742919921875 19.024606704711914063 18.965787887573242188 18.9069671630859375 18.848146438598632813 18.792795181274414063 18.740917205810546875 18.689037322998046875 18.637157440185546875 18.585277557373046875 18.533397674560546875 18.485357284545898438 18.441156387329101563 18.396953582763671875 18.352752685546875 18.308551788330078125 18.264348983764648438 18.228092193603515625 18.199781417846679688 18.17147064208984375 18.143157958984375 18.114847183227539063 18.086536407470703125 18.09078216552734375 18.127582550048828125 18.164384841918945313 18.2011871337890625 18.237987518310546875 18.274789810180664063 18.329347610473632813 18.401662826538085938 18.47397613525390625 18.546291351318359375 18.6186065673828125 18.690919876098632813 18.761341094970703125 18.829868316650390625 18.898395538330078125 18.966920852661132813
19.088850021362304688 19.02631378173828125 18.963777542114257813 18.901241302490234375 18.838705062866210938 18.776170730590820313 18.717519760131835938 18.662755966186523438 18.607990264892578125 18.553226470947265625 18.498460769653320313 18.443696975708007813 18.395578384399414063 18.354106903076171875 18.312635421752929688 18.2711639404296875 18.229692459106445313 18.188220977783203125 18.152284622192382813 18.12188720703125 18.091489791870117188 18.061090469360351563 18.03069305419921875 18.000295639038085938 18.003238677978515625 18.039522171020507813 18.075807571411132813 18.112091064453125 18.14837646484375 18.184659957885742188 18.240427017211914063 18.315679550170898438 18.39093017578125 18.466180801391601563 18.541431427001953125 18.616682052612304688 18.690216064453125 18.762033462524414063 18.833848953247070313 18.905666351318359375
19.0296783447265625 18.963413238525390625 18.89714813232421875 18.830883026123046875 18.764616012573242188 18.698350906372070313 18.636030197143554688 18.5776519775390625 18.519275665283203125 18.460897445678710938 18.40251922607421875 18.344142913818359375 18.294078826904296875 18.25232696533203125 18.210577011108398438 18.168827056884765625 18.1270751953125 18.085325241088867188 18.0488739013671875 18.017724990844726563 17.986576080322265625 17.955427169799804688 17.924276351928710938 17.89312744140625 17.8962249755859375 17.93357086181640625 17.970916748046875 18.00826263427734375 18.045606613159179688 18.082952499389648438 18.141389846801757813 18.220918655395507813 18.300449371337890625 18.379978179931640625 18.459508895874023438 18.539037704467773438 18.6165924072265625 18.692171096801757813 18.767751693725585938 18.84333038330078125
18.964735031127929688 18.894725799560546875 18.824716567993164063 18.754709243774414063 18.68470001220703125 18.614690780639648438 18.548326492309570313 18.485609054565429688 18.42288970947265625 18.360172271728515625 18.297452926635742188 18.234735488891601563 18.180856704711914063 18.1358184814453125 18.090780258178710938 18.045740127563476563 18.000701904296875 17.955663681030273438 17.917860031127929688 17.887294769287109375 17.856729507446289063 17.82616424560546875 17.795598983764648438 17.765033721923828125 17.769742965698242188 17.809728622436523438 17.849712371826171875 17.889698028564453125 17.929681777954101563 17.969667434692382813 18.03223419189453125 18.117383956909179688 18.202535629272460938 18.287685394287109375 18.372835159301757813 18.457986831665039063 18.540468215942382813 18.6202850341796875 18.700099945068359375 18.779916763305664063
18.899791717529296875 18.826040267944335938 18.752286911010742188 18.67853546142578125 18.6047821044921875 18.531030654907226563 18.46062469482421875 18.393564224243164063 18.326505661010742188 18.259447097778320313 18.192386627197265625 18.12532806396484375 18.06763458251953125 18.019308090209960938 17.970981597900390625 17.922655105590820313 17.87432861328125 17.826002120971679688 17.786848068237304688 17.756866455078125 17.726884841918945313 17.696903228759765625 17.666921615600585938 17.63694000244140625 17.643262863159179688 17.685886383056640625 17.728509902954101563 17.7711334228515625 17.813756942749023438 17.856382369995117188 17.923078536987304688 18.013849258422851563 18.10462188720703125 18.195392608642578125 18.286163330078125 18.376934051513671875 18.464345932006835938 18.548397064208984375 18.632450103759765625 18.716501235961914063
18.834848403930664063 18.757352828979492188 18.679857254028320313 18.602361679077148438 18.52486419677734375 18.447368621826171875 18.372920989990234375 18.30152130126953125 18.230121612548828125 18.158721923828125 18.087320327758789063 18.015920639038085938 17.95441436767578125 17.902799606323242188 17.851184844970703125 17.799570083618164063 17.747955322265625 17.696340560913085938 17.655834197998046875 17.626436233520507813 17.59703826904296875 17.5676422119140625 17.538244247436523438 17.508846282958984375 17.516780853271484375 17.562044143676757813 17.607305526733398438 17.652568817138671875 17.697832107543945313 17.74309539794921875 17.813922882080078125 17.910314559936523438 18.00670623779296875 18.103097915649414063 18.199489593505859375 18.295881271362304688 18.38822174072265625 18.476511001586914063 18.564798355102539063 18.653085708618164063
18.76990509033203125 18.688665390014648438 18.607425689697265625 18.526187896728515625 18.444948196411132813 18.36370849609375 18.28521728515625 18.209476470947265625 18.13373565673828125 18.057994842529296875 17.9822540283203125 17.906513214111328125 17.841192245483398438 17.786289215087890625 17.731386184692382813 17.676483154296875 17.621580123901367188 17.566677093505859375 17.524820327758789063 17.496006011962890625 17.467193603515625 17.438379287719726563 17.409566879272460938 17.3807525634765625 17.390298843383789063 17.438199996948242188 17.486103057861328125 17.534006118774414063 17.581907272338867188 17.629810333251953125 17.704767227172851563 17.806779861450195313 17.908792495727539063 18.010805130004882813 18.112817764282226563 18.214830398559570313 18.312097549438476563 18.404623031616210938 18.4971466064453125 18.589672088623046875
18.704961776733398438 18.6199798583984375 18.53499603271484375 18.450014114379882813 18.365030288696289063 18.280048370361328125 18.197515487670898438 18.117433547973632813 18.037351608276367188 17.957269668579101563 17.877187728881835938 17.797105789184570313 17.727970123291015625 17.669778823852539063 17.611589431762695313 17.55339813232421875 17.495206832885742188 17.437015533447265625 17.39380645751953125 17.36557769775390625 17.337347030639648438 17.309118270874023438 17.280889511108398438 17.252660751342773438 17.26381683349609375 17.314357757568359375 17.364900588989257813 17.415441513061523438 17.465982437133789063 17.5165252685546875 17.595613479614257813 17.703245162963867188 17.810878753662109375 17.918512344360351563 18.026144027709960938 18.133777618408203125 18.235975265502929688 18.332735061645507813 18.42949676513671875 18.526256561279296875
