data/dp9ann.asc
ncols        384
nrows        480
xllcorner    138.000000000000
yllcorner    -29.000000000000
cellsize     0.041666666667
NODATA_value -9999
[rows 198 to 215 of 480, columns 160 to 199 of 384]
15.061613082885742188 15.060654640197753906 15.081541061401367188 15.124271392822265625 15.167001724243164063 15.209731101989746094 15.252461433410644531 15.295191764831542969 15.366426467895507813 15.466165542602539063 15.565904617309570313 15.665643692016601563 15.765382766723632813 15.865122795104980469 16.000883102416992188 16.172666549682617188 16.344449996948242188 16.516233444213867188 16.688016891479492188 16.859800338745117188 17.070013046264648438 17.318653106689453125 17.567293167114257813 17.815931320190429688 18.064571380615234375 18.313211441040039063 18.594280242919921875 18.90777587890625 19.221271514892578125 19.534769058227539063 19.848264694213867188 20.161760330200195313 20.304788589477539063 20.27735137939453125 20.249912261962890625 20.22247314453125 20.195035934448242188 20.167596817016601563 20.156795501708984375 20.162630081176757813
15.021345138549804688 15.023123741149902344 15.04395294189453125 15.083831787109375 15.123711585998535156 15.163590431213378906 15.203469276428222656 15.243348121643066406 15.311388015747070313 15.407589912414550781 15.50379180908203125 15.599993705749511719 15.696195602416992188 15.79239654541015625 15.92697906494140625 16.099941253662109375 16.2729034423828125 16.445865631103515625 16.618829727172851563 16.791791915893554688 17.005132675170898438 17.258852005004882813 17.512571334838867188 17.766290664672851563 18.020009994506835938 18.273729324340820313 18.554689407348632813 18.862888336181640625 19.17108917236328125 19.479288101196289063 19.787488937377929688 20.0956878662109375 20.239887237548828125 20.220087051391601563 20.200286865234375 20.180486679077148438 20.160686492919921875 20.140886306762695313 20.13382720947265625 20.139513015747070313
14.981077194213867188 14.985592842102050781 15.006364822387695313 15.043393135070800781 15.080420494079589844 15.117448806762695313 15.154477119445800781 15.191504478454589844 15.256350517272949219 15.3490142822265625 15.441679000854492188 15.534342765808105469 15.627007484436035156 15.719671249389648438 15.853074073791503906 16.027215957641601563 16.201356887817382813 16.375499725341796875 16.549640655517578125 16.723781585693359375 16.940252304077148438 17.1990509033203125 17.457849502563476563 17.716650009155273438 17.9754486083984375 18.234247207641601563 18.51509857177734375 18.818002700805664063 19.120904922485351563 19.423809051513671875 19.726713180541992188 20.029615402221679688 20.174985885620117188 20.162824630737304688 20.150661468505859375 20.138500213623046875 20.126337051391601563 20.114175796508789063 20.110860824584960938 20.11639404296875
14.940809249877929688 14.948061943054199219 14.968776702880859375 15.002953529357910156 15.037130355834960938 15.071307182312011719 15.1054840087890625 15.139660835266113281 15.201313018798828125 15.290439605712890625 15.379566192626953125 15.468692779541015625 15.557819366455078125 15.646945953369140625 15.779170036315917969 15.954489707946777344 16.129810333251953125 16.305131912231445313 16.480451583862304688 16.655773162841796875 16.875371932983398438 17.139249801635742188 17.40312957763671875 17.6670074462890625 17.930887222290039063 18.194765090942382813 18.475507736206054688 18.773115158081054688 19.070722579956054688 19.368330001831054688 19.665937423706054688 19.963542938232421875 20.11008453369140625 20.105560302734375 20.10103607177734375 20.0965118408203125 20.091989517211914063 20.087465286254882813 20.087894439697265625 20.093275070190429688
14.900541305541992188 14.910531044006347656 14.931188583374023438 14.962514877319335938 14.993840217590332031 15.025166511535644531 15.056491851806640625 15.087817192077636719 15.146274566650390625 15.231863975524902344 15.317453384399414063 15.403041839599609375 15.488631248474121094 15.574220657348632813 15.705265045166015625 15.881764411926269531 16.058263778686523438 16.23476409912109375 16.41126251220703125 16.587762832641601563 16.810491561889648438 17.079450607299804688 17.348407745361328125 17.617366790771484375 17.886323928833007813 18.155282974243164063 18.435916900634765625 18.728227615356445313 19.020538330078125 19.312849044799804688 19.605159759521484375 19.897470474243164063 20.045183181762695313 20.048297882080078125 20.051412582397460938 20.054525375366210938 20.05764007568359375 20.06075286865234375 20.0649261474609375 20.070158004760742188
14.860274314880371094 14.873000144958496094 14.8936004638671875 14.922075271606445313 14.950550079345703125 14.979024887084960938 15.00749969482421875 15.035973548889160156 15.091237068176269531 15.173288345336914063 15.255340576171875 15.337391853332519531 15.419443130493164063 15.501495361328125 15.631360054016113281 15.809039115905761719 15.98671722412109375 16.164396286010742188 16.342075347900390625 16.51975250244140625 16.745611190795898438 17.019649505615234375 17.293687820434570313 17.567724227905273438 17.841762542724609375 18.115800857543945313 18.396326065063476563 18.68334197998046875 18.970355987548828125 19.2573699951171875 19.544384002685546875 19.831399917602539063 19.980281829833984375 19.991033554077148438 20.001787185668945313 20.012538909912109375 20.023290634155273438 20.0340423583984375 20.041959762573242188 20.047039031982421875
14.817013740539550781 14.831800460815429688 14.853786468505859375 14.882971763610839844 14.912157058715820313 14.941341400146484375 14.970526695251464844 14.999711036682128906 15.054840087890625 15.135913848876953125 15.216986656188964844 15.298060417175292969 15.379133224487304688 15.460206031799316406 15.591749191284179688 15.773760795593261719 15.95577239990234375 16.137783050537109375 16.319795608520507813 16.50180816650390625 16.7315673828125 17.009073257446289063 17.286581039428710938 17.564088821411132813 17.841594696044921875 18.11910247802734375 18.39685821533203125 18.674861907958984375 18.952867507934570313 19.23087310791015625 19.508876800537109375 19.786882400512695313 19.933528900146484375 19.948816299438476563 19.964105606079101563 19.97939300537109375 19.994680404663085938 20.009969711303710938 20.0200958251953125 20.02506256103515625
14.770760536193847656 14.786931991577148438 14.811746597290039063 14.845203399658203125 14.878660202026367188 14.912116050720214844 14.945572853088378906 14.979029655456542969 15.037084579467773438 15.119738578796386719 15.202392578125 15.285046577453613281 15.367700576782226563 15.450354576110839844 15.586430549621582031 15.775929450988769531 15.965428352355957031 16.154928207397460938 16.344427108764648438 16.533926010131835938 16.768358230590820313 17.047723770141601563 17.327089309692382813 17.606454849243164063 17.885820388793945313 18.165187835693359375 18.437511444091796875 18.702793121337890625 18.968074798583984375 19.233356475830078125 19.498638153076171875 19.763919830322265625 19.9049224853515625 19.921644210815429688 19.938365936279296875 19.955087661743164063 19.97180938720703125 19.988531112670898438 19.99933624267578125 20.004224777221679688
14.724506378173828125 14.742063522338867188 14.76970672607421875 14.807435035705566406 14.845163345336914063 14.882891654968261719 14.920619964599609375 14.958348274230957031 15.019330024719238281 15.103564262390136719 15.187798500061035156 15.27203369140625 15.356267929077148438 15.440502166748046875 15.581112861633300781 15.77809906005859375 15.975084304809570313 16.172071456909179688 16.36905670166015625 16.566041946411132813 16.805149078369140625 17.08637237548828125 17.367597579956054688 17.648822784423828125 17.930047988891601563 18.211273193359375 18.4781646728515625 18.730722427368164063 18.983282089233398438 19.235841751098632813 19.488399505615234375 19.74095916748046875 19.876316070556640625 19.894472122192382813 19.912628173828125 19.930784225463867188 19.948938369750976563 19.96709442138671875 19.978578567504882813 19.983388900756835938
14.678253173828125 14.697195053100585938 14.727665901184082031 14.769665718078613281 14.811666488647460938 14.853666305541992188 14.895666122436523438 14.937666893005371094 15.001574516296386719 15.087388992309570313 15.173204421997070313 15.259019851684570313 15.344835281372070313 15.430650711059570313 15.575794219970703125 15.780267715454101563 15.9847412109375 16.189214706420898438 16.393688201904296875 16.5981597900390625 16.841939926147460938 17.12502288818359375 17.408105850219726563 17.691190719604492188 17.974273681640625 18.257356643676757813 18.518817901611328125 18.758653640747070313 18.9984893798828125 19.238325119018554688 19.478160858154296875 19.717998504638671875 19.84770965576171875 19.867300033569335938 19.886888504028320313 19.9064788818359375 19.926069259643554688 19.945657730102539063 19.957818984985351563 19.962553024291992188
14.631999969482421875 14.652326583862304688 14.685626029968261719 14.731897354125976563 14.778169631958007813 14.824440956115722656 14.870713233947753906 14.91698455810546875 14.983819007873535156 15.071214675903320313 15.158610343933105469 15.246006965637207031 15.333402633666992188 15.420798301696777344 15.570476531982421875 15.782437324523925781 15.994397163391113281 16.206357955932617188 16.418317794799804688 16.630277633666992188 16.878728866577148438 17.163671493530273438 17.448614120483398438 17.733556747436523438 18.018499374389648438 18.303442001342773438 18.55947113037109375 18.78658294677734375 19.013696670532226563 19.240810394287109375 19.467922210693359375 19.695035934448242188 19.819105148315429688 19.840127944946289063 19.861150741577148438 19.882173538208007813 19.9031982421875 19.924221038818359375 19.937061309814453125 19.941717147827148438
14.58574676513671875 14.607458114624023438 14.643585205078125 14.694128990173339844 14.744672775268554688 14.795216560363769531 14.845759391784667969 14.896303176879882813 14.966063499450683594 15.055039405822753906 15.144016265869140625 15.232993125915527344 15.321969985961914063 15.410946846008300781 15.565158843994140625 15.784605979919433594 16.004053115844726563 16.223501205444335938 16.442949295043945313 16.662395477294921875 16.91551971435546875 17.202322006225585938 17.489124298095703125 17.7759246826171875 18.062726974487304688 18.349527359008789063 18.600124359130859375 18.81451416015625 19.028903961181640625 19.24329376220703125 19.457683563232421875 19.672075271606445313 19.790498733520507813 19.812955856323242188 19.835412979125976563 19.857870101928710938 19.880327224731445313 19.902784347534179688 19.916301727294921875 19.920881271362304688
14.541953086853027344 14.568019866943359375 14.607778549194335938 14.661228179931640625 14.714678764343261719 14.768129348754882813 14.821579933166503906 14.875029563903808594 14.949052810668945313 15.04364776611328125 15.138242721557617188 15.232837677001953125 15.327432632446289063 15.422027587890625 15.580782890319824219 15.803699493408203125 16.026617050170898438 16.249532699584960938 16.47245025634765625 16.69536590576171875 16.949697494506835938 17.235441207885742188 17.521184921264648438 17.806928634643554688 18.092672348022460938 18.378416061401367188 18.626661300659179688 18.837408065795898438 19.048154830932617188 19.258901596069335938 19.469648361206054688 19.680395126342773438 19.794200897216796875 19.811065673828125 19.827930450439453125 19.844797134399414063 19.861661911010742188 19.878528594970703125 19.889608383178710938 19.894903182983398438
14.500618934631347656 14.5340118408203125 14.578204154968261719 14.633195877075195313 14.688188552856445313 14.743180274963378906 14.798172950744628906 14.8531646728515625 14.932785987854003906 15.037036895751953125 15.141287803649902344 15.245539665222167969 15.349790573120117188 15.454041481018066406 15.617350578308105469 15.839718818664550781 16.062086105346679688 16.284454345703125 16.506822586059570313 16.729190826416015625 16.981260299682617188 17.263029098510742188 17.5447998046875 17.826568603515625 18.108339309692382813 18.390110015869140625 18.639085769653320313 18.855266571044921875 19.07144927978515625 19.287631988525390625 19.503812789916992188 19.719995498657226563 19.830209732055664063 19.834459304809570313 19.83870697021484375 19.84295654296875 19.847204208374023438 19.851453781127929688 19.8569793701171875 19.8637847900390625
14.459284782409667969 14.500002861022949219 14.548628807067871094 14.60516357421875 14.6616973876953125 14.718231201171875 14.774765968322753906 14.831299781799316406 14.916520118713378906 15.030426979064941406 15.144333839416503906 15.258240699768066406 15.372148513793945313 15.486055374145507813 15.653918266296386719 15.875737190246582031 16.09755706787109375 16.319375991821289063 16.541194915771484375 16.763013839721679688 17.012821197509765625 17.290616989135742188 17.568414688110351563 17.846210479736328125 18.124006271362304688 18.40180206298828125 18.651508331298828125 18.873126983642578125 19.094743728637695313 19.3163604736328125 19.5379791259765625 19.759595870971679688 19.866220474243164063 19.857851028442382813 19.849483489990234375 19.841114044189453125 19.832746505737304688 19.824377059936523438 19.824350357055664063 19.832666397094726563
14.417950630187988281 14.465994834899902344 14.519054412841796875 14.577130317687988281 14.635206222534179688 14.693282127380371094 14.751358985900878906 14.809434890747070313 14.900254249572753906 15.023817062377929688 15.147379875183105469 15.27094268798828125 15.394505500793457031 15.518069267272949219 15.690485954284667969 15.911756515502929688 16.133026123046875 16.354297637939453125 16.575567245483398438 16.796838760375976563 17.044384002685546875 17.318206787109375 17.592027664184570313 17.865850448608398438 18.139673233032226563 18.413494110107421875 18.66393280029296875 18.890985488891601563 19.118038177490234375 19.345090866088867188 19.5721435546875 19.799196243286132813 19.90222930908203125 19.881244659423828125 19.860260009765625 19.839273452758789063 19.818288803100585938 19.79730224609375 19.791723251342773438 19.801548004150390625
14.376616477966308594 14.431986808776855469 14.489480018615722656 14.549098014831542969 14.608716011047363281 14.668334007263183594 14.727952003479003906 14.787569046020507813 14.8839874267578125 15.017207145690917969 15.150425910949707031 15.283644676208496094 15.416863441467285156 15.550083160400390625 15.727052688598632813 15.947774887084960938 16.168497085571289063 16.389217376708984375 16.6099395751953125 16.830661773681640625 17.075946807861328125 17.345794677734375 17.615642547607421875 17.88549041748046875 18.155340194702148438 18.425188064575195313 18.676355361938476563 18.908843994140625 19.141332626342773438 19.373821258544921875 19.6063079833984375 19.838796615600585938 19.93824005126953125 19.904638290405273438 19.871034622192382813 19.837432861328125 19.803831100463867188 19.770227432250976563 19.75909423828125 19.770429611206054688
14.335282325744628906 14.397977828979492188 14.459905624389648438 14.521065711975097656 14.582224845886230469 14.643384933471679688 14.704545021057128906 14.765704154968261719 14.8677215576171875 15.010596275329589844 15.153471946716308594 15.296346664428710938 15.439221382141113281 15.582097053527832031 15.763620376586914063 15.983793258666992188 16.203966140747070313 16.424139022827148438 16.644311904907226563 16.864484786987304688 17.107509613037109375 17.373382568359375 17.639257431030273438 17.905132293701171875 18.171007156372070313 18.436880111694335938 18.688779830932617188 18.926702499389648438 19.1646270751953125 19.40254974365234375 19.640474319458007813 19.878396987915039063 19.974248886108398438 19.928030014038085938 19.881811141967773438 19.835592269897460938 19.789373397827148438 19.743152618408203125 19.726465225219726563 19.73931121826171875
