data/dp9ann.asc
ncols        384
nrows        480
xllcorner    138.000000000000
yllcorner    -29.000000000000
cellsize     0.041666666667
NODATA_value -9999
[rows 306 to 323 of 480, columns 320 to 359 of 384]
18.0713653564453125 18.074380874633789063 18.077396392822265625 18.080411911010742188 18.083339691162109375 18.086179733276367188 18.089019775390625 18.091861724853515625 18.094701766967773438 18.09754180908203125 18.099866867065429688 18.101678848266601563 18.103488922119140625 18.105298995971679688 18.10710906982421875 18.108921051025390625 18.110065460205078125 18.110544204711914063 18.111024856567382813 18.11150360107421875 18.111982345581054688 18.112462997436523438 18.112895965576171875 18.113285064697265625 18.113674163818359375 18.114063262939453125 18.114452362060546875 18.114839553833007813 18.116178512573242188 18.118463516235351563 18.12075042724609375 18.123037338256835938 18.125324249267578125 18.1276092529296875 18.130647659301757813 18.134435653686523438 18.13822174072265625 18.142009735107421875 18.1457977294921875 18.149585723876953125
18.04931640625 18.052204132080078125 18.055093765258789063 18.057981491088867188 18.060899734497070313 18.063848495483398438 18.066797256469726563 18.069746017456054688 18.072694778442382813 18.075643539428710938 18.07805633544921875 18.079931259155273438 18.081808090209960938 18.083683013916015625 18.085559844970703125 18.087434768676757813 18.088626861572265625 18.089136123657226563 18.089643478393554688 18.090150833129882813 18.090658187866210938 18.091165542602539063 18.0916748046875 18.092184066772460938 18.092695236206054688 18.093204498291015625 18.093713760375976563 18.094224929809570313 18.095623016357421875 18.097909927368164063 18.10019683837890625 18.102483749389648438 18.104770660400390625 18.107057571411132813 18.110063552856445313 18.113788604736328125 18.117513656616210938 18.12123870849609375 18.124963760375976563 18.128686904907226563
18.0272674560546875 18.030029296875 18.032789230346679688 18.035551071166992188 18.03845977783203125 18.041515350341796875 18.044572830200195313 18.04763031005859375 18.050687789916992188 18.053745269775390625 18.056243896484375 18.058185577392578125 18.06012725830078125 18.062067031860351563 18.064008712768554688 18.065950393676757813 18.067190170288085938 18.06772613525390625 18.068262100219726563 18.068798065185546875 18.069334030151367188 18.0698699951171875 18.070453643798828125 18.071084976196289063 18.07171630859375 18.072345733642578125 18.072977066040039063 18.0736083984375 18.075067520141601563 18.07735443115234375 18.07964324951171875 18.081930160522460938 18.084218978881835938 18.086507797241210938 18.089481353759765625 18.093143463134765625 18.096803665161132813 18.100465774536132813 18.104127883911132813 18.1077880859375
18.005218505859375 18.007852554321289063 18.010486602783203125 18.013118743896484375 18.016019821166992188 18.019184112548828125 18.022350311279296875 18.025514602661132813 18.028680801391601563 18.0318450927734375 18.03443145751953125 18.03643798828125 18.03844451904296875 18.040452957153320313 18.042459487915039063 18.044466018676757813 18.045751571655273438 18.046316146850585938 18.046880722045898438 18.047445297241210938 18.048009872436523438 18.048574447631835938 18.04923248291015625 18.049983978271484375 18.0507354736328125 18.051488876342773438 18.052240371704101563 18.052991867065429688 18.05451202392578125 18.05680084228515625 18.05908966064453125 18.06137847900390625 18.06366729736328125 18.06595611572265625 18.068899154663085938 18.072496414184570313 18.0760955810546875 18.079692840576171875 18.083292007446289063 18.086889266967773438
17.9831695556640625 17.985675811767578125 17.98818206787109375 17.990688323974609375 17.993577957153320313 17.996852874755859375 18.000125885009765625 18.003398895263671875 18.006673812866210938 18.009946823120117188 18.0126190185546875 18.014692306518554688 18.016763687133789063 18.01883697509765625 18.020908355712890625 18.022981643676757813 18.024312973022460938 18.024906158447265625 18.025499343872070313 18.026092529296875 18.026685714721679688 18.027278900146484375 18.028011322021484375 18.0288848876953125 18.029756546020507813 18.030630111694335938 18.03150177001953125 18.032375335693359375 18.033956527709960938 18.036245346069335938 18.03853607177734375 18.04082489013671875 18.04311370849609375 18.045404434204101563 18.04831695556640625 18.051851272583007813 18.055385589599609375 18.05892181396484375 18.062456130981445313 18.065992355346679688
17.96112060546875 17.963499069213867188 17.965879440307617188 17.968257904052734375 17.97113800048828125 17.974519729614257813 17.977903366088867188 17.98128509521484375 17.984666824340820313 17.988048553466796875 17.990808486938476563 17.992944717407226563 17.995082855224609375 17.997220993041992188 17.999359130859375 18.001495361328125 18.00287628173828125 18.003496170043945313 18.004117965698242188 18.004739761352539063 18.005361557006835938 18.005983352661132813 18.0067901611328125 18.007783889770507813 18.008777618408203125 18.009771347045898438 18.01076507568359375 18.011758804321289063 18.013401031494140625 18.015691757202148438 18.01798248291015625 18.02027130126953125 18.022562026977539063 18.024852752685546875 18.02773284912109375 18.031206130981445313 18.034677505493164063 18.038148880004882813 18.041620254516601563 18.045093536376953125
17.939205169677734375 17.941438674926757813 17.94367218017578125 17.945903778076171875 17.948736190795898438 17.952167510986328125 17.955600738525390625 17.959032058715820313 17.96246337890625 17.965894699096679688 17.968671798706054688 17.970796585083007813 17.972919464111328125 17.97504425048828125 17.977167129516601563 17.979291915893554688 17.980787277221679688 17.981655120849609375 17.982522964477539063 17.983392715454101563 17.98426055908203125 17.985128402709960938 17.986064910888671875 17.987070083618164063 17.988073348999023438 17.989078521728515625 17.990081787109375 17.991085052490234375 17.992767333984375 17.995122909545898438 17.997480392456054688 17.999837875366210938 18.002193450927734375 18.004550933837890625 18.007455825805664063 18.010911941528320313 18.01436614990234375 18.017820358276367188 18.021276473999023438 18.024730682373046875
17.917423248291015625 17.919492721557617188 17.921560287475585938 17.923627853393554688 17.926372528076171875 17.929796218872070313 17.933218002319335938 17.936641693115234375 17.9400634765625 17.943487167358398438 17.9462127685546875 17.948244094848632813 17.950273513793945313 17.952304840087890625 17.954336166381835938 17.956365585327148438 17.958047866821289063 17.959383010864257813 17.96071624755859375 17.962049484252929688 17.963382720947265625 17.964715957641601563 17.9658355712890625 17.966739654541015625 17.96764373779296875 17.968547821044921875 17.969451904296875 17.970355987548828125 17.97205352783203125 17.974542617797851563 17.977031707763671875 17.979520797729492188 17.9820098876953125 17.984498977661132813 17.987483978271484375 17.990968704223632813 17.99445343017578125 17.997936248779296875 18.001420974731445313 18.004903793334960938
17.895643234252929688 17.89754486083984375 17.899448394775390625 17.9013519287109375 17.904008865356445313 17.907423019409179688 17.910837173461914063 17.914251327514648438 17.91766357421875 17.921077728271484375 17.923753738403320313 17.925691604614257813 17.927629470825195313 17.929567337036132813 17.9315032958984375 17.933441162109375 17.93531036376953125 17.937108993530273438 17.938907623291015625 17.940706253051757813 17.9425048828125 17.944303512573242188 17.945604324340820313 17.946409225463867188 17.947214126586914063 17.948017120361328125 17.948822021484375 17.949626922607421875 17.9513397216796875 17.953960418701171875 17.95658111572265625 17.959203720092773438 17.961824417114257813 17.964445114135742188 17.967512130737304688 17.971025466918945313 17.974538803100585938 17.978052139282226563 17.981565475463867188 17.985078811645507813
17.873861312866210938 17.875598907470703125 17.877336502075195313 17.8790740966796875 17.88164520263671875 17.885049819946289063 17.888454437255859375 17.891859054565429688 17.895263671875 17.898670196533203125 17.901294708251953125 17.903139114379882813 17.9049835205078125 17.906827926635742188 17.908672332763671875 17.910516738891601563 17.912570953369140625 17.914834976196289063 17.9170989990234375 17.919363021850585938 17.921627044677734375 17.923891067504882813 17.925374984741210938 17.92607879638671875 17.926782608032226563 17.927488327026367188 17.928192138671875 17.928895950317382813 17.93062591552734375 17.933378219604492188 17.936132431030273438 17.938886642456054688 17.941638946533203125 17.944393157958984375 17.947540283203125 17.951084136962890625 17.954626083374023438 17.95816802978515625 17.961709976196289063 17.965251922607421875
17.852079391479492188 17.8536529541015625 17.855224609375 17.856798171997070313 17.859281539916992188 17.86267852783203125 17.8660736083984375 17.86946868896484375 17.872865676879882813 17.876260757446289063 17.878833770751953125 17.880586624145507813 17.882337570190429688 17.884088516235351563 17.88584136962890625 17.887592315673828125 17.889833450317382813 17.8925628662109375 17.895290374755859375 17.898019790649414063 17.90074920654296875 17.903478622436523438 17.905145645141601563 17.905748367309570313 17.906352996826171875 17.906957626342773438 17.907562255859375 17.908166885375976563 17.909912109375 17.912797927856445313 17.915683746337890625 17.918569564819335938 17.92145538330078125 17.924341201782226563 17.927568435668945313 17.931140899658203125 17.934711456298828125 17.938283920288085938 17.941854476928710938 17.94542694091796875
17.83029937744140625 17.831705093383789063 17.833112716674804688 17.834520339965820313 17.836917877197265625 17.840305328369140625 17.843692779541015625 17.847078323364257813 17.850465774536132813 17.853853225708007813 17.856374740600585938 17.858034133911132813 17.859691619873046875 17.86135101318359375 17.863008499145507813 17.864667892456054688 17.867094039916992188 17.870288848876953125 17.873483657836914063 17.876676559448242188 17.879871368408203125 17.883066177368164063 17.884914398193359375 17.885419845581054688 17.885923385620117188 17.886426925659179688 17.886932373046875 17.8874359130859375 17.88919830322265625 17.892215728759765625 17.895233154296875 17.898252487182617188 17.901269912719726563 17.904287338256835938 17.907596588134765625 17.911197662353515625 17.914798736572265625 17.918399810791015625 17.922000885009765625 17.925600051879882813
17.808897018432617188 17.810213088989257813 17.811529159545898438 17.81284332275390625 17.815122604370117188 17.818365097045898438 17.821607589721679688 17.824850082397460938 17.828092575073242188 17.831335067749023438 17.833745956420898438 17.835329055786132813 17.836910247802734375 17.83849334716796875 17.840074539184570313 17.841657638549804688 17.844217300415039063 17.84775543212890625 17.851293563842773438 17.854831695556640625 17.858371734619140625 17.861909866333007813 17.863927841186523438 17.8644256591796875 17.864923477172851563 17.865421295166015625 17.865919113159179688 17.86641693115234375 17.8682098388671875 17.871297836303710938 17.874385833740234375 17.877473831176757813 17.880563735961914063 17.8836517333984375 17.887037277221679688 17.890722274780273438 17.894407272338867188 17.898090362548828125 17.901775360107421875 17.905460357666015625
17.787878036499023438 17.789173126220703125 17.790470123291015625 17.791765213012695313 17.793895721435546875 17.796857833862304688 17.7998199462890625 17.802782058715820313 17.805744171142578125 17.808706283569335938 17.810949325561523438 17.812471389770507813 17.813993453979492188 17.815515518188476563 17.817037582397460938 17.818559646606445313 17.821201324462890625 17.824962615966796875 17.828723907470703125 17.832487106323242188 17.836248397827148438 17.840009689331054688 17.842182159423828125 17.842767715454101563 17.843353271484375 17.843936920166015625 17.844522476196289063 17.845106124877929688 17.846948623657226563 17.85004425048828125 17.85314178466796875 17.856237411499023438 17.859334945678710938 17.862430572509765625 17.8658905029296875 17.869714736938476563 17.873537063598632813 17.877359390258789063 17.881181716918945313 17.885004043579101563
17.766859054565429688 17.76813507080078125 17.769411087036132813 17.770687103271484375 17.77266693115234375 17.775348663330078125 17.778032302856445313 17.780714035034179688 17.783395767211914063 17.786077499389648438 17.788150787353515625 17.789613723754882813 17.791074752807617188 17.792537689208984375 17.794000625610351563 17.795461654663085938 17.798185348510742188 17.8021697998046875 17.806156158447265625 17.810140609741210938 17.81412506103515625 17.818109512329101563 17.820438385009765625 17.821109771728515625 17.821781158447265625 17.822454452514648438 17.823125839233398438 17.823797225952148438 17.825685501098632813 17.828790664672851563 17.831895828247070313 17.835000991821289063 17.838106155395507813 17.841211318969726563 17.844743728637695313 17.848705291748046875 17.852666854858398438 17.856626510620117188 17.86058807373046875 17.864549636840820313
17.745838165283203125 17.747095108032226563 17.74835205078125 17.749608993530273438 17.751440048217773438 17.753841400146484375 17.756244659423828125 17.758646011352539063 17.76104736328125 17.76345062255859375 17.765352249145507813 17.766754150390625 17.768157958984375 17.769559860229492188 17.770961761474609375 17.772365570068359375 17.77516937255859375 17.779378890991210938 17.783586502075195313 17.787794113159179688 17.792001724243164063 17.796209335327148438 17.798692703247070313 17.799451828002929688 17.800210952758789063 17.800970077514648438 17.801729202270507813 17.802488327026367188 17.804424285888671875 17.807537078857421875 17.810651779174804688 17.813764572143554688 17.816877365112304688 17.8199920654296875 17.823596954345703125 17.82769775390625 17.831796646118164063 17.835895538330078125 17.839994430541992188 17.84409332275390625
17.724819183349609375 17.726057052612304688 17.727294921875 17.728532791137695313 17.730211257934570313 17.732334136962890625 17.734455108642578125 17.736577987670898438 17.73870086669921875 17.74082183837890625 17.7425537109375 17.743896484375 17.7452392578125 17.74658203125 17.7479248046875 17.749267578125 17.752155303955078125 17.756586074829101563 17.761016845703125 17.765447616577148438 17.769878387451171875 17.774309158325195313 17.776948928833007813 17.77779388427734375 17.7786407470703125 17.779485702514648438 17.780332565307617188 17.781177520751953125 17.783163070678710938 17.786283493041992188 17.78940582275390625 17.792528152465820313 17.795650482177734375 17.798770904541015625 17.80245208740234375 17.806688308715820313 17.810926437377929688 17.81516265869140625 17.819400787353515625 17.823638916015625
17.703798294067382813 17.70501708984375 17.706235885620117188 17.707454681396484375 17.708984375 17.710826873779296875 17.712667465209960938 17.714509963989257813 17.716352462768554688 17.718194961547851563 17.719757080078125 17.721038818359375 17.722322463989257813 17.723604202270507813 17.724887847900390625 17.726169586181640625 17.729139328002929688 17.733793258666992188 17.738447189331054688 17.743101119995117188 17.747755050659179688 17.752410888671875 17.7552032470703125 17.756135940551757813 17.757070541381835938 17.75800323486328125 17.758935928344726563 17.759868621826171875 17.761899948120117188 17.7650299072265625 17.768161773681640625 17.771291732788085938 17.77442169189453125 17.777551651000976563 17.781305313110351563 17.785680770874023438 17.790056228637695313 17.794431686401367188 17.798807144165039063 17.803182601928710938
