data/dp9ann.asc
ncols        384
nrows        480
xllcorner    138.000000000000
yllcorner    -29.000000000000
cellsize     0.041666666667
NODATA_value -9999
[rows 216 to 233 of 480, columns 80 to 119 of 384]
15.210917472839355469 15.147548675537109375 15.084179878234863281 15.020811080932617188 14.989743232727050781 14.990975379943847656 14.992207527160644531 14.993439674377441406 14.994671821594238281 14.995904922485351563 14.973840713500976563 14.928481101989746094 14.883121490478515625 14.83776092529296875 14.792401313781738281 14.747041702270507813 14.710786819458007813 14.683636665344238281 14.656487464904785156 14.629337310791015625 14.602187156677246094 14.575037002563476563 14.552308082580566406 14.533999443054199219 14.515690803527832031 14.497382164001464844 14.479073524475097656 14.460763931274414063 14.44020843505859375 14.417406082153320313 14.394602775573730469 14.371800422668457031 14.348997116088867188 14.32619476318359375 14.313068389892578125 14.309618949890136719 14.306169509887695313 14.302721023559570313 14.299271583557128906 14.2958221435546875
15.089816093444824219 15.027387619018554688 14.964960098266601563 14.902532577514648438 14.874897003173828125 14.882055282592773438 14.88921356201171875 14.896370887756347656 14.903529167175292969 14.910686492919921875 14.892042160034179688 14.847596168518066406 14.803149223327636719 14.758702278137207031 14.71425628662109375 14.669809341430664063 14.632948875427246094 14.60367584228515625 14.57440185546875 14.54512786865234375 14.5158538818359375 14.48657989501953125 14.462801933288574219 14.44451904296875 14.426236152648925781 14.407953262329101563 14.389670372009277344 14.371387481689453125 14.351884841918945313 14.331164360046386719 14.310443878173828125 14.289723396301269531 14.269002914428710938 14.248282432556152344 14.236197471618652344 14.232748031616210938 14.229298591613769531 14.225850105285644531 14.222400665283203125 14.218951225280761719
14.968714714050292969 14.907227516174316406 14.845740318298339844 14.784253120422363281 14.760051727294921875 14.773135185241699219 14.786218643188476563 14.799302101135253906 14.81238555908203125 14.825469017028808594 14.810244560241699219 14.766711235046386719 14.723176956176757813 14.679643630981445313 14.636110305786132813 14.592576980590820313 14.555111885070800781 14.523714065551757813 14.492316246032714844 14.460918426513671875 14.429520606994628906 14.398122787475585938 14.373294830322265625 14.355037689208984375 14.336781501770019531 14.318524360656738281 14.300267219543457031 14.282010078430175781 14.263562202453613281 14.244923591613769531 14.226284980773925781 14.207646369934082031 14.189007759094238281 14.170370101928710938 14.159325599670410156 14.155877113342285156 14.15242767333984375 14.148978233337402344 14.145529747009277344 14.142080307006835938
14.847613334655761719 14.787067413330078125 14.726520538330078125 14.665974617004394531 14.645206451416015625 14.664215087890625 14.683224678039550781 14.702233314514160156 14.721242904663085938 14.740251541137695313 14.728446006774902344 14.685825347900390625 14.643205642700195313 14.600584983825683594 14.557965278625488281 14.515344619750976563 14.477273941040039063 14.443752288818359375 14.410230636596679688 14.376708984375 14.343187332153320313 14.309665679931640625 14.283788681030273438 14.265557289123535156 14.247325897216796875 14.229095458984375 14.210864067077636719 14.192632675170898438 14.175238609313964844 14.158682823181152344 14.142126083374023438 14.125570297241210938 14.109013557434082031 14.092457771301269531 14.082454681396484375 14.079006195068359375 14.075556755065917969 14.072107315063476563 14.068658828735351563 14.065209388732910156
14.726511955261230469 14.666906356811523438 14.607301712036132813 14.547696113586425781 14.530360221862792969 14.555294990539550781 14.580229759216308594 14.605164527893066406 14.630099296569824219 14.655034065246582031 14.646647453308105469 14.604940414428710938 14.563233375549316406 14.521526336669921875 14.479819297790527344 14.438112258911132813 14.399435997009277344 14.363790512084960938 14.328145027160644531 14.292499542236328125 14.256854057312011719 14.221207618713378906 14.19428253173828125 14.176076889038085938 14.157871246337890625 14.139665603637695313 14.121460914611816406 14.103255271911621094 14.086915016174316406 14.07244110107421875 14.057967185974121094 14.043493270874023438 14.029019355773925781 14.014545440673828125 14.005583763122558594 14.002134323120117188 13.998685836791992188 13.995236396789550781 13.991787910461425781 13.988338470458984375
14.605410575866699219 14.546746253967285156 14.488081932067871094 14.429417610168457031 14.415514945983886719 14.446374893188476563 14.477235794067382813 14.508095741271972656 14.5389556884765625 14.56981658935546875 14.564849853515625 14.52405548095703125 14.483262062072753906 14.442467689514160156 14.401674270629882813 14.360879898071289063 14.321598052978515625 14.2838287353515625 14.246059417724609375 14.20829010009765625 14.170519828796386719 14.132750511169433594 14.104776382446289063 14.086596488952636719 14.068416595458984375 14.050236701965332031 14.032057762145996094 14.01387786865234375 13.998592376708984375 13.986200332641601563 13.97380828857421875 13.961416244506835938 13.949024200439453125 13.936633110046386719 13.928711891174316406 13.925263404846191406 13.921814918518066406 13.918365478515625 13.9149169921875 13.911468505859375
14.486037254333496094 14.427703857421875 14.369370460510253906 14.311037063598632813 14.299932479858398438 14.336054801940917969 14.372178077697753906 14.408300399780273438 14.444423675537109375 14.480545997619628906 14.479453086853027344 14.441143035888671875 14.402833938598632813 14.36452484130859375 14.326215744018554688 14.287905693054199219 14.249011993408203125 14.209532737731933594 14.170053482055664063 14.130575180053710938 14.091095924377441406 14.051616668701171875 14.022180557250976563 14.002786636352539063 13.983392715454101563 13.963997840881347656 13.944603919982910156 13.925209999084472656 13.909841537475585938 13.898496627807617188 13.887152671813964844 13.8758087158203125 13.86446380615234375 13.853119850158691406 13.845740318298339844 13.842325210571289063 13.838910102844238281 13.8354949951171875 13.832079887390136719 13.828664779663085938
14.368391990661621094 14.309780120849609375 14.251168251037597656 14.192556381225585938 14.183611869812011719 14.224333763122558594 14.265056610107421875 14.30577850341796875 14.346501350402832031 14.387223243713378906 14.390458106994628906 14.356204032897949219 14.321950912475585938 14.28769683837890625 14.253443717956542969 14.219189643859863281 14.181675910949707031 14.140902519226074219 14.100128173828125 14.059354782104492188 14.018580436706542969 13.977807044982910156 13.94649505615234375 13.924646377563476563 13.902797698974609375 13.880949020385742188 13.859100341796875 13.837251663208007813 13.820662498474121094 13.809330940246582031 13.797999382019042969 13.786668777465820313 13.77533721923828125 13.764006614685058594 13.756667137145996094 13.753319740295410156 13.749971389770507813 13.746623992919921875 13.743276596069335938 13.73992919921875
14.250746726989746094 14.19185638427734375 14.132966041564941406 14.074075698852539063 14.067291259765625 14.112612724304199219 14.157935142517089844 14.203256607055664063 14.248579025268554688 14.293900489807128906 14.301463127136230469 14.271265029907226563 14.241066932678222656 14.21086883544921875 14.18067169189453125 14.150473594665527344 14.114339828491210938 14.072271347045898438 14.030202865600585938 13.988133430480957031 13.946064949035644531 13.903996467590332031 13.870810508728027344 13.846507072448730469 13.822203636169433594 13.797900199890136719 13.77359771728515625 13.749294281005859375 13.73148345947265625 13.720165252685546875 13.7088470458984375 13.697528839111328125 13.68621063232421875 13.674892425537109375 13.667593955993652344 13.664313316345214844 13.66103363037109375 13.65775299072265625 13.654473304748535156 13.651193618774414063
14.133101463317871094 14.073932647705078125 14.014763832092285156 13.955594062805175781 13.950970649719238281 14.00089263916015625 14.050813674926757813 14.100735664367675781 14.150656700134277344 14.200578689575195313 14.212468147277832031 14.186326026916503906 14.160183906555175781 14.134041786193847656 14.107899665832519531 14.081757545471191406 14.04700469970703125 14.003641128540039063 13.960276603698730469 13.916913032531738281 13.873549461364746094 13.830185890197753906 13.795125007629394531 13.768367767333984375 13.741609573364257813 13.71485137939453125 13.688094139099121094 13.661335945129394531 13.642304420471191406 13.630999565124511719 13.619694709777832031 13.608388900756835938 13.59708404541015625 13.585779190063476563 13.578519821166992188 13.575307846069335938 13.572094917297363281 13.568882942199707031 13.565670013427734375 13.562457084655761719
14.015456199645996094 13.9560089111328125 13.896561622619628906 13.837113380432128906 13.834650039672851563 13.889171600341796875 13.943692207336425781 13.998213768005371094 14.052734375 14.107255935668945313 14.123473167419433594 14.10138702392578125 14.0792999267578125 14.057213783264160156 14.035127639770507813 14.013040542602539063 13.979668617248535156 13.935009956359863281 13.890351295471191406 13.845692634582519531 13.801034927368164063 13.756376266479492188 13.719440460205078125 13.690227508544921875 13.661015510559082031 13.631802558898925781 13.602590560913085938 13.573377609252929688 13.553125381469726563 13.541833877563476563 13.530541419982910156 13.519249916076660156 13.50795745849609375 13.49666595458984375 13.489446640014648438 13.486302375793457031 13.483157157897949219 13.480011940002441406 13.476866722106933594 13.473721504211425781
13.897810935974121094 13.838085174560546875 13.77835845947265625 13.718632698059082031 13.718329429626464844 13.7774505615234375 13.83657073974609375 13.895691871643066406 13.954812049865722656 14.013933181762695313 14.034478187561035156 14.016447067260742188 13.998416900634765625 13.980385780334472656 13.962355613708496094 13.944324493408203125 13.912332534790039063 13.866379737854003906 13.820425987243652344 13.774472236633300781 13.728519439697265625 13.682565689086914063 13.643755912780761719 13.612088203430175781 13.58042144775390625 13.548753738403320313 13.517086982727050781 13.48542022705078125 13.463946342468261719 13.452668190002441406 13.441389083862304688 13.430109977722167969 13.41883087158203125 13.407551765441894531 13.400373458862304688 13.397295951843261719 13.39421844482421875 13.391140937805175781 13.388063430786132813 13.384985923767089844
13.793939590454101563 13.734810829162597656 13.675681114196777344 13.616552352905273438 13.61733245849609375 13.678021430969238281 13.738711357116699219 13.799401283264160156 13.860091209411621094 13.920780181884765625 13.943810462951660156 13.929180145263671875 13.914549827575683594 13.899919509887695313 13.885289192199707031 13.87065887451171875 13.840244293212890625 13.794045448303222656 13.747845649719238281 13.701646804809570313 13.655447959899902344 13.609248161315917969 13.569427490234375 13.535984992980957031 13.502542495727539063 13.469099998474121094 13.435656547546386719 13.40221405029296875 13.379663467407226563 13.36800384521484375 13.356345176696777344 13.344686508178710938 13.333026885986328125 13.321368217468261719 13.314081192016601563 13.311166763305664063 13.308251380920410156 13.305336952209472656 13.302422523498535156 13.29950714111328125
13.703843116760253906 13.646185874938964844 13.588528633117675781 13.530871391296386719 13.531657218933105469 13.590885162353515625 13.650113105773925781 13.709341049194335938 13.7685699462890625 13.827797889709472656 13.851469039916992188 13.8395843505859375 13.827698707580566406 13.815814018249511719 13.803928375244140625 13.792043685913085938 13.763402938842773438 13.718007087707519531 13.672611236572265625 13.627216339111328125 13.581820487976074219 13.536424636840820313 13.496457099914550781 13.461917877197265625 13.427378654479980469 13.392839431762695313 13.358300209045410156 13.323760986328125 13.300275802612304688 13.287842750549316406 13.275410652160644531 13.262978553771972656 13.250545501708984375 13.2381134033203125 13.230568885803222656 13.22791290283203125 13.225255966186523438 13.222599029541015625 13.219943046569824219 13.217286109924316406
13.613745689392089844 13.557560920715332031 13.501376152038574219 13.445191383361816406 13.445981979370117188 13.503748893737792969 13.561514854431152344 13.619281768798828125 13.677048683166503906 13.734814643859863281 13.759127616882324219 13.749987602233886719 13.740847587585449219 13.731707572937011719 13.722567558288574219 13.713427543640136719 13.68656158447265625 13.641969680786132813 13.597377777099609375 13.552784919738769531 13.508193016052246094 13.46360015869140625 13.423486709594726563 13.387850761413574219 13.352214813232421875 13.316579818725585938 13.280943870544433594 13.24530792236328125 13.220887184143066406 13.207681655883789063 13.194476127624511719 13.181270599365234375 13.168065071105957031 13.154859542846679688 13.147057533264160156 13.144659042358398438 13.142260551452636719 13.139862060546875 13.137463569641113281 13.135065078735351563
13.523649215698242188 13.468935966491699219 13.414223670959472656 13.359510421752929688 13.360306739807128906 13.416611671447753906 13.472916603088378906 13.529221534729003906 13.585527420043945313 13.641832351684570313 13.666787147521972656 13.660391807556152344 13.653997421264648438 13.647602081298828125 13.641207695007324219 13.634812355041503906 13.609721183776855469 13.565932273864746094 13.522143363952636719 13.478354454040527344 13.434565544128417969 13.390776634216308594 13.350516319274902344 13.313783645629882813 13.277051925659179688 13.240319252014160156 13.203587532043457031 13.1668548583984375 13.141499519348144531 13.127520561218261719 13.113541603088378906 13.099562644958496094 13.085583686828613281 13.071604728698730469 13.06354522705078125 13.061405181884765625 13.05926513671875 13.057125091552734375 13.054984092712402344 13.052844047546386719
13.433551788330078125 13.380311012268066406 13.327071189880371094 13.273830413818359375 13.274632453918457031 13.32947540283203125 13.384319305419921875 13.439162254333496094 13.494006156921386719 13.548849105834960938 13.574445724487304688 13.570796012878417969 13.56714630126953125 13.563496589660644531 13.559846878051757813 13.556197166442871094 13.532879829406738281 13.489893913269042969 13.446908950805664063 13.40392303466796875 13.360938072204589844 13.317952156066894531 13.277544975280761719 13.239716529846191406 13.201888084411621094 13.164059638977050781 13.126231193542480469 13.08840179443359375 13.062111854553222656 13.047359466552734375 13.032607078552246094 13.017854690551757813 13.003102302551269531 12.98834991455078125 12.980032920837402344 12.978151321411132813 12.976268768310546875 12.974387168884277344 12.972505569458007813 12.970623016357421875
13.343454360961914063 13.291686058044433594 13.239918708801269531 13.188150405883789063 13.18895721435546875 13.242339134216308594 13.295721054077148438 13.349102973937988281 13.402484893798828125 13.455865859985351563 13.482105255126953125 13.481200218200683594 13.480295181274414063 13.479391098022460938 13.478486061096191406 13.477581977844238281 13.456038475036621094 13.41385650634765625 13.371674537658691406 13.329492568969726563 13.287310600280761719 13.245128631591796875 13.2045745849609375 13.1656494140625 13.1267242431640625 13.087799072265625 13.0488739013671875 13.00994873046875 12.982724189758300781 12.967198371887207031 12.951672554016113281 12.936146736145019531 12.920621871948242188 12.905096054077148438 12.896521568298339844 12.8948974609375 12.893273353576660156 12.891650199890136719 12.890026092529296875 12.888401985168457031
