data/dp9ann.asc
ncols        384
nrows        480
xllcorner    138.000000000000
yllcorner    -29.000000000000
cellsize     0.041666666667
NODATA_value -9999
[rows 198 to 215 of 480, columns 120 to 159 of 384]
15.412813186645507813 15.3863525390625 15.359892845153808594 15.333432197570800781 15.306972503662109375 15.280511856079101563 15.261128425598144531 15.248821258544921875 15.236515045166015625 15.224207878112792969 15.211900711059570313 15.199593544006347656 15.185982704162597656 15.171067237854003906 15.156151771545410156 15.141236305236816406 15.126320838928222656 15.111405372619628906 15.105793952941894531 15.109487533569335938 15.113181114196777344 15.116873741149902344 15.12056732177734375 15.124260902404785156 15.125947952270507813 15.125628471374511719 15.125308990478515625 15.124990463256835938 15.124670982360839844 15.12435150146484375 15.119336128234863281 15.109624862670898438 15.099912643432617188 15.090201377868652344 15.080489158630371094 15.07077789306640625 15.065443038940429688 15.064485549926757813 15.063528060913085938 15.062570571899414063
15.353761672973632813 15.328591346740722656 15.303421974182128906 15.278252601623535156 15.253082275390625 15.22791290283203125 15.208754539489746094 15.195608139038085938 15.182460784912109375 15.169314384460449219 15.156167030334472656 15.1430206298828125 15.127966880798339844 15.111004829406738281 15.094043731689453125 15.077081680297851563 15.060120582580566406 15.043158531188964844 15.036547660827636719 15.040286064147949219 15.044025421142578125 15.047763824462890625 15.051503181457519531 15.055241584777832031 15.057158470153808594 15.057253837585449219 15.057348251342773438 15.057443618774414063 15.057538032531738281 15.057633399963378906 15.053985595703125 15.046595573425292969 15.039204597473144531 15.0318145751953125 15.024424552917480469 15.017033576965332031 15.014227867126464844 15.016007423400878906 15.017786979675292969 15.019565582275390625
15.294709205627441406 15.270830154418945313 15.246951103210449219 15.223072052001953125 15.199193000793457031 15.175313949584960938 15.156380653381347656 15.142394065856933594 15.128407478332519531 15.114420890808105469 15.100434303283691406 15.086446762084960938 15.069950103759765625 15.050942420959472656 15.031934738159179688 15.012927055358886719 14.99391937255859375 14.974911689758300781 14.9673004150390625 14.9710845947265625 14.9748687744140625 14.978653907775878906 14.982438087463378906 14.986222267150878906 14.988368988037109375 14.988878250122070313 14.98938751220703125 14.989896774291992188 14.990406036376953125 14.990915298461914063 14.988635063171386719 14.9835662841796875 14.978496551513671875 14.973427772521972656 14.968358993530273438 14.963289260864257813 14.963013648986816406 14.967529296875 14.972044944763183594 14.976561546325683594
15.235657691955566406 15.213068962097167969 15.190480232238769531 15.167891502380371094 15.145303726196289063 15.122714996337890625 15.104006767272949219 15.08917999267578125 15.074354171752929688 15.059527397155761719 15.04470062255859375 15.029873847961425781 15.011933326721191406 14.990880012512207031 14.969826698303222656 14.948772430419921875 14.9277191162109375 14.906664848327636719 14.898053169250488281 14.901883125305175781 14.905713081359863281 14.909543037414550781 14.913373947143554688 14.917203903198242188 14.919580459594726563 14.920503616333007813 14.921426773071289063 14.922349929809570313 14.923273086547851563 14.924196243286132813 14.923284530639648438 14.920536994934082031 14.917788505554199219 14.915040969848632813 14.912293434143066406 14.9095458984375 14.911798477172851563 14.919051170349121094 14.926303863525390625 14.933556556701660156
15.176606178283691406 15.155307769775390625 15.13401031494140625 15.112711906433105469 15.091413497924804688 15.070116043090820313 15.051632881164550781 15.035966873168945313 15.020299911499023438 15.004633903503417969 14.988966941833496094 14.973300933837890625 14.953917503356933594 14.930817604064941406 14.907717704772949219 14.884617805480957031 14.86151885986328125 14.838418960571289063 14.828806877136230469 14.832682609558105469 14.836557388305664063 14.840433120727539063 14.844308853149414063 14.848184585571289063 14.850790977478027344 14.852128028869628906 14.853466033935546875 14.854803085327148438 14.856141090393066406 14.857478141784667969 14.857933998107910156 14.857507705688476563 14.857080459594726563 14.856654167175292969 14.856227874755859375 14.855801582336425781 14.860583305358886719 14.870573043823242188 14.880562782287597656 14.890552520751953125
15.117554664611816406 15.097546577453613281 15.077539443969726563 15.057531356811523438 15.037524223327636719 15.017516136169433594 14.99925994873046875 14.982752799987792969 14.966246604919433594 14.949740409851074219 14.933233261108398438 14.916727066040039063 14.895900726318359375 14.870755195617675781 14.845609664916992188 14.820463180541992188 14.795317649841308594 14.770172119140625 14.75955963134765625 14.76348114013671875 14.767401695251464844 14.771323204040527344 14.775244712829589844 14.779165267944335938 14.782001495361328125 14.783753395080566406 14.785505294799804688 14.787256240844726563 14.789008140563964844 14.790760040283203125 14.792583465576171875 14.794478416442871094 14.796372413635253906 14.798267364501953125 14.800162315368652344 14.802057266235351563 14.809368133544921875 14.822094917297363281 14.834820747375488281 14.847547531127929688
15.055047988891601563 15.037220001220703125 15.019392013549804688 15.00156402587890625 14.983736038208007813 14.965908050537109375 14.948602676391601563 14.931819915771484375 14.915037155151367188 14.89825439453125 14.881471633911132813 14.864688873291015625 14.842959403991699219 14.816283226013183594 14.789607048034667969 14.762929916381835938 14.736253738403320313 14.709577560424804688 14.6980438232421875 14.701651573181152344 14.705260276794433594 14.708868980407714844 14.712477684020996094 14.716085433959960938 14.71872711181640625 14.720402717590332031 14.722077369689941406 14.723752021789550781 14.725426673889160156 14.727101325988769531 14.729816436767578125 14.733572006225585938 14.73732757568359375 14.741082191467285156 14.744837760925292969 14.748593330383300781 14.757864952087402344 14.77265167236328125 14.787439346313476563 14.802226066589355469
14.989087104797363281 14.97432708740234375 14.959568023681640625 14.9448089599609375 14.930048942565917969 14.915289878845214844 14.899662971496582031 14.883167266845703125 14.866672515869140625 14.850176811218261719 14.833682060241699219 14.817186355590820313 14.795093536376953125 14.767401695251464844 14.739709854125976563 14.712018013000488281 14.684327125549316406 14.656635284423828125 14.644258499145507813 14.647195816040039063 14.650133132934570313 14.653070449829101563 14.656007766723632813 14.658946037292480469 14.660967826843261719 14.662075042724609375 14.663182258605957031 14.664289474487304688 14.665396690368652344 14.66650390625 14.669634819030761719 14.6747894287109375 14.679944038391113281 14.685098648071289063 14.690253257751464844 14.695408821105957031 14.706071853637695313 14.7222442626953125 14.738415718078613281 14.754588127136230469
14.923126220703125 14.911435127258300781 14.899744033813476563 14.888052940368652344 14.876362800598144531 14.864671707153320313 14.850722312927246094 14.834514617919921875 14.818306922912597656 14.802099227905273438 14.785891532897949219 14.769684791564941406 14.747226715087890625 14.718520164489746094 14.689813613891601563 14.661106109619140625 14.632399559020996094 14.603693008422851563 14.590473175048828125 14.592739105224609375 14.595005989074707031 14.597272872924804688 14.599538803100585938 14.601805686950683594 14.603208541870117188 14.603748321533203125 14.604287147521972656 14.604826927185058594 14.605365753173828125 14.605905532836914063 14.609452247619628906 14.616006851196289063 14.622560501098632813 14.629115104675292969 14.635669708251953125 14.642223358154296875 14.654279708862304688 14.671835899353027344 14.689393043518066406 14.706950187683105469
14.857164382934570313 14.848542213439941406 14.8399200439453125 14.831297874450683594 14.822675704956054688 14.814053535461425781 14.801782608032226563 14.785861968994140625 14.769942283630371094 14.754021644592285156 14.738101959228515625 14.722182273864746094 14.699360847473144531 14.669638633728027344 14.639916419982910156 14.610194206237792969 14.580472946166992188 14.550750732421875 14.536686897277832031 14.538283348083496094 14.53987884521484375 14.541474342346191406 14.543069839477539063 14.544665336608886719 14.545449256896972656 14.545420646667480469 14.545392036437988281 14.5453643798828125 14.545335769653320313 14.545307159423828125 14.549269676208496094 14.557224273681640625 14.56517791748046875 14.573131561279296875 14.581085205078125 14.589038848876953125 14.602486610412597656 14.621428489685058594 14.640370368957519531 14.659312248229980469
14.791203498840332031 14.785650253295898438 14.780096054077148438 14.774542808532714844 14.768988609313964844 14.76343536376953125 14.752841949462890625 14.737209320068359375 14.721576690673828125 14.705945014953613281 14.690312385559082031 14.674679756164550781 14.651494979858398438 14.620757102966308594 14.590020179748535156 14.559282302856445313 14.528545379638671875 14.497808456420898438 14.482901573181152344 14.483826637268066406 14.484751701354980469 14.485675811767578125 14.486600875854492188 14.487524986267089844 14.487689971923828125 14.487093925476074219 14.486497879028320313 14.485901832580566406 14.4853057861328125 14.484709739685058594 14.489088058471679688 14.498440742492675781 14.507794380187988281 14.517148017883300781 14.526500701904296875 14.535854339599609375 14.550694465637207031 14.571021080017089844 14.59134674072265625 14.611673355102539063
14.72524261474609375 14.722757339477539063 14.720272064208984375 14.717787742614746094 14.715302467346191406 14.712817192077636719 14.703902244567871094 14.688556671142578125 14.673212051391601563 14.657867431640625 14.642521858215332031 14.627177238464355469 14.603628158569335938 14.571875572204589844 14.54012298583984375 14.508370399475097656 14.476618766784667969 14.444866180419921875 14.429116249084472656 14.429369926452636719 14.429623603820800781 14.42987823486328125 14.430131912231445313 14.430385589599609375 14.429930686950683594 14.428766250610351563 14.427602767944335938 14.426439285278320313 14.425274848937988281 14.424111366271972656 14.428905487060546875 14.439658164978027344 14.450410842895507813 14.461164474487304688 14.471917152404785156 14.482669830322265625 14.4989013671875 14.520612716674804688 14.542324066162109375 14.564035415649414063
14.662242889404296875 14.661287307739257813 14.66033172607421875 14.659376144409179688 14.658420562744140625 14.657464981079101563 14.649235725402832031 14.633730888366699219 14.618227005004882813 14.602723121643066406 14.58721923828125 14.571715354919433594 14.54796600341796875 14.515971183776855469 14.483975410461425781 14.4519805908203125 14.419985771179199219 14.387989997863769531 14.371481895446777344 14.37046051025390625 14.369439125061035156 14.368417739868164063 14.367396354675292969 14.366374969482421875 14.365275382995605469 14.364098548889160156 14.362920761108398438 14.361743927001953125 14.360566139221191406 14.359389305114746094 14.364288330078125 14.375264167785644531 14.386239051818847656 14.397214889526367188 14.408189773559570313 14.419165611267089844 14.437686920166015625 14.463753700256347656 14.489819526672363281 14.515886306762695313
14.602204322814941406 14.601239204406738281 14.600274085998535156 14.599308967590332031 14.598343849182128906 14.597378730773925781 14.588841438293457031 14.572731971740722656 14.556622505187988281 14.540513038635253906 14.524403572082519531 14.508294105529785156 14.484507560729980469 14.453042030334472656 14.42157745361328125 14.390111923217773438 14.358647346496582031 14.327181816101074219 14.309999465942382813 14.307098388671875 14.304197311401367188 14.301296234130859375 14.298395156860351563 14.29549407958984375 14.293725967407226563 14.293088912963867188 14.292452812194824219 14.29181671142578125 14.291179656982421875 14.290543556213378906 14.295235633850097656 14.305256843566894531 14.315278053283691406 14.325300216674804688 14.335321426391601563 14.345342636108398438 14.367049217224121094 14.400442123413085938 14.433834075927734375 14.467226982116699219
14.542164802551269531 14.541190147399902344 14.540216445922851563 14.539241790771484375 14.538267135620117188 14.53729248046875 14.528448104858398438 14.511733055114746094 14.49501800537109375 14.478303909301757813 14.461588859558105469 14.444873809814453125 14.421049118041992188 14.39011383056640625 14.359178543090820313 14.328243255615234375 14.297308921813964844 14.266373634338378906 14.248516082763671875 14.243735313415527344 14.238954544067382813 14.234174728393554688 14.229393959045410156 14.224613189697265625 14.22217559814453125 14.222080230712890625 14.22198486328125 14.221888542175292969 14.221793174743652344 14.221697807312011719 14.226183891296386719 14.235250473022460938 14.244318008422851563 14.253384590148925781 14.262452125549316406 14.271518707275390625 14.296411514282226563 14.337130546569824219 14.377848625183105469 14.418566703796386719
14.482126235961914063 14.481142044067382813 14.480158805847167969 14.479174613952636719 14.478190422058105469 14.477206230163574219 14.468054771423339844 14.450734138488769531 14.433413505554199219 14.416093826293945313 14.398773193359375 14.381452560424804688 14.357590675354003906 14.327185630798339844 14.296780586242675781 14.266375541687011719 14.235970497131347656 14.205565452575683594 14.187032699584960938 14.180373191833496094 14.173712730407714844 14.16705322265625 14.16039276123046875 14.153733253479003906 14.150625228881835938 14.151070594787597656 14.151515960693359375 14.151961326599121094 14.152406692504882813 14.152852058410644531 14.157131195068359375 14.165244102478027344 14.173357009887695313 14.181469917297363281 14.18958282470703125 14.197695732116699219 14.225774765014648438 14.2738189697265625 14.321862220764160156 14.369906425476074219
14.422087669372558594 14.421093940734863281 14.420100212097167969 14.419107437133789063 14.41811370849609375 14.417120933532714844 14.407660484313964844 14.389735221862792969 14.371809005737304688 14.353883743286132813 14.335957527160644531 14.318032264709472656 14.294131278991699219 14.264256477355957031 14.234381675720214844 14.204506874084472656 14.174632072448730469 14.144757270812988281 14.12554931640625 14.117010116577148438 14.108470916748046875 14.099930763244628906 14.091391563415527344 14.082852363586425781 14.079075813293457031 14.080061912536621094 14.081048011779785156 14.082034111022949219 14.083020210266113281 14.084006309509277344 14.088078498840332031 14.09523773193359375 14.102396011352539063 14.109555244445800781 14.116713523864746094 14.123872756958007813 14.155137062072753906 14.210507392883300781 14.26587677001953125 14.321247100830078125
14.362048149108886719 14.36104583740234375 14.360042572021484375 14.359040260314941406 14.358036994934082031 14.357034683227539063 14.34726715087890625 14.328736305236816406 14.310204505920410156 14.291673660278320313 14.273142814636230469 14.254611015319824219 14.230672836303710938 14.201328277587890625 14.171983718872070313 14.142638206481933594 14.113293647766113281 14.083948135375976563 14.064066886901855469 14.053647994995117188 14.0432281494140625 14.032809257507324219 14.022390365600585938 14.011971473693847656 14.007525444030761719 14.009052276611328125 14.010579109191894531 14.012105941772460938 14.01363372802734375 14.015160560607910156 14.019025802612304688 14.02523040771484375 14.031435012817382813 14.037640571594238281 14.043845176696777344 14.050049781799316406 14.084499359130859375 14.147195816040039063 14.209891319274902344 14.272586822509765625
