data/dp9jan.asc
ncols        384
nrows        480
xllcorner    138.000000000000
yllcorner    -29.000000000000
cellsize     0.041666666667
NODATA_value -9999
[rows 162 to 179 of 480, columns 160 to 199 of 384]
21.820894241333007813 21.854852676391601563 21.914224624633789063 21.9990081787109375 22.08379364013671875 22.168577194213867188 22.253362655639648438 22.338146209716796875 22.44551849365234375 22.575479507446289063 22.705440521240234375 22.835399627685546875 22.965360641479492188 23.0953216552734375 23.203908920288085938 23.291120529174804688 23.37833404541015625 23.465545654296875 23.552759170532226563 23.639970779418945313 23.703304290771484375 23.742755889892578125 23.782209396362304688 23.821660995483398438 23.861114501953125 23.90056610107421875 23.916524887084960938 23.908990859985351563 23.901456832885742188 23.8939208984375 23.886386871337890625 23.87885284423828125 23.873983383178710938 23.871778488159179688 23.869573593139648438 23.867368698120117188 23.86516571044921875 23.8629608154296875 23.858242034912109375 23.851011276245117188
21.72809600830078125 21.7611236572265625 21.816907882690429688 21.895444869995117188 21.9739837646484375 22.052520751953125 22.131059646606445313 22.209596633911132813 22.313833236694335938 22.443767547607421875 22.573701858520507813 22.703634262084960938 22.833568572998046875 22.963502883911132813 23.081981658935546875 23.189004898071289063 23.29602813720703125 23.40305328369140625 23.510076522827148438 23.617099761962890625 23.690441131591796875 23.730100631713867188 23.769762039184570313 23.809421539306640625 23.84908294677734375 23.888742446899414063 23.905239105224609375 23.8985748291015625 23.891908645629882813 23.885242462158203125 23.87857818603515625 23.871912002563476563 23.8675689697265625 23.865549087524414063 23.863529205322265625 23.861507415771484375 23.859487533569335938 23.8574676513671875 23.853031158447265625 23.846179962158203125
21.635297775268554688 21.66739654541015625 21.719591140747070313 21.791883468627929688 21.86417388916015625 21.936464309692382813 22.008756637573242188 22.08104705810546875 22.182146072387695313 22.312053680419921875 22.441961288452148438 22.571870803833007813 22.701778411865234375 22.831686019897460938 22.960056304931640625 23.08689117431640625 23.213724136352539063 23.340559005737304688 23.4673919677734375 23.594226837158203125 23.677577972412109375 23.71744537353515625 23.757314682006835938 23.797182083129882813 23.837049484252929688 23.876918792724609375 23.893953323364257813 23.888156890869140625 23.882360458374023438 23.87656402587890625 23.870767593383789063 23.864971160888671875 23.861156463623046875 23.859319686889648438 23.85748291015625 23.855646133422851563 23.853809356689453125 23.851972579956054688 23.847820281982421875 23.841350555419921875
21.542499542236328125 21.57366943359375 21.62227630615234375 21.688320159912109375 21.754364013671875 21.820407867431640625 21.886453628540039063 21.952497482299804688 22.0504608154296875 22.180341720581054688 22.310222625732421875 22.440105438232421875 22.569986343383789063 22.69986724853515625 22.838130950927734375 22.984775543212890625 23.131420135498046875 23.278064727783203125 23.424709320068359375 23.571353912353515625 23.664714813232421875 23.704790115356445313 23.744867324829101563 23.784942626953125 23.825017929077148438 23.865093231201171875 23.88266754150390625 23.877740859985351563 23.872814178466796875 23.867885589599609375 23.862958908081054688 23.8580322265625 23.854742050170898438 23.853090286254882813 23.851436614990234375 23.84978485107421875 23.848133087158203125 23.846479415893554688 23.842609405517578125 23.836519241333007813
21.449703216552734375 21.479940414428710938 21.524959564208984375 21.584756851196289063 21.64455413818359375 21.70435333251953125 21.764150619506835938 21.823947906494140625 21.918773651123046875 22.0486297607421875 22.178483963012695313 22.308340072631835938 22.43819427490234375 22.568050384521484375 22.716205596923828125 22.882659912109375 23.049116134643554688 23.215570449829101563 23.38202667236328125 23.548480987548828125 23.651851654052734375 23.692134857177734375 23.732418060302734375 23.772703170776367188 23.812986373901367188 23.853269577026367188 23.871381759643554688 23.8673248291015625 23.8632659912109375 23.8592071533203125 23.855150222778320313 23.851091384887695313 23.84832763671875 23.846858978271484375 23.845392227172851563 23.843923568725585938 23.842454910278320313 23.840986251831054688 23.837398529052734375 23.831689834594726563
21.356904983520507813 21.386213302612304688 21.427642822265625 21.48119354248046875 21.534746170043945313 21.588296890258789063 21.641847610473632813 21.695398330688476563 21.787088394165039063 21.916917800903320313 22.04674530029296875 22.17657470703125 22.306402206420898438 22.436231613159179688 22.594278335571289063 22.780544281005859375 22.966810226440429688 23.153078079223632813 23.339344024658203125 23.525609970092773438 23.638988494873046875 23.679479598999023438 23.719970703125 23.760461807250976563 23.800954818725585938 23.8414459228515625 23.860095977783203125 23.856906890869140625 23.853717803955078125 23.850528717041015625 23.847339630126953125 23.844150543212890625 23.841915130615234375 23.84062957763671875 23.839345932006835938 23.838062286376953125 23.8367767333984375 23.835493087768554688 23.832185745239257813 23.8268585205078125
21.268350601196289063 21.291717529296875 21.328464508056640625 21.378589630126953125 21.428714752197265625 21.478837966918945313 21.528963088989257813 21.579088211059570313 21.672475814819335938 21.809125900268554688 21.945775985717773438 22.082424163818359375 22.219074249267578125 22.355724334716796875 22.52330780029296875 22.721828460693359375 22.92034912109375 23.118869781494140625 23.31739044189453125 23.515909194946289063 23.634914398193359375 23.674406051635742188 23.713895797729492188 23.753385543823242188 23.792877197265625 23.832366943359375 23.850782394409179688 23.848119735717773438 23.845457077026367188 23.84279632568359375 23.8401336669921875 23.837472915649414063 23.835443496704101563 23.834047317504882813 23.832653045654296875 23.831256866455078125 23.829862594604492188 23.828466415405273438 23.82544708251953125 23.820806503295898438
21.184040069580078125 21.196453094482421875 21.227420806884765625 21.276941299438476563 21.326459884643554688 21.375980377197265625 21.42549896240234375 21.475019454956054688 21.574937820434570313 21.725255966186523438 21.875574111938476563 22.025890350341796875 22.17620849609375 22.326526641845703125 22.503293991088867188 22.706512451171875 22.90972900390625 23.112947463989257813 23.316165924072265625 23.519382476806640625 23.639631271362304688 23.676912307739257813 23.714193344116210938 23.751474380493164063 23.788753509521484375 23.8260345458984375 23.84343719482421875 23.840959548950195313 23.838483810424804688 23.836008071899414063 23.833530426025390625 23.8310546875 23.828914642333984375 23.827114105224609375 23.825311660766601563 23.823511123657226563 23.82170867919921875 23.81990814208984375 23.817180633544921875 23.81352996826171875
21.099727630615234375 21.101190567016601563 21.126379013061523438 21.17529296875 21.224206924438476563 21.273120880126953125 21.322034835815429688 21.37094879150390625 21.477399826049804688 21.641386032104492188 21.805370330810546875 21.969356536865234375 22.133342742919921875 22.297328948974609375 22.483278274536132813 22.691194534301757813 22.89910888671875 23.107025146484375 23.31494140625 23.522855758666992188 23.64434814453125 23.67942047119140625 23.714490890502929688 23.749561309814453125 23.784631729125976563 23.8197021484375 23.836091995239257813 23.83380126953125 23.831510543823242188 23.829219818115234375 23.82692718505859375 23.824636459350585938 23.8223876953125 23.820178985595703125 23.817972183227539063 23.815763473510742188 23.813556671142578125 23.811349868774414063 23.8089141845703125 23.806255340576171875
21.015417098999023438 21.005926132202148438 21.025335311889648438 21.073644638061523438 21.121953964233398438 21.170261383056640625 21.218570709228515625 21.266880035400390625 21.379861831665039063 21.557516098022460938 21.73516845703125 21.912822723388671875 22.09047698974609375 22.268131256103515625 22.46326446533203125 22.675876617431640625 22.888490676879882813 23.101102828979492188 23.313716888427734375 23.52632904052734375 23.649065017700195313 23.681926727294921875 23.714786529541015625 23.747648239135742188 23.78050994873046875 23.8133697509765625 23.828746795654296875 23.826641082763671875 23.824535369873046875 23.822429656982421875 23.820323944091796875 23.818218231201171875 23.815858840942382813 23.813245773315429688 23.81063079833984375 23.808017730712890625 23.8054046630859375 23.802789688110351563 23.800647735595703125 23.798978805541992188
20.9311065673828125 20.910661697387695313 20.924291610717773438 20.971996307373046875 21.0196990966796875 21.067403793334960938 21.115106582641601563 21.162811279296875 21.282323837280273438 21.473644256591796875 21.664966583251953125 21.856288909912109375 22.047611236572265625 22.238933563232421875 22.443248748779296875 22.66056060791015625 22.877870559692382813 23.095180511474609375 23.31249237060546875 23.529802322387695313 23.653781890869140625 23.6844329833984375 23.715084075927734375 23.74573516845703125 23.776386260986328125 23.807037353515625 23.82140350341796875 23.819482803344726563 23.817562103271484375 23.815641403198242188 23.813720703125 23.811801910400390625 23.809331893920898438 23.806310653686523438 23.80329132080078125 23.800271987915039063 23.797250747680664063 23.794231414794921875 23.79238128662109375 23.7917022705078125
20.846796035766601563 20.815399169921875 20.82324981689453125 20.870347976684570313 20.917446136474609375 20.964544296264648438 21.0116424560546875 21.058740615844726563 21.184783935546875 21.389774322509765625 21.59476470947265625 21.799755096435546875 22.0047454833984375 22.209735870361328125 22.423234939575195313 22.645242691040039063 22.867250442504882813 23.089258193969726563 23.311267852783203125 23.533275604248046875 23.658498764038085938 23.686941146850585938 23.715381622314453125 23.743822097778320313 23.772264480590820313 23.8007049560546875 23.814058303833007813 23.812322616577148438 23.810588836669921875 23.8088531494140625 23.807117462158203125 23.805383682250976563 23.80280303955078125 23.79937744140625 23.79595184326171875 23.792524337768554688 23.789098739624023438 23.785673141479492188 23.784114837646484375 23.784427642822265625
20.793437957763671875 20.756031036376953125 20.759943008422851563 20.80517578125 20.850408554077148438 20.895641326904296875 20.940874099731445313 20.98610687255859375 21.114498138427734375 21.326051712036132813 21.537603378295898438 21.749155044555664063 21.960706710815429688 22.172258377075195313 22.390026092529296875 22.61400604248046875 22.837985992431640625 23.061967849731445313 23.285947799682617188 23.509929656982421875 23.636432647705078125 23.665460586547851563 23.694488525390625 23.723514556884765625 23.752542495727539063 23.7815704345703125 23.796396255493164063 23.797021865844726563 23.797647476196289063 23.79827117919921875 23.79889678955078125 23.79952239990234375 23.797685623168945313 23.79338836669921875 23.789091110229492188 23.784793853759765625 23.780496597290039063 23.7761993408203125 23.774587631225585938 23.775659561157226563
20.771036148071289063 20.732557296752929688 20.734373092651367188 20.776479721069335938 20.818586349487304688 20.860692977905273438 20.902799606323242188 20.94490814208984375 21.07146453857421875 21.282472610473632813 21.493480682373046875 21.704488754272460938 21.915496826171875 22.126504898071289063 22.343622207641601563 22.566850662231445313 22.790079116821289063 23.013307571411132813 23.236536026000976563 23.459764480590820313 23.587583541870117188 23.619993209838867188 23.652402877807617188 23.684812545776367188 23.717222213745117188 23.749631881713867188 23.7684173583984375 23.773576736450195313 23.778738021850585938 23.78389739990234375 23.789056777954101563 23.794216156005859375 23.793979644775390625 23.7883453369140625 23.782712936401367188 23.777078628540039063 23.771444320678710938 23.765810012817382813 23.763795852661132813 23.765399932861328125
20.74863433837890625 20.709085464477539063 20.70880126953125 20.747783660888671875 20.786764144897460938 20.825746536254882813 20.864727020263671875 20.90370941162109375 21.028430938720703125 21.238895416259765625 21.449357986450195313 21.659822463989257813 21.870286941528320313 22.08074951171875 22.297220230102539063 22.519695281982421875 22.7421722412109375 22.964647293090820313 23.187124252319335938 23.40959930419921875 23.53873443603515625 23.574525833129882813 23.610319137573242188 23.64611053466796875 23.681903839111328125 23.717695236206054688 23.740438461303710938 23.750133514404296875 23.759828567504882813 23.769521713256835938 23.779216766357421875 23.788911819458007813 23.790273666381835938 23.783304214477539063 23.776332855224609375 23.7693634033203125 23.762392044067382813 23.755422592163085938 23.7530059814453125 23.7551422119140625
20.726230621337890625 20.685611724853515625 20.683231353759765625 20.719087600708007813 20.754941940307617188 20.790798187255859375 20.826654434204101563 20.862508773803710938 20.9853973388671875 21.195316314697265625 21.405237197875976563 21.615156173706054688 21.825075149536132813 22.03499603271484375 22.25081634521484375 22.472539901733398438 22.694263458251953125 22.915987014770507813 23.1377105712890625 23.359434127807617188 23.4898834228515625 23.529058456420898438 23.568233489990234375 23.607408523559570313 23.64658355712890625 23.685758590698242188 23.712459564208984375 23.726690292358398438 23.740919113159179688 23.755147933959960938 23.769376754760742188 23.78360748291015625 23.78656768798828125 23.778261184692382813 23.769954681396484375 23.761646270751953125 23.753339767456054688 23.74503326416015625 23.742214202880859375 23.744882583618164063
20.703828811645507813 20.662139892578125 20.657659530639648438 20.690389633178710938 20.723119735717773438 20.755849838256835938 20.788579940795898438 20.821310043334960938 20.942363739013671875 21.151739120483398438 21.361114501953125 21.570489883422851563 21.779865264892578125 21.989240646362304688 22.20441436767578125 22.425386428833007813 22.646356582641601563 22.867328643798828125 23.088298797607421875 23.309270858764648438 23.441034317016601563 23.483591079711914063 23.526149749755859375 23.568706512451171875 23.611263275146484375 23.653820037841796875 23.684480667114257813 23.703245162963867188 23.722009658813476563 23.740774154663085938 23.7595367431640625 23.778301239013671875 23.782861709594726563 23.773218154907226563 23.763574600219726563 23.753931045532226563 23.744287490844726563 23.734643936157226563 23.73142242431640625 23.734622955322265625
20.681427001953125 20.638668060302734375 20.632089614868164063 20.661693572998046875 20.6912994384765625 20.720903396606445313 20.750507354736328125 20.780111312866210938 20.89933013916015625 21.108160018920898438 21.316991806030273438 21.525823593139648438 21.734655380249023438 21.943487167358398438 22.15801239013671875 22.378231048583984375 22.59844970703125 22.818668365478515625 23.03888702392578125 23.259105682373046875 23.392185211181640625 23.438123703002929688 23.484064102172851563 23.530004501342773438 23.5759429931640625 23.621883392333984375 23.65650177001953125 23.67980194091796875 23.703100204467773438 23.726398468017578125 23.749696731567382813 23.772996902465820313 23.779155731201171875 23.768175125122070313 23.757196426391601563 23.7462158203125 23.735235214233398438 23.724256515502929688 23.720632553100585938 23.724363327026367188
