data/dp9jul.asc
ncols        384
nrows        480
xllcorner    138.000000000000
yllcorner    -29.000000000000
cellsize     0.041666666667
NODATA_value -9999
[rows 36 to 53 of 480, columns 240 to 279 of 384]
21.66490936279296875 21.666332244873046875 21.667755126953125 21.669179916381835938 21.670602798461914063 21.672025680541992188 21.67275238037109375 21.672780990600585938 21.672811508178710938 21.672842025756835938 21.672872543334960938 21.672901153564453125 21.666858673095703125 21.6547393798828125 21.642621994018554688 21.630504608154296875 21.61838531494140625 21.606267929077148438 21.59876251220703125 21.5958709716796875 21.592977523803710938 21.590085983276367188 21.587194442749023438 21.584302902221679688 21.587312698364257813 21.596225738525390625 21.60514068603515625 21.614053726196289063 21.622966766357421875 21.631879806518554688 21.643056869506835938 21.656497955322265625 21.6699371337890625 21.683378219604492188 21.696817398071289063 21.71025848388671875 21.682218551635742188 21.612697601318359375 21.543178558349609375 21.473657608032226563
21.6409759521484375 21.642179489135742188 21.643384933471679688 21.644588470458984375 21.645793914794921875 21.646997451782226563 21.648397445678710938 21.649991989135742188 21.65158843994140625 21.6531829833984375 21.65477752685546875 21.656373977661132813 21.652698516845703125 21.6437530517578125 21.634809494018554688 21.625864028930664063 21.616918563842773438 21.607975006103515625 21.601427078247070313 21.597280502319335938 21.59313201904296875 21.588985443115234375 21.584836959838867188 21.580690383911132813 21.580753326416015625 21.585027694702148438 21.589300155639648438 21.59357452392578125 21.597848892211914063 21.602123260498046875 21.610826492309570313 21.623960494995117188 21.637094497680664063 21.650228500366210938 21.663362503051757813 21.676496505737304688 21.655467987060546875 21.600278854370117188 21.545087814331054688 21.489898681640625
21.617040634155273438 21.6180267333984375 21.619012832641601563 21.619998931884765625 21.620985031127929688 21.62197113037109375 21.624044418334960938 21.62720489501953125 21.63036346435546875 21.633523941040039063 21.636684417724609375 21.639844894409179688 21.638538360595703125 21.6327667236328125 21.626995086669921875 21.62122344970703125 21.615451812744140625 21.60968017578125 21.604093551635742188 21.598690032958984375 21.593286514282226563 21.58788299560546875 21.582479476928710938 21.577077865600585938 21.574192047119140625 21.573827743530273438 21.573461532592773438 21.573095321655273438 21.57273101806640625 21.57236480712890625 21.578596115112304688 21.59142303466796875 21.604251861572265625 21.617078781127929688 21.62990570068359375 21.642734527587890625 21.628717422485351563 21.587858200073242188 21.546998977661132813 21.506139755249023438
21.593107223510742188 21.593873977661132813 21.594640731811523438 21.595409393310546875 21.5961761474609375 21.596942901611328125 21.599689483642578125 21.6044158935546875 21.609140396118164063 21.613864898681640625 21.61859130859375 21.623315811157226563 21.624380111694335938 21.6217803955078125 21.619182586669921875 21.61658477783203125 21.613985061645507813 21.611387252807617188 21.60675811767578125 21.600099563598632813 21.593441009521484375 21.586782455444335938 21.5801239013671875 21.57346343994140625 21.567632675170898438 21.562627792358398438 21.557622909545898438 21.552618026733398438 21.547613143920898438 21.542608261108398438 21.546365737915039063 21.558887481689453125 21.571407318115234375 21.583929061889648438 21.5964508056640625 21.60897064208984375 21.60196685791015625 21.575437545776367188 21.548908233642578125 21.522378921508789063
21.569171905517578125 21.569721221923828125 21.570270538330078125 21.570817947387695313 21.571367263793945313 21.571916580200195313 21.575336456298828125 21.58162689208984375 21.587917327880859375 21.594207763671875 21.600496292114257813 21.606786727905273438 21.610219955444335938 21.6107940673828125 21.611370086669921875 21.611944198608398438 21.612518310546875 21.613094329833984375 21.609424591064453125 21.60150909423828125 21.593595504760742188 21.585680007934570313 21.57776641845703125 21.569850921630859375 21.56107330322265625 21.551427841186523438 21.541784286499023438 21.532138824462890625 21.522495269775390625 21.512849807739257813 21.514135360717773438 21.526350021362304688 21.538564682006835938 21.550779342651367188 21.562994003295898438 21.575208663940429688 21.575216293334960938 21.563018798828125 21.55081939697265625 21.5386199951171875
21.545236587524414063 21.545568466186523438 21.5458984375 21.546228408813476563 21.546558380126953125 21.5468902587890625 21.550983428955078125 21.558837890625 21.566692352294921875 21.574548721313476563 21.582403182983398438 21.590259552001953125 21.596059799194335938 21.5998077392578125 21.603555679321289063 21.607303619384765625 21.611051559448242188 21.61479949951171875 21.612089157104492188 21.602918624877929688 21.59375 21.5845794677734375 21.575408935546875 21.5662384033203125 21.55451202392578125 21.540227890014648438 21.525943756103515625 21.511659622192382813 21.49737548828125 21.483091354370117188 21.481904983520507813 21.49381256103515625 21.5057220458984375 21.517629623413085938 21.529539108276367188 21.541446685791015625 21.548465728759765625 21.55059814453125 21.552728652954101563 21.554861068725585938
21.521242141723632813 21.521484375 21.521728515625 21.52197265625 21.522214889526367188 21.522459030151367188 21.52658843994140625 21.534601211547851563 21.542615890502929688 21.550630569458007813 21.558643341064453125 21.56665802001953125 21.573253631591796875 21.578428268432617188 21.583604812622070313 21.588781356811523438 21.59395599365234375 21.599132537841796875 21.597564697265625 21.589254379272460938 21.580944061279296875 21.572633743286132813 21.56432342529296875 21.556013107299804688 21.543842315673828125 21.527811050415039063 21.51177978515625 21.495746612548828125 21.479715347290039063 21.46368408203125 21.460824966430664063 21.47113800048828125 21.48145294189453125 21.491765975952148438 21.502080917358398438 21.512393951416015625 21.5220947265625 21.531183242797851563 21.540269851684570313 21.549356460571289063
21.49718475341796875 21.497472763061523438 21.497760772705078125 21.498048782348632813 21.4983367919921875 21.498624801635742188 21.502153396606445313 21.50891876220703125 21.51568603515625 21.52245330810546875 21.529218673706054688 21.535985946655273438 21.541797637939453125 21.546655654907226563 21.551515579223632813 21.55637359619140625 21.561231613159179688 21.566089630126953125 21.565851211547851563 21.560516357421875 21.555181503295898438 21.549846649169921875 21.544511795043945313 21.539175033569335938 21.529064178466796875 21.5141754150390625 21.499286651611328125 21.484399795532226563 21.469511032104492188 21.454622268676757813 21.450895309448242188 21.458326339721679688 21.465757369995117188 21.4731903076171875 21.480621337890625 21.4880523681640625 21.496103286743164063 21.504772186279296875 21.513441085815429688 21.5221099853515625
21.473127365112304688 21.473461151123046875 21.47379302978515625 21.474126815795898438 21.474458694458007813 21.47479248046875 21.477718353271484375 21.483236312866210938 21.488756179809570313 21.494274139404296875 21.49979400634765625 21.505311965942382813 21.510343551635742188 21.514883041381835938 21.5194244384765625 21.523965835571289063 21.528507232666015625 21.533048629760742188 21.534137725830078125 21.531778335571289063 21.529417037963867188 21.527057647705078125 21.524698257446289063 21.522336959838867188 21.514286041259765625 21.500539779663085938 21.486795425415039063 21.473051071166992188 21.459306716918945313 21.445562362670898438 21.440965652465820313 21.445514678955078125 21.450063705444335938 21.45461273193359375 21.459161758422851563 21.463710784912109375 21.470109939575195313 21.478361129760742188 21.48661041259765625 21.494861602783203125
21.449069976806640625 21.4494476318359375 21.449825286865234375 21.45020294189453125 21.450580596923828125 21.450958251953125 21.453283309936523438 21.457553863525390625 21.461826324462890625 21.466096878051757813 21.470369338989257813 21.474639892578125 21.478887557983398438 21.483110427856445313 21.487335205078125 21.491558074951171875 21.495782852172851563 21.500005722045898438 21.502424240112304688 21.503040313720703125 21.50365447998046875 21.504268646240234375 21.504884719848632813 21.505498886108398438 21.499505996704101563 21.486906051635742188 21.47430419921875 21.461704254150390625 21.449102401733398438 21.436502456665039063 21.431035995483398438 21.432703018188476563 21.434368133544921875 21.43603515625 21.437702178955078125 21.43936920166015625 21.444118499755859375 21.4519500732421875 21.459781646728515625 21.46761322021484375
21.425012588500976563 21.425436019897460938 21.4258575439453125 21.426280975341796875 21.426702499389648438 21.4271240234375 21.4288482666015625 21.431871414184570313 21.434896469116210938 21.43791961669921875 21.440942764282226563 21.443967819213867188 21.447431564331054688 21.451337814331054688 21.455244064331054688 21.459150314331054688 21.463056564331054688 21.466962814331054688 21.47071075439453125 21.474302291870117188 21.477891921997070313 21.481481552124023438 21.485071182250976563 21.488660812377929688 21.484727859497070313 21.473270416259765625 21.461812973022460938 21.45035552978515625 21.438899993896484375 21.427442550659179688 21.421106338500976563 21.419889450073242188 21.418674468994140625 21.41745758056640625 21.416242599487304688 21.415025711059570313 21.418125152587890625 21.425539016723632813 21.432952880859375 21.440366744995117188
21.400957107543945313 21.401422500610351563 21.401889801025390625 21.402357101440429688 21.40282440185546875 21.403291702270507813 21.404413223266601563 21.40618896484375 21.407964706420898438 21.409742355346679688 21.411518096923828125 21.413293838500976563 21.41597747802734375 21.419565200805664063 21.423154830932617188 21.426744461059570313 21.430332183837890625 21.43392181396484375 21.438997268676757813 21.445562362670898438 21.452127456665039063 21.458692550659179688 21.465257644653320313 21.471822738647460938 21.469949722290039063 21.459634780883789063 21.449321746826171875 21.439008712768554688 21.4286956787109375 21.418382644653320313 21.411176681518554688 21.407077789306640625 21.402978897094726563 21.398881912231445313 21.39478302001953125 21.390684127807617188 21.392133712768554688 21.399127960205078125 21.406124114990234375 21.413118362426757813
21.376605987548828125 21.377208709716796875 21.377811431884765625 21.378416061401367188 21.379018783569335938 21.379621505737304688 21.380552291870117188 21.381811141967773438 21.383069992065429688 21.384328842163085938 21.385587692260742188 21.386846542358398438 21.3890228271484375 21.392118453979492188 21.395212173461914063 21.39830780029296875 21.401401519775390625 21.404497146606445313 21.40997314453125 21.4178314208984375 21.425689697265625 21.433549880981445313 21.441408157348632813 21.449266433715820313 21.448774337768554688 21.439931869506835938 21.431087493896484375 21.422245025634765625 21.413402557373046875 21.404560089111328125 21.397424697875976563 21.391996383666992188 21.386569976806640625 21.381143569946289063 21.375715255737304688 21.370288848876953125 21.37078094482421875 21.377195358276367188 21.383609771728515625 21.390024185180664063
21.351964950561523438 21.352794647216796875 21.353624343872070313 21.35445404052734375 21.355283737182617188 21.356113433837890625 21.357265472412109375 21.358736038208007813 21.360208511352539063 21.3616790771484375 21.36315155029296875 21.364622116088867188 21.36656951904296875 21.368993759155273438 21.371417999267578125 21.37384033203125 21.376264572143554688 21.378688812255859375 21.383636474609375 21.391107559204101563 21.398578643798828125 21.406049728393554688 21.41352081298828125 21.420991897583007813 21.42120361328125 21.414157867431640625 21.40711212158203125 21.400066375732421875 21.3930206298828125 21.385974884033203125 21.379850387573242188 21.374647140502929688 21.36944580078125 21.3642425537109375 21.359039306640625 21.353837966918945313 21.35407257080078125 21.359743118286132813 21.365413665771484375 21.371084213256835938
21.327322006225585938 21.328378677368164063 21.329435348510742188 21.330493927001953125 21.33155059814453125 21.332607269287109375 21.33397674560546875 21.335660934448242188 21.337345123291015625 21.339029312133789063 21.3407135009765625 21.342397689819335938 21.3441162109375 21.345869064331054688 21.347621917724609375 21.349374771118164063 21.35112762451171875 21.352880477905273438 21.3572998046875 21.364381790161132813 21.371465682983398438 21.378549575805664063 21.385633468627929688 21.392717361450195313 21.393632888793945313 21.388383865356445313 21.383134841918945313 21.377885818481445313 21.372636795043945313 21.367387771606445313 21.362276077270507813 21.357297897338867188 21.352319717407226563 21.347341537475585938 21.342365264892578125 21.3373870849609375 21.337362289428710938 21.342288970947265625 21.347215652465820313 21.352142333984375
21.30268096923828125 21.303964614868164063 21.305248260498046875 21.306531906127929688 21.3078155517578125 21.309099197387695313 21.310689926147460938 21.312587738037109375 21.314483642578125 21.316379547119140625 21.318277359008789063 21.320173263549804688 21.32166290283203125 21.322744369506835938 21.323827743530273438 21.324909210205078125 21.325990676879882813 21.327074050903320313 21.330963134765625 21.337657928466796875 21.344354629516601563 21.351049423217773438 21.357746124267578125 21.36444091796875 21.366064071655273438 21.362611770629882813 21.359159469604492188 21.355707168579101563 21.352254867553710938 21.348802566528320313 21.344701766967773438 21.339948654174804688 21.335195541381835938 21.330442428588867188 21.325689315795898438 21.320936203002929688 21.320652008056640625 21.324834823608398438 21.329019546508789063 21.333202362060546875
21.27803802490234375 21.27954864501953125 21.28105926513671875 21.282571792602539063 21.284082412719726563 21.285593032836914063 21.287403106689453125 21.28951263427734375 21.291622161865234375 21.293731689453125 21.295841217041015625 21.297948837280273438 21.2992095947265625 21.29962158203125 21.300031661987304688 21.300443649291992188 21.300853729248046875 21.301265716552734375 21.304624557495117188 21.310934066772460938 21.317241668701171875 21.323549270629882813 21.329858779907226563 21.3361663818359375 21.33849334716796875 21.3368377685546875 21.33518218994140625 21.333528518676757813 21.331872940063476563 21.330217361450195313 21.32712554931640625 21.322597503662109375 21.3180694580078125 21.313541412353515625 21.30901336669921875 21.304485321044921875 21.303941726684570313 21.30738067626953125 21.310821533203125 21.31426239013671875
21.25339508056640625 21.25513458251953125 21.256872177124023438 21.258609771728515625 21.260347366333007813 21.262086868286132813 21.264116287231445313 21.266437530517578125 21.26876068115234375 21.271081924438476563 21.273403167724609375 21.275724411010742188 21.27675628662109375 21.27649688720703125 21.27623748779296875 21.27597808837890625 21.275716781616210938 21.275457382202148438 21.278287887573242188 21.284208297729492188 21.290130615234375 21.296051025390625 21.301971435546875 21.307891845703125 21.310922622680664063 21.311065673828125 21.311206817626953125 21.31134796142578125 21.311491012573242188 21.311632156372070313 21.309551239013671875 21.305248260498046875 21.300945281982421875 21.296642303466796875 21.292337417602539063 21.288034439086914063 21.2872314453125 21.289928436279296875 21.292623519897460938 21.295320510864257813
