data/dp9jan.asc
ncols        384
nrows        480
xllcorner    138.000000000000
yllcorner    -29.000000000000
cellsize     0.041666666667
NODATA_value -9999
[rows 360 to 377 of 480, columns 200 to 239 of 384]
14.918944358825683594 14.956975936889648438 14.995008468627929688 15.033040046691894531 15.070492744445800781 15.107365608215332031 15.144238471984863281 15.181110382080078125 15.217983245849609375 15.254856109619140625 15.308185577392578125 15.377971649169921875 15.447758674621582031 15.517544746398925781 15.587330818176269531 15.657117843627929688 15.721268653869628906 15.779783248901367188 15.838297843933105469 15.896813392639160156 15.955327987670898438 16.013843536376953125 16.05960845947265625 16.092626571655273438 16.125644683837890625 16.158662796020507813 16.191680908203125 16.224699020385742188 16.257444381713867188 16.289920806884765625 16.32239532470703125 16.354871749877929688 16.387348175048828125 16.41982269287109375 16.44747161865234375 16.4702911376953125 16.49311065673828125 16.515932083129882813 16.538751602172851563 16.561571121215820313
14.883259773254394531 14.919847488403320313 14.956434249877929688 14.993021965026855469 15.030099868774414063 15.067667961120605469 15.105236053466796875 15.142804145812988281 15.180372238159179688 15.217940330505371094 15.280729293823242188 15.368739128112792969 15.45674896240234375 15.544758796691894531 15.632768630981445313 15.720778465270996094 15.793840408325195313 15.851953506469726563 15.910066604614257813 15.968179702758789063 16.026292800903320313 16.084405899047851563 16.125579833984375 16.149816513061523438 16.174055099487304688 16.198291778564453125 16.222528457641601563 16.24676513671875 16.274858474731445313 16.306806564331054688 16.33875274658203125 16.370700836181640625 16.40264892578125 16.434597015380859375 16.464952468872070313 16.493717193603515625 16.522481918334960938 16.55124664306640625 16.580011367797851563 16.608776092529296875
14.847574234008789063 14.882718086242675781 14.917860984802246094 14.953003883361816406 14.989706993103027344 15.027970314025878906 15.066233634948730469 15.104496955871582031 15.142760276794433594 15.181023597717285156 15.253272056579589844 15.359505653381347656 15.465739250183105469 15.571972846984863281 15.678205490112304688 15.7844390869140625 15.866412162780761719 15.924122810363769531 15.98183441162109375 16.039545059204101563 16.097257614135742188 16.15496826171875 16.19155120849609375 16.20700836181640625 16.222463607788085938 16.237920761108398438 16.253376007080078125 16.268833160400390625 16.292270660400390625 16.323690414428710938 16.35511016845703125 16.386529922485351563 16.417949676513671875 16.449369430541992188 16.482435226440429688 16.51714324951171875 16.551853179931640625 16.586561203002929688 16.62126922607421875 16.655979156494140625
14.8118896484375 14.84558868408203125 14.879286766052246094 14.912984848022460938 14.949314117431640625 14.988272666931152344 15.027231216430664063 15.066190719604492188 15.105149269104003906 15.144107818603515625 15.225815773010253906 15.350272178649902344 15.474729537963867188 15.599186897277832031 15.723643302917480469 15.848100662231445313 15.938983917236328125 15.996293067932128906 16.053602218627929688 16.110912322998046875 16.16822052001953125 16.225530624389648438 16.2575225830078125 16.26419830322265625 16.2708740234375 16.27754974365234375 16.2842254638671875 16.290899276733398438 16.30968475341796875 16.340576171875 16.37146759033203125 16.4023590087890625 16.433252334594726563 16.464143753051757813 16.49991607666015625 16.540569305419921875 16.5812225341796875 16.621875762939453125 16.66252899169921875 16.703182220458984375
14.776205062866210938 14.808459281921386719 14.840712547302246094 14.872966766357421875 14.908921241760253906 14.948575019836425781 14.988229751586914063 15.027883529663085938 15.067537307739257813 15.107192039489746094 15.198359489440917969 15.341039657592773438 15.483719825744628906 15.626399993896484375 15.76908111572265625 15.911761283874511719 16.011554718017578125 16.068462371826171875 16.125370025634765625 16.182277679443359375 16.239185333251953125 16.296092987060546875 16.32349395751953125 16.32138824462890625 16.319284439086914063 16.317178726196289063 16.315073013305664063 16.312967300415039063 16.327096939086914063 16.357461929321289063 16.38782501220703125 16.41819000244140625 16.448553085327148438 16.478918075561523438 16.517398834228515625 16.563995361328125 16.610593795776367188 16.657190322875976563 16.70378875732421875 16.750387191772460938
14.740520477294921875 14.771329879760742188 14.8021392822265625 14.832948684692382813 14.868528366088867188 14.908877372741699219 14.949227333068847656 14.989576339721679688 15.029926300048828125 15.070276260375976563 15.170902252197265625 15.331806182861328125 15.492710113525390625 15.653614044189453125 15.814517974853515625 15.975421905517578125 16.084127426147460938 16.14063262939453125 16.197137832641601563 16.253644943237304688 16.310150146484375 16.366655349731445313 16.38946533203125 16.378580093383789063 16.367692947387695313 16.356807708740234375 16.345920562744140625 16.335035324096679688 16.344509124755859375 16.374345779418945313 16.40418243408203125 16.434019088745117188 16.463853836059570313 16.49369049072265625 16.534879684448242188 16.587421417236328125 16.639963150024414063 16.692506790161132813 16.74504852294921875 16.797590255737304688
14.707236289978027344 14.737512588500976563 14.767788887023925781 14.798065185546875 14.838041305541992188 14.887719154357910156 14.937397003173828125 14.987074851989746094 15.036752700805664063 15.086430549621582031 15.193212509155273438 15.3571014404296875 15.520989418029785156 15.684877395629882813 15.848765373229980469 16.012653350830078125 16.1178436279296875 16.164337158203125 16.2108306884765625 16.25732421875 16.3038177490234375 16.350311279296875 16.3706207275390625 16.364744186401367188 16.358867645263671875 16.352991104125976563 16.34711456298828125 16.341238021850585938 16.35208892822265625 16.379669189453125 16.407247543334960938 16.434827804565429688 16.462406158447265625 16.489986419677734375 16.531970977783203125 16.588361740112304688 16.64475250244140625 16.701143264770507813 16.757534027099609375 16.813924789428710938
14.676351547241210938 14.707006454467773438 14.737661361694335938 14.768315315246582031 14.817461967468261719 14.885100364685058594 14.952738761901855469 15.020377159118652344 15.088016510009765625 15.1556549072265625 15.265290260314941406 15.41692352294921875 15.568555831909179688 15.720189094543457031 15.871821403503417969 16.023454666137695313 16.112707138061523438 16.139577865600585938 16.166448593139648438 16.193319320678710938 16.220190048217773438 16.247060775756835938 16.266958236694335938 16.279882431030273438 16.292804718017578125 16.305728912353515625 16.318651199340820313 16.331575393676757813 16.349834442138671875 16.3734283447265625 16.397020339965820313 16.420614242553710938 16.444208145141601563 16.467802047729492188 16.508670806884765625 16.566814422607421875 16.624958038330078125 16.683101654052734375 16.741245269775390625 16.799388885498046875
14.645467758178710938 14.676500320434570313 14.707533836364746094 14.738566398620605469 14.79688262939453125 14.882481575012207031 14.968081474304199219 15.053680419921875 15.139279365539550781 15.224879264831542969 15.337368011474609375 15.47674560546875 15.616123199462890625 15.75550079345703125 15.894878387451171875 16.0342559814453125 16.107568740844726563 16.114816665649414063 16.122064590454101563 16.129312515258789063 16.136562347412109375 16.143810272216796875 16.163295745849609375 16.195018768310546875 16.226741790771484375 16.258466720581054688 16.290189743041992188 16.321912765502929688 16.347578048706054688 16.3671875 16.3867950439453125 16.406402587890625 16.4260101318359375 16.445619583129882813 16.485370635986328125 16.545267105102539063 16.60516357421875 16.665060043334960938 16.724956512451171875 16.784852981567382813
14.614583969116210938 14.645995140075683594 14.67740631103515625 14.708817481994628906 14.776302337646484375 14.879862785339355469 14.983423233032226563 15.086983680725097656 15.190543174743652344 15.294103622436523438 15.409444808959960938 15.53656768798828125 15.663689613342285156 15.790812492370605469 15.917934417724609375 16.045057296752929688 16.102430343627929688 16.090057373046875 16.0776824951171875 16.0653076171875 16.0529327392578125 16.040559768676757813 16.059633255004882813 16.110157012939453125 16.160680770874023438 16.21120452880859375 16.26172637939453125 16.312250137329101563 16.345323562622070313 16.3609466552734375 16.376567840576171875 16.392190933227539063 16.407812118530273438 16.423435211181640625 16.462070465087890625 16.52371978759765625 16.585369110107421875 16.6470184326171875 16.708667755126953125 16.77031707763671875
14.583699226379394531 14.615489006042480469 14.647278785705566406 14.679067611694335938 14.755722999572753906 14.877243995666503906 14.998764991760253906 15.120285987854003906 15.241806983947753906 15.363327980041503906 15.481522560119628906 15.5963897705078125 15.711256980895996094 15.826124191284179688 15.940991401672363281 16.055858612060546875 16.097293853759765625 16.065296173095703125 16.033298492431640625 16.001302719116210938 15.969305038452148438 15.937307357788085938 15.95597076416015625 16.025295257568359375 16.094617843627929688 16.163942337036132813 16.233264923095703125 16.30258941650390625 16.343069076538085938 16.354705810546875 16.366342544555664063 16.377979278564453125 16.389616012573242188 16.40125274658203125 16.438772201538085938 16.50217437744140625 16.565576553344726563 16.628978729248046875 16.692380905151367188 16.7557830810546875
14.552815437316894531 14.584982872009277344 14.617151260375976563 14.649318695068359375 14.735143661499023438 14.874625205993652344 15.01410675048828125 15.153589248657226563 15.293070793151855469 15.432552337646484375 15.553599357604980469 15.65621185302734375 15.758823394775390625 15.861435890197753906 15.964047431945800781 16.066659927368164063 16.09215545654296875 16.04053497314453125 15.988916397094726563 15.937295913696289063 15.885676383972167969 15.834056854248046875 15.852308273315429688 15.940432548522949219 16.028554916381835938 16.116678237915039063 16.204803466796875 16.292926788330078125 16.34081268310546875 16.3484649658203125 16.356115341186523438 16.363765716552734375 16.371417999267578125 16.379068374633789063 16.415472030639648438 16.480627059936523438 16.545782089233398438 16.610937118530273438 16.676092147827148438 16.741247177124023438
14.515005111694335938 14.554351806640625 14.593698501586914063 14.633045196533203125 14.726431846618652344 14.873856544494628906 15.021281242370605469 15.168706893920898438 15.316131591796875 15.463556289672851563 15.5863037109375 15.6843719482421875 15.782440185546875 15.8805084228515625 15.97857666015625 16.0766448974609375 16.096773147583007813 16.038957595825195313 15.981142044067382813 15.923326492309570313 15.865510940551757813 15.807696342468261719 15.824633598327636719 15.916322708129882813 16.008012771606445313 16.099700927734375 16.1913909912109375 16.2830810546875 16.328889846801757813 16.328821182250976563 16.3287506103515625 16.32868194580078125 16.328611373901367188 16.328542709350585938 16.361484527587890625 16.42743682861328125 16.493389129638671875 16.559343338012695313 16.625295639038085938 16.691249847412109375
14.47026824951171875 14.523594856262207031 14.576922416687011719 14.6302490234375 14.729587554931640625 14.874938011169433594 15.020288467407226563 15.165638923645019531 15.3109893798828125 15.456339836120605469 15.579632759094238281 15.68087005615234375 15.782106399536132813 15.883343696594238281 15.984580039978027344 16.085817337036132813 16.111143112182617188 16.060560226440429688 16.009975433349609375 15.959392547607421875 15.908809661865234375 15.858225822448730469 15.872944831848144531 15.952965736389160156 16.032987594604492188 16.113008499145507813 16.193029403686523438 16.273050308227539063 16.307298660278320313 16.295772552490234375 16.28424835205078125 16.272724151611328125 16.261198043823242188 16.249673843383789063 16.2768096923828125 16.3426055908203125 16.4084014892578125 16.4741973876953125 16.5399932861328125 16.6057891845703125
14.425531387329101563 14.492838859558105469 14.560145378112792969 14.627452850341796875 14.732744216918945313 14.876019477844238281 15.019295692443847656 15.162570953369140625 15.30584716796875 15.449122428894042969 15.572962760925292969 15.6773681640625 15.781772613525390625 15.886178016662597656 15.990582466125488281 16.094987869262695313 16.125514984130859375 16.082162857055664063 16.03881072998046875 15.995459556579589844 15.952107429504394531 15.908755302429199219 15.921256065368652344 15.9896087646484375 16.057962417602539063 16.126314163208007813 16.194667816162109375 16.263019561767578125 16.285707473754882813 16.262725830078125 16.23974609375 16.216766357421875 16.193784713745117188 16.170804977416992188 16.192134857177734375 16.257772445678710938 16.323411941528320313 16.389051437377929688 16.454690933227539063 16.520330429077148438
14.380795478820800781 14.4620819091796875 14.543369293212890625 14.624655723571777344 14.735899925231933594 14.877100944519042969 15.018301963806152344 15.159503936767578125 15.3007049560546875 15.441905975341796875 15.566292762756347656 15.67386627197265625 15.781439781188964844 15.889012336730957031 15.996585845947265625 16.104158401489257813 16.13988494873046875 16.103765487670898438 16.067646026611328125 16.031524658203125 15.995405197143554688 15.959285736083984375 15.969567298889160156 16.02625274658203125 16.082937240600585938 16.139621734619140625 16.196306228637695313 16.25299072265625 16.2641143798828125 16.229679107666015625 16.19524383544921875 16.160806655883789063 16.126371383666992188 16.091936111450195313 16.10746002197265625 16.172941207885742188 16.238424301147460938 16.303905487060546875 16.369388580322265625 16.434869766235351563
14.336058616638183594 14.431325912475585938 14.526592254638671875 14.621859550476074219 14.739056587219238281 14.878182411193847656 15.017309188842773438 15.156435966491699219 15.295562744140625 15.434688568115234375 15.559622764587402344 15.6703643798828125 15.781105995178222656 15.891847610473632813 16.002588272094726563 16.113330841064453125 16.154256820678710938 16.125368118286132813 16.096479415893554688 16.067592620849609375 16.03870391845703125 16.009815216064453125 16.017879486083984375 16.062894821166992188 16.107912063598632813 16.152927398681640625 16.19794464111328125 16.242959976196289063 16.242523193359375 16.19663238525390625 16.1507415771484375 16.104848861694335938 16.058958053588867188 16.013067245483398438 16.022785186767578125 16.088109970092773438 16.15343475341796875 16.218759536743164063 16.284086227416992188 16.3494110107421875
14.291321754455566406 14.400568962097167969 14.509816169738769531 14.619063377380371094 14.742212295532226563 14.879263877868652344 15.016316413879394531 15.153367996215820313 15.2904205322265625 15.427472114562988281 15.552952766418457031 15.66686248779296875 15.780772209167480469 15.894681930541992188 16.0085906982421875 16.122501373291015625 16.168626785278320313 16.146970748901367188 16.125314712524414063 16.103658676147460938 16.082000732421875 16.060344696044921875 16.066190719604492188 16.099538803100585938 16.132886886596679688 16.166234970092773438 16.199583053588867188 16.232931137084960938 16.2209320068359375 16.163583755493164063 16.106237411499023438 16.048891067504882813 15.991544723510742188 15.934198379516601563 15.938109397888183594 16.003278732299804688 16.068447113037109375 16.133615493774414063 16.19878387451171875 16.263952255249023438
