data/dp9jul.asc
ncols        384
nrows        480
xllcorner    138.000000000000
yllcorner    -29.000000000000
cellsize     0.041666666667
NODATA_value -9999
[rows 126 to 143 of 480, columns 240 to 279 of 384]
19.266950607299804688 19.273281097412109375 19.279611587524414063 19.285940170288085938 19.292270660400390625 19.298601150512695313 19.305631637573242188 19.313364028930664063 19.321096420288085938 19.328828811645507813 19.336561203002929688 19.344293594360351563 19.351228713989257813 19.357364654541015625 19.363498687744140625 19.369634628295898438 19.37577056884765625 19.381906509399414063 19.388139724731445313 19.394472122192382813 19.4008026123046875 19.407135009765625 19.4134674072265625 19.419797897338867188 19.425519943237304688 19.430629730224609375 19.435739517211914063 19.44084930419921875 19.445959091186523438 19.451068878173828125 19.455827713012695313 19.460235595703125 19.464641571044921875 19.469049453735351563 19.47345733642578125 19.477865219116210938 19.482275009155273438 19.486688613891601563 19.491102218627929688 19.495515823364257813
19.239627838134765625 19.245941162109375 19.252252578735351563 19.258565902709960938 19.2648773193359375 19.271190643310546875 19.278131484985351563 19.285703659057617188 19.29327392578125 19.300844192504882813 19.308416366577148438 19.31598663330078125 19.322809219360351563 19.32888031005859375 19.334951400756835938 19.341024398803710938 19.347095489501953125 19.353166580200195313 19.359333038330078125 19.365594863891601563 19.371854782104492188 19.378114700317382813 19.38437652587890625 19.390636444091796875 19.396234512329101563 19.401172637939453125 19.406108856201171875 19.411046981811523438 19.415983200073242188 19.42092132568359375 19.425647735595703125 19.430162429809570313 19.434679031372070313 19.4391937255859375 19.4437103271484375 19.448225021362304688 19.452657699584960938 19.457004547119140625 19.461351394653320313 19.4656982421875
19.212305068969726563 19.218599319458007813 19.224895477294921875 19.231189727783203125 19.237483978271484375 19.243780136108398438 19.250631332397460938 19.2580413818359375 19.265451431274414063 19.272861480712890625 19.280269622802734375 19.287679672241210938 19.294389724731445313 19.300397872924804688 19.30640411376953125 19.312412261962890625 19.31842041015625 19.324428558349609375 19.33052825927734375 19.336717605590820313 19.342906951904296875 19.349096298217773438 19.35528564453125 19.361474990844726563 19.36695098876953125 19.371715545654296875 19.3764801025390625 19.381244659423828125 19.38600921630859375 19.390773773193359375 19.395467758178710938 19.400091171264648438 19.404714584350585938 19.409337997436523438 19.413961410522460938 19.41858673095703125 19.423038482666015625 19.427318572998046875 19.431600570678710938 19.435880661010742188
19.1849822998046875 19.191259384155273438 19.197536468505859375 19.203813552856445313 19.21009063720703125 19.21636962890625 19.223131179809570313 19.230379104614257813 19.237628936767578125 19.244876861572265625 19.252124786376953125 19.259372711181640625 19.265970230102539063 19.271913528442382813 19.277856826782226563 19.283802032470703125 19.289745330810546875 19.295690536499023438 19.301721572875976563 19.307840347290039063 19.31395721435546875 19.32007598876953125 19.32619476318359375 19.33231353759765625 19.337667465209960938 19.342260360717773438 19.346851348876953125 19.351442337036132813 19.3560333251953125 19.360626220703125 19.36528778076171875 19.370019912719726563 19.374750137329101563 19.379482269287109375 19.384214401245117188 19.388946533203125 19.393419265747070313 19.397634506225585938 19.401849746704101563 19.406063079833984375
19.157659530639648438 19.163919448852539063 19.170179367065429688 19.176439285278320313 19.182699203491210938 19.188959121704101563 19.195631027221679688 19.202718734741210938 19.209804534912109375 19.216892242431640625 19.223979949951171875 19.231065750122070313 19.237550735473632813 19.24343109130859375 19.249311447143554688 19.255191802978515625 19.261072158813476563 19.2669525146484375 19.272914886474609375 19.278963088989257813 19.285009384155273438 19.291057586669921875 19.2971038818359375 19.303152084350585938 19.308383941650390625 19.312803268432617188 19.31722259521484375 19.3216400146484375 19.326059341430664063 19.330478668212890625 19.335107803344726563 19.339946746826171875 19.34478759765625 19.349626541137695313 19.354467391967773438 19.35930633544921875 19.363800048828125 19.367948532104492188 19.372097015380859375 19.376245498657226563
19.130336761474609375 19.136577606201171875 19.142820358276367188 19.1490631103515625 19.155305862426757813 19.161546707153320313 19.168130874633789063 19.17505645751953125 19.181982040405273438 19.188907623291015625 19.195833206176757813 19.2027587890625 19.20912933349609375 19.214946746826171875 19.22076416015625 19.226579666137695313 19.232397079467773438 19.23821258544921875 19.244110107421875 19.250085830688476563 19.256061553955078125 19.262037277221679688 19.26801300048828125 19.273988723754882813 19.279100418090820313 19.283346176147460938 19.287591934204101563 19.291837692260742188 19.296083450317382813 19.30033111572265625 19.304927825927734375 19.30987548828125 19.314823150634765625 19.31977081298828125 19.324718475341796875 19.329668045043945313 19.3341827392578125 19.33826446533203125 19.34234619140625 19.34642791748046875
19.10199737548828125 19.10817718505859375 19.114355087280273438 19.120534896850585938 19.126712799072265625 19.132892608642578125 19.139436721801757813 19.1463470458984375 19.153257369995117188 19.160169601440429688 19.167079925537109375 19.173990249633789063 19.1803131103515625 19.186046600341796875 19.191781997680664063 19.197515487670898438 19.203250885009765625 19.208984375 19.214853286743164063 19.220859527587890625 19.226863861083984375 19.232868194580078125 19.238874435424804688 19.244878768920898438 19.249950408935546875 19.25408935546875 19.258228302001953125 19.26236724853515625 19.266506195068359375 19.2706451416015625 19.275197982788085938 19.280164718627929688 19.285131454467773438 19.290096282958984375 19.295063018798828125 19.300029754638671875 19.3045196533203125 19.308534622192382813 19.312547683715820313 19.316562652587890625
19.072643280029296875 19.07871246337890625 19.084783554077148438 19.090852737426757813 19.096921920776367188 19.102993011474609375 19.109548568725585938 19.116590499877929688 19.123632431030273438 19.130674362182617188 19.137716293334960938 19.144758224487304688 19.151096343994140625 19.15673065185546875 19.162364959716796875 19.167997360229492188 19.173631668090820313 19.179265975952148438 19.185150146484375 19.1912841796875 19.197416305541992188 19.203550338745117188 19.209684371948242188 19.215818405151367188 19.220933914184570313 19.225030899047851563 19.229129791259765625 19.233226776123046875 19.237323760986328125 19.241422653198242188 19.24591827392578125 19.250814437866210938 19.255708694458007813 19.2606048583984375 19.265501022338867188 19.270395278930664063 19.274814605712890625 19.278759002685546875 19.282703399658203125 19.286647796630859375
19.0432891845703125 19.049249649047851563 19.055210113525390625 19.061170578002929688 19.067132949829101563 19.073093414306640625 19.079660415649414063 19.086833953857421875 19.094007492065429688 19.101179122924804688 19.1083526611328125 19.115526199340820313 19.12187957763671875 19.127412796020507813 19.132947921752929688 19.13848114013671875 19.144014358520507813 19.149547576904296875 19.155445098876953125 19.161708831787109375 19.167970657348632813 19.17423248291015625 19.1804962158203125 19.186758041381835938 19.19191741943359375 19.195974349975585938 19.200029373168945313 19.2040863037109375 19.208143234252929688 19.212198257446289063 19.216638565063476563 19.221464157104492188 19.226287841796875 19.231111526489257813 19.235937118530273438 19.24076080322265625 19.24510955810546875 19.248983383178710938 19.252859115600585938 19.256732940673828125
19.013935089111328125 19.019786834716796875 19.025638580322265625 19.031490325927734375 19.037342071533203125 19.043193817138671875 19.049772262573242188 19.05707550048828125 19.064380645751953125 19.071685791015625 19.078990936279296875 19.086294174194335938 19.092664718627929688 19.098096847534179688 19.1035308837890625 19.1089630126953125 19.114397048950195313 19.119829177856445313 19.125741958618164063 19.13213348388671875 19.138523101806640625 19.144914627075195313 19.15130615234375 19.157697677612304688 19.162900924682617188 19.1669158935546875 19.170930862426757813 19.174945831298828125 19.178960800170898438 19.18297576904296875 19.187358856201171875 19.192113876342773438 19.196866989135742188 19.201620101928710938 19.206373214721679688 19.211126327514648438 19.215404510498046875 19.219209671020507813 19.223012924194335938 19.226818084716796875
18.98458099365234375 18.990322113037109375 18.996065139770507813 19.00180816650390625 19.007551193237304688 19.013294219970703125 19.0198822021484375 19.027318954467773438 19.034755706787109375 19.0421905517578125 19.049627304077148438 19.057064056396484375 19.063447952270507813 19.068780899047851563 19.074113845825195313 19.07944488525390625 19.08477783203125 19.09011077880859375 19.096036911010742188 19.102558135986328125 19.10907745361328125 19.115596771240234375 19.122117996215820313 19.128637313842773438 19.133884429931640625 19.137857437133789063 19.141832351684570313 19.14580535888671875 19.149778366088867188 19.153753280639648438 19.1580810546875 19.162763595581054688 19.167444229125976563 19.17212677001953125 19.176809310913085938 19.181491851806640625 19.185699462890625 19.189434051513671875 19.19316864013671875 19.196901321411132813
18.955226898193359375 18.960859298706054688 18.966493606567382813 18.972126007080078125 18.97776031494140625 18.983394622802734375 18.989994049072265625 18.997562408447265625 19.005128860473632813 19.012697219848632813 19.020263671875 19.02783203125 19.034231185913085938 19.039463043212890625 19.044696807861328125 19.049928665161132813 19.0551605224609375 19.060392379760742188 19.066333770751953125 19.0729827880859375 19.079629898071289063 19.086278915405273438 19.092927932739257813 19.099576950073242188 19.104867935180664063 19.108800888061523438 19.11273193359375 19.116664886474609375 19.12059783935546875 19.124528884887695313 19.128801345825195313 19.133413314819335938 19.13802337646484375 19.142635345458984375 19.147245407104492188 19.151857376098632813 19.155994415283203125 19.159658432006835938 19.16332244873046875 19.166986465454101563
18.926504135131835938 18.932237625122070313 18.937971115112304688 18.943704605102539063 18.949438095092773438 18.955171585083007813 18.961788177490234375 18.969289779663085938 18.976789474487304688 18.98429107666015625 18.991792678833007813 18.999294281005859375 19.005519866943359375 19.010473251342773438 19.015424728393554688 19.020376205444335938 19.02532958984375 19.03028106689453125 19.036067962646484375 19.042692184448242188 19.049314498901367188 19.055938720703125 19.06256103515625 19.069183349609375 19.074445724487304688 19.078344345092773438 19.082242965698242188 19.086141586303710938 19.0900421142578125 19.09394073486328125 19.098142623901367188 19.102647781372070313 19.107152938842773438 19.111658096313476563 19.116163253784179688 19.120668411254882813 19.12474822998046875 19.128404617309570313 19.132061004638671875 19.135717391967773438
18.89841461181640625 18.90445709228515625 18.910497665405273438 18.916540145874023438 18.922582626342773438 18.928625106811523438 18.93526458740234375 18.942501068115234375 18.949737548828125 18.956975936889648438 18.964212417602539063 18.971448898315429688 18.977313995361328125 18.981805801391601563 18.986297607421875 18.99079132080078125 18.995283126831054688 18.999774932861328125 19.005243301391601563 19.011686325073242188 19.018129348754882813 19.024572372436523438 19.031015396118164063 19.037458419799804688 19.042615890502929688 19.046489715576171875 19.050363540649414063 19.05423736572265625 19.058111190795898438 19.061985015869140625 19.066104888916015625 19.070468902587890625 19.074832916259765625 19.079196929931640625 19.083560943603515625 19.087924957275390625 19.091960906982421875 19.095672607421875 19.099382400512695313 19.103092193603515625
18.87032318115234375 18.876674652099609375 18.883026123046875 18.889377593994140625 18.89572906494140625 18.902078628540039063 18.908740997314453125 18.915714263916015625 18.922685623168945313 18.929658889770507813 18.936632156372070313 18.943603515625 18.949106216430664063 18.9531402587890625 18.957172393798828125 18.96120452880859375 18.965238571166992188 18.969270706176757813 18.97441864013671875 18.980680465698242188 18.986944198608398438 18.993206024169921875 18.999469757080078125 19.005733489990234375 19.0107879638671875 19.014636993408203125 19.01848602294921875 19.022333145141601563 19.026182174682617188 19.030031204223632813 19.034067153930664063 19.038290023803710938 19.042512893676757813 19.046735763549804688 19.050958633422851563 19.055181503295898438 19.059173583984375 19.062938690185546875 19.06670379638671875 19.070468902587890625
18.842233657836914063 18.848894119262695313 18.855554580688476563 18.862213134765625 18.86887359619140625 18.8755340576171875 18.8822174072265625 18.888925552368164063 18.895633697509765625 18.902341842651367188 18.90904998779296875 18.915758132934570313 18.920900344848632813 18.924472808837890625 18.928045272827148438 18.931619644165039063 18.935192108154296875 18.938764572143554688 18.943593978881835938 18.949676513671875 18.955759048461914063 18.961841583251953125 18.967924118041992188 18.97400665283203125 18.978960037231445313 18.982782363891601563 18.986606597900390625 18.990428924560546875 18.994253158569335938 18.998075485229492188 19.002027511596679688 19.006109237670898438 19.010190963745117188 19.014272689819335938 19.018354415893554688 19.022436141967773438 19.026388168334960938 19.030206680297851563 19.034025192260742188 19.037843704223632813
18.814144134521484375 18.82111358642578125 18.828081130981445313 18.835050582885742188 18.842020034790039063 18.848987579345703125 18.855693817138671875 18.862138748168945313 18.868581771850585938 18.875026702880859375 18.8814697265625 18.887914657592773438 18.89269256591796875 18.895807266235351563 18.898920059204101563 18.902032852172851563 18.905147552490234375 18.908260345458984375 18.912767410278320313 18.918670654296875 18.924573898315429688 18.930475234985351563 18.93637847900390625 18.942281723022460938 18.947132110595703125 18.950929641723632813 18.9547271728515625 18.958524703979492188 18.962322235107421875 18.966121673583984375 18.969989776611328125 18.97393035888671875 18.977870941162109375 18.9818115234375 18.985752105712890625 18.98969268798828125 18.993600845336914063 18.997472763061523438 19.001346588134765625 19.005220413208007813
18.786054611206054688 18.793331146240234375 18.800609588623046875 18.807886123657226563 18.815164566040039063 18.822443008422851563 18.82917022705078125 18.83535003662109375 18.84152984619140625 18.84770965576171875 18.85388946533203125 18.86006927490234375 18.8644866943359375 18.867139816284179688 18.869792938232421875 18.872447967529296875 18.875101089477539063 18.87775421142578125 18.8819427490234375 18.887664794921875 18.893388748168945313 18.899110794067382813 18.904832839965820313 18.910554885864257813 18.915302276611328125 18.91907501220703125 18.922847747802734375 18.9266204833984375 18.930393218994140625 18.93416595458984375 18.937952041625976563 18.941751480102539063 18.945550918579101563 18.949350357055664063 18.953149795532226563 18.956949234008789063 18.960813522338867188 18.964740753173828125 18.968667984008789063 18.97259521484375
