data/dp9jul.asc
ncols        384
nrows        480
xllcorner    138.000000000000
yllcorner    -29.000000000000
cellsize     0.041666666667
NODATA_value -9999
[rows 0 to 17 of 480, columns 40 to 79 of 384]
21.705230712890625 21.711111068725585938 21.718128204345703125 21.726284027099609375 21.734439849853515625 21.742595672607421875 21.750749588012695313 21.758905410766601563 21.765203475952148438 21.769641876220703125 21.774080276489257813 21.778520584106445313 21.782958984375 21.787397384643554688 21.7859039306640625 21.778476715087890625 21.771047592163085938 21.763620376586914063 21.756191253662109375 21.7487640380859375 21.74456787109375 21.743604660034179688 21.742641448974609375 21.741678237915039063 21.74071502685546875 21.739749908447265625 21.71001434326171875 21.651508331298828125 21.593000411987304688 21.53449249267578125 21.475984573364257813 21.417478561401367188 21.382280349731445313 21.370389938354492188 21.358501434326171875 21.346612930297851563 21.33472442626953125 21.322835922241210938 21.3321075439453125 21.36254119873046875
21.6778564453125 21.683626174926757813 21.690427780151367188 21.698263168334960938 21.706098556518554688 21.713933944702148438 21.721769332885742188 21.729604721069335938 21.7357635498046875 21.740243911743164063 21.744726181030273438 21.74920654296875 21.753686904907226563 21.758169174194335938 21.75778961181640625 21.7525482177734375 21.747308731079101563 21.742067337036132813 21.736827850341796875 21.731586456298828125 21.728485107421875 21.727521896362304688 21.726558685302734375 21.725595474243164063 21.724634170532226563 21.72367095947265625 21.699415206909179688 21.651868820190429688 21.604322433471679688 21.556774139404296875 21.509227752685546875 21.461681365966796875 21.431507110595703125 21.418706893920898438 21.405904769897460938 21.39310455322265625 21.380304336547851563 21.367502212524414063 21.377092361450195313 21.409069061279296875
21.650482177734375 21.656141281127929688 21.66272735595703125 21.670244216918945313 21.677759170532226563 21.685274124145507813 21.692789077758789063 21.700305938720703125 21.706323623657226563 21.710847854614257813 21.71537017822265625 21.719892501831054688 21.724416732788085938 21.728939056396484375 21.729673385620117188 21.726621627807617188 21.723567962646484375 21.720516204833984375 21.717462539672851563 21.71440887451171875 21.71240234375 21.711439132690429688 21.710477828979492188 21.709514617919921875 21.708553314208984375 21.707590103149414063 21.688816070556640625 21.65222930908203125 21.615642547607421875 21.5790557861328125 21.542470932006835938 21.505884170532226563 21.480733871459960938 21.467021942138671875 21.45330810546875 21.439596176147460938 21.425884246826171875 21.41217041015625 21.422075271606445313 21.455596923828125
21.62310791015625 21.628656387329101563 21.635026931762695313 21.642223358154296875 21.649417877197265625 21.656614303588867188 21.663808822631835938 21.6710052490234375 21.676885604858398438 21.68144989013671875 21.686014175415039063 21.690578460693359375 21.6951446533203125 21.699708938598632813 21.701559066772460938 21.700693130493164063 21.6998291015625 21.698963165283203125 21.69809722900390625 21.697233200073242188 21.696319580078125 21.695356369018554688 21.694395065307617188 21.693433761596679688 21.692472457885742188 21.691509246826171875 21.678216934204101563 21.652589797973632813 21.626964569091796875 21.601339340209960938 21.575712203979492188 21.55008697509765625 21.52996063232421875 21.515336990356445313 21.500713348388671875 21.486087799072265625 21.471464157104492188 21.456838607788085938 21.467060089111328125 21.502124786376953125
21.595733642578125 21.601171493530273438 21.607326507568359375 21.614202499389648438 21.6210784912109375 21.627954483032226563 21.634828567504882813 21.641704559326171875 21.6474456787109375 21.652051925659179688 21.656660079956054688 21.661266326904296875 21.665872573852539063 21.67047882080078125 21.673442840576171875 21.67476654052734375 21.676088333129882813 21.677410125732421875 21.67873382568359375 21.680055618286132813 21.68023681640625 21.6792755126953125 21.678314208984375 21.6773529052734375 21.6763916015625 21.6754302978515625 21.667615890502929688 21.652950286865234375 21.638286590576171875 21.623620986938476563 21.60895538330078125 21.594289779663085938 21.579189300537109375 21.56365203857421875 21.548116683959960938 21.532579421997070313 21.5170440673828125 21.501506805419921875 21.512042999267578125 21.54865264892578125
21.568359375 21.573686599731445313 21.579626083374023438 21.586181640625 21.592737197875976563 21.599292755126953125 21.605848312377929688 21.61240386962890625 21.618005752563476563 21.622655868530273438 21.6273040771484375 21.631952285766601563 21.636600494384765625 21.641248703002929688 21.645328521728515625 21.648838043212890625 21.652347564697265625 21.655858993530273438 21.659368515014648438 21.662878036499023438 21.664152145385742188 21.6631927490234375 21.6622314453125 21.6612701416015625 21.660310745239257813 21.659349441528320313 21.657016754150390625 21.65331268310546875 21.649606704711914063 21.645902633666992188 21.6421966552734375 21.638492584228515625 21.628416061401367188 21.611967086791992188 21.59552001953125 21.579071044921875 21.562623977661132813 21.546175003051757813 21.557027816772460938 21.595180511474609375
21.542062759399414063 21.547258377075195313 21.553070068359375 21.559497833251953125 21.565923690795898438 21.572351455688476563 21.578779220581054688 21.585206985473632813 21.590730667114257813 21.595348358154296875 21.59996795654296875 21.604585647583007813 21.609205245971679688 21.613824844360351563 21.618444442749023438 21.623064041137695313 21.627683639526367188 21.632305145263671875 21.63692474365234375 21.641544342041015625 21.643571853637695313 21.64300537109375 21.642436981201171875 21.641870498657226563 21.64130401611328125 21.640735626220703125 21.641405105590820313 21.643306732177734375 21.64521026611328125 21.647113800048828125 21.649015426635742188 21.650918960571289063 21.644285202026367188 21.629116058349609375 21.613946914672851563 21.59877777099609375 21.583608627319335938 21.568439483642578125 21.57874298095703125 21.614519119262695313
21.516841888427734375 21.52188873291015625 21.527658462524414063 21.534149169921875 21.540639877319335938 21.547130584716796875 21.553621292114257813 21.56011199951171875 21.565616607666015625 21.570133209228515625 21.574651718139648438 21.579168319702148438 21.58368682861328125 21.58820343017578125 21.5927886962890625 21.597442626953125 21.6020965576171875 21.606748580932617188 21.611402511596679688 21.616056442260742188 21.61849212646484375 21.618711471557617188 21.618930816650390625 21.619152069091796875 21.619371414184570313 21.61959075927734375 21.620779037475585938 21.622936248779296875 21.625095367431640625 21.627252578735351563 21.629411697387695313 21.63156890869140625 21.626798629760742188 21.615098953247070313 21.603397369384765625 21.59169769287109375 21.579998016357421875 21.56829833984375 21.577188491821289063 21.606672286987304688
21.491621017456054688 21.496519088745117188 21.502244949340820313 21.508798599243164063 21.515354156494140625 21.521907806396484375 21.528461456298828125 21.535017013549804688 21.540500640869140625 21.544918060302734375 21.549333572387695313 21.553750991821289063 21.55816650390625 21.562582015991210938 21.567134857177734375 21.571821212768554688 21.576507568359375 21.581193923950195313 21.585880279541015625 21.590566635131835938 21.593414306640625 21.594419479370117188 21.595426559448242188 21.596431732177734375 21.597438812255859375 21.598443984985351563 21.600152969360351563 21.602567672729492188 21.60498046875 21.607393264770507813 21.609806060791015625 21.612218856811523438 21.609310150146484375 21.601079940795898438 21.5928497314453125 21.584619522094726563 21.576387405395507813 21.568157196044921875 21.575635910034179688 21.59882354736328125
21.466400146484375 21.471149444580078125 21.476833343505859375 21.483449935913085938 21.490068435668945313 21.496685028076171875 21.50330352783203125 21.509920120239257813 21.515386581420898438 21.519702911376953125 21.524017333984375 21.528331756591796875 21.532648086547851563 21.536962509155273438 21.541479110717773438 21.546199798583984375 21.5509185791015625 21.555639266967773438 21.560358047485351563 21.5650787353515625 21.568334579467773438 21.570127487182617188 21.571920394897460938 21.573713302612304688 21.575504302978515625 21.577297210693359375 21.57952880859375 21.582197189331054688 21.584865570068359375 21.587533950805664063 21.59020233154296875 21.592870712280273438 21.591823577880859375 21.587062835693359375 21.582300186157226563 21.577539443969726563 21.572778701782226563 21.568017959594726563 21.574083328247070313 21.590976715087890625
21.441179275512695313 21.445779800415039063 21.451419830322265625 21.458101272583007813 21.46478271484375 21.471464157104492188 21.478145599365234375 21.48482513427734375 21.49027252197265625 21.494487762451171875 21.498701095581054688 21.5029144287109375 21.507127761840820313 21.511341094970703125 21.515825271606445313 21.520578384399414063 21.525331497192382813 21.53008270263671875 21.5348358154296875 21.53958892822265625 21.543254852294921875 21.545835494995117188 21.548414230346679688 21.550992965698242188 21.553571701049804688 21.55615234375 21.558902740478515625 21.561826705932617188 21.56475067138671875 21.5676727294921875 21.570596694946289063 21.573520660400390625 21.574335098266601563 21.5730438232421875 21.571752548217773438 21.570459365844726563 21.5691680908203125 21.567876815795898438 21.572530746459960938 21.583127975463867188
21.415958404541015625 21.42041015625 21.426008224487304688 21.432752609252929688 21.439496994018554688 21.446241378784179688 21.452985763549804688 21.459730148315429688 21.465158462524414063 21.469270706176757813 21.473382949829101563 21.477495193481445313 21.481609344482421875 21.485721588134765625 21.490169525146484375 21.49495697021484375 21.499742507934570313 21.504528045654296875 21.509313583374023438 21.514101028442382813 21.518177032470703125 21.521541595458984375 21.524908065795898438 21.5282745361328125 21.53163909912109375 21.535005569458007813 21.53827667236328125 21.541456222534179688 21.544633865356445313 21.54781341552734375 21.550991058349609375 21.554170608520507813 21.556848526000976563 21.559026718139648438 21.5612030029296875 21.563381195068359375 21.56555938720703125 21.567735671997070313 21.57097625732421875 21.575281143188476563
21.392780303955078125 21.397190093994140625 21.40277099609375 21.409521102905273438 21.416273117065429688 21.423025131225585938 21.429775238037109375 21.436527252197265625 21.441967010498046875 21.446092605590820313 21.450220108032226563 21.454347610473632813 21.458475112915039063 21.4626007080078125 21.467128753662109375 21.472055435180664063 21.476984024047851563 21.48191070556640625 21.486837387084960938 21.491765975952148438 21.496095657348632813 21.499826431274414063 21.503557205200195313 21.507287979125976563 21.511018753051757813 21.514749526977539063 21.518239974975585938 21.521488189697265625 21.524738311767578125 21.527986526489257813 21.531236648559570313 21.53448486328125 21.538091659545898438 21.542055130004882813 21.546016693115234375 21.54998016357421875 21.553943634033203125 21.557905197143554688 21.5604705810546875 21.561635971069335938
21.371641159057617188 21.376117706298828125 21.381708145141601563 21.388408660888671875 21.395111083984375 21.401811599731445313 21.408514022827148438 21.41521453857421875 21.420694351196289063 21.424953460693359375 21.429210662841796875 21.433467864990234375 21.437726974487304688 21.441984176635742188 21.4467010498046875 21.451877593994140625 21.45705413818359375 21.462230682373046875 21.4674072265625 21.472583770751953125 21.477010726928710938 21.480686187744140625 21.4843597412109375 21.488035202026367188 21.491710662841796875 21.49538421630859375 21.498788833618164063 21.501924514770507813 21.505060195922851563 21.508195877075195313 21.51132965087890625 21.51446533203125 21.518064498901367188 21.522129058837890625 21.526193618774414063 21.5302581787109375 21.534320831298828125 21.538385391235351563 21.541009902954101563 21.542196273803710938
21.350503921508789063 21.355047225952148438 21.360645294189453125 21.367296218872070313 21.3739471435546875 21.3805999755859375 21.387250900268554688 21.393903732299804688 21.399423599243164063 21.403812408447265625 21.408201217651367188 21.412588119506835938 21.4169769287109375 21.421365737915039063 21.426273345947265625 21.431699752807617188 21.43712615966796875 21.4425506591796875 21.447977066040039063 21.453403472900390625 21.457925796508789063 21.461544036865234375 21.4651641845703125 21.468782424926757813 21.472400665283203125 21.476018905639648438 21.479339599609375 21.48236083984375 21.485382080078125 21.4884033203125 21.491424560546875 21.49444580078125 21.49803924560546875 21.50220489501953125 21.50637054443359375 21.510534286499023438 21.514699935913085938 21.518865585327148438 21.521551132202148438 21.522756576538085938
21.329366683959960938 21.33397674560546875 21.339582443237304688 21.34618377685546875 21.352785110473632813 21.359386444091796875 21.36598968505859375 21.372591018676757813 21.37815093994140625 21.382671356201171875 21.387189865112304688 21.391710281372070313 21.396228790283203125 21.40074920654296875 21.40584564208984375 21.41152191162109375 21.417196273803710938 21.422872543334960938 21.428546905517578125 21.434223175048828125 21.438840866088867188 21.442403793334960938 21.445966720581054688 21.449529647827148438 21.453092575073242188 21.456653594970703125 21.459888458251953125 21.462797164916992188 21.465703964233398438 21.468610763549804688 21.47151947021484375 21.47442626953125 21.4780120849609375 21.482278823852539063 21.486545562744140625 21.490812301635742188 21.49507904052734375 21.499345779418945313 21.5020904541015625 21.503316879272460938
21.3082275390625 21.31290435791015625 21.31851959228515625 21.325071334838867188 21.331623077392578125 21.338174819946289063 21.3447265625 21.351278305053710938 21.35688018798828125 21.361530303955078125 21.366180419921875 21.370830535888671875 21.37548065185546875 21.380130767822265625 21.385417938232421875 21.3913421630859375 21.397268295288085938 21.403192520141601563 21.409116744995117188 21.415040969848632813 21.419757843017578125 21.4232635498046875 21.426769256591796875 21.430276870727539063 21.433782577514648438 21.437288284301757813 21.440439224243164063 21.443231582641601563 21.446025848388671875 21.448820114135742188 21.451612472534179688 21.45440673828125 21.457986831665039063 21.462354660034179688 21.466722488403320313 21.471090316772460938 21.475458145141601563 21.479825973510742188 21.482631683349609375 21.483875274658203125
21.287090301513671875 21.291833877563476563 21.297456741333007813 21.303958892822265625 21.310461044311523438 21.31696319580078125 21.323465347290039063 21.329967498779296875 21.33560943603515625 21.340389251708984375 21.345170974731445313 21.349950790405273438 21.354732513427734375 21.3595123291015625 21.364990234375 21.371164321899414063 21.377338409423828125 21.383512496948242188 21.38968658447265625 21.395860671997070313 21.40067291259765625 21.404123306274414063 21.407573699951171875 21.411024093627929688 21.4144744873046875 21.4179229736328125 21.420988082885742188 21.42366790771484375 21.426347732543945313 21.429027557373046875 21.431707382202148438 21.43438720703125 21.437959671020507813 21.4424285888671875 21.446897506713867188 21.451366424560546875 21.455835342407226563 21.46030426025390625 21.463171005249023438 21.464435577392578125
