data/dp9jan.asc
ncols        384
nrows        480
xllcorner    138.000000000000
yllcorner    -29.000000000000
cellsize     0.041666666667
NODATA_value -9999
[rows 288 to 305 of 480, columns 240 to 279 of 384]
19.10662078857421875 19.168405532836914063 19.230192184448242188 19.2919769287109375 19.353763580322265625 19.415548324584960938 19.52170562744140625 19.672235488891601563 19.822765350341796875 19.973295211791992188 20.123826980590820313 20.274356842041015625 20.4788055419921875 20.737173080444335938 20.995540618896484375 21.253910064697265625 21.512277603149414063 21.7706451416015625 21.941457748413085938 22.024713516235351563 22.107969284057617188 22.191225051879882813 22.27448272705078125 22.357738494873046875 22.4176025390625 22.45407867431640625 22.490552902221679688 22.527027130126953125 22.563503265380859375 22.599977493286132813 22.617090225219726563 22.614841461181640625 22.612592697143554688 22.61034393310546875 22.608095169067382813 22.605846405029296875 22.599847793579101563 22.590097427368164063 22.580348968505859375 22.570598602294921875
19.012683868408203125 19.078245162963867188 19.14380645751953125 19.209367752075195313 19.274929046630859375 19.340490341186523438 19.44995880126953125 19.603336334228515625 19.756715774536132813 19.910093307495117188 20.063470840454101563 20.216848373413085938 20.416376113891601563 20.662052154541015625 20.907728195190429688 21.153402328491210938 21.399078369140625 21.644754409790039063 21.811109542846679688 21.898141860961914063 21.98517608642578125 22.072208404541015625 22.159242630004882813 22.246274948120117188 22.313037872314453125 22.359531402587890625 22.406024932861328125 22.452518463134765625 22.499011993408203125 22.545505523681640625 22.57172393798828125 22.577667236328125 22.58361053466796875 22.5895538330078125 22.59549713134765625 22.6014404296875 22.599298477172851563 22.58907318115234375 22.57884979248046875 22.568624496459960938
18.918748855590820313 18.988084793090820313 19.057420730590820313 19.126758575439453125 19.196094512939453125 19.265430450439453125 19.37821197509765625 19.534437179565429688 19.690664291381835938 19.846889495849609375 20.003116607666015625 20.159341812133789063 20.353946685791015625 20.5869293212890625 20.819913864135742188 21.052896499633789063 21.28588104248046875 21.518863677978515625 21.680761337280273438 21.771570205688476563 21.8623809814453125 21.953191757202148438 22.044002532958984375 22.134813308715820313 22.20847320556640625 22.264986038208007813 22.321496963500976563 22.378009796142578125 22.434520721435546875 22.491031646728515625 22.526355743408203125 22.540491104125976563 22.55462646484375 22.568761825561523438 22.582897186279296875 22.597032546997070313 22.598751068115234375 22.58805084228515625 22.577350616455078125 22.566650390625
18.824811935424804688 18.897924423217773438 18.971036911010742188 19.044147491455078125 19.117259979248046875 19.190372467041015625 19.30646514892578125 19.465539932250976563 19.624612808227539063 19.783687591552734375 19.942760467529296875 20.101835250854492188 20.291517257690429688 20.511808395385742188 20.732099533081054688 20.952390670776367188 21.172681808471679688 21.392972946166992188 21.550411224365234375 21.645000457763671875 21.739587783813476563 21.83417510986328125 21.928762435913085938 22.023349761962890625 22.103908538818359375 22.170438766479492188 22.236968994140625 22.303499221801757813 22.370029449462890625 22.436559677124023438 22.480989456176757813 22.503316879272460938 22.525644302368164063 22.547971725463867188 22.570299148559570313 22.592626571655273438 22.598201751708984375 22.587026596069335938 22.5758514404296875 22.564676284790039063
18.730876922607421875 18.807764053344726563 18.88465118408203125 18.961538314819335938 19.038425445556640625 19.115312576293945313 19.23471832275390625 19.396640777587890625 19.558561325073242188 19.720483779907226563 19.882406234741210938 20.044328689575195313 20.22908782958984375 20.436687469482421875 20.644285202026367188 20.851884841918945313 21.059482574462890625 21.26708221435546875 21.420063018798828125 21.518428802490234375 21.616792678833007813 21.715158462524414063 21.8135223388671875 21.91188812255859375 21.9993438720703125 22.075893402099609375 22.152441024780273438 22.228990554809570313 22.305538177490234375 22.38208770751953125 22.435621261596679688 22.4661407470703125 22.496660232543945313 22.527179718017578125 22.557699203491210938 22.58821868896484375 22.597652435302734375 22.586002349853515625 22.574352264404296875 22.562702178955078125
18.63694000244140625 18.717603683471679688 18.798265457153320313 18.87892913818359375 18.959590911865234375 19.040254592895507813 19.16297149658203125 19.327741622924804688 19.492511749267578125 19.657281875610351563 19.822050094604492188 19.986820220947265625 20.166658401489257813 20.36156463623046875 20.556470870971679688 20.751379013061523438 20.946285247802734375 21.141191482543945313 21.289714813232421875 21.391857147216796875 21.493999481201171875 21.596141815185546875 21.698282241821289063 21.800424575805664063 21.894779205322265625 21.98134613037109375 22.067913055419921875 22.15447998046875 22.241046905517578125 22.32761383056640625 22.390254974365234375 22.428966522216796875 22.467678070068359375 22.506389617919921875 22.545101165771484375 22.583812713623046875 22.597105026245117188 22.584980010986328125 22.572854995727539063 22.56072998046875
18.556005477905273438 18.639362335205078125 18.722719192504882813 18.8060760498046875 18.889432907104492188 18.972787857055664063 19.095594406127929688 19.257848739624023438 19.420103073120117188 19.58235931396484375 19.7446136474609375 19.90686798095703125 20.078847885131835938 20.26055145263671875 20.44225311279296875 20.623956680297851563 20.805660247802734375 20.987363815307617188 21.131597518920898438 21.238363265991210938 21.345127105712890625 21.451892852783203125 21.558656692504882813 21.6654205322265625 21.766359329223632813 21.861469268798828125 21.956579208374023438 22.051691055297851563 22.146800994873046875 22.241910934448242188 22.313467025756835938 22.361467361450195313 22.4094696044921875 22.457469940185546875 22.50547027587890625 22.553472518920898438 22.573293685913085938 22.564939498901367188 22.556583404541015625 22.548229217529296875
18.48807525634765625 18.573041915893554688 18.658010482788085938 18.742979049682617188 18.827947616577148438 18.912914276123046875 19.032587051391601563 19.186964035034179688 19.341339111328125 19.495716094970703125 19.65009307861328125 19.804468154907226563 19.9656524658203125 20.133642196655273438 20.301631927490234375 20.469621658325195313 20.637613296508789063 20.80560302734375 20.945713043212890625 21.05794525146484375 21.170177459716796875 21.282411575317382813 21.394643783569335938 21.506875991821289063 21.614080429077148438 21.716260910034179688 21.818439483642578125 21.920618057250976563 22.022798538208007813 22.12497711181640625 22.205259323120117188 22.263647079467773438 22.322034835815429688 22.380422592163085938 22.438810348510742188 22.497198104858398438 22.52622222900390625 22.525882720947265625 22.525541305541992188 22.525201797485351563
18.42014312744140625 18.506723403930664063 18.593301773071289063 18.679882049560546875 18.766462326049804688 18.853040695190429688 18.969579696655273438 19.116077423095703125 19.262577056884765625 19.409074783325195313 19.555572509765625 19.702070236206054688 19.852457046508789063 20.006734848022460938 20.1610107421875 20.315286636352539063 20.469564437866210938 20.62384033203125 20.759828567504882813 20.877529144287109375 20.995229721069335938 21.1129302978515625 21.23062896728515625 21.348329544067382813 21.461803436279296875 21.571050643920898438 21.680299758911132813 21.789546966552734375 21.898794174194335938 22.008043289184570313 22.09705352783203125 22.165826797485351563 22.234601974487304688 22.303377151489257813 22.372150421142578125 22.44092559814453125 22.47914886474609375 22.48682403564453125 22.49449920654296875 22.50217437744140625
18.35221099853515625 18.440402984619140625 18.528594970703125 18.616785049438476563 18.704977035522460938 18.7931671142578125 18.906574249267578125 19.045192718505859375 19.183813095092773438 19.322431564331054688 19.46105194091796875 19.59967041015625 19.739261627197265625 19.879825592041015625 20.020389556884765625 20.160951614379882813 20.301515579223632813 20.44207763671875 20.573944091796875 20.697113037109375 20.820280075073242188 20.943449020385742188 21.066616058349609375 21.189785003662109375 21.309526443481445313 21.42584228515625 21.5421600341796875 21.658475875854492188 21.774791717529296875 21.891107559204101563 21.9888458251953125 22.0680084228515625 22.147169113159179688 22.226329803466796875 22.305490493774414063 22.38465118408203125 22.432077407836914063 22.447767257690429688 22.463457107543945313 22.479146957397460938
18.284280776977539063 18.374082565307617188 18.463886260986328125 18.55368804931640625 18.643491744995117188 18.733293533325195313 18.84356689453125 18.974308013916015625 19.10504913330078125 19.235790252685546875 19.3665313720703125 19.497272491455078125 19.626068115234375 19.752918243408203125 19.879766464233398438 20.006616592407226563 20.133466720581054688 20.260316848754882813 20.388059616088867188 20.516695022583007813 20.645330429077148438 20.773967742919921875 20.9026031494140625 21.031238555908203125 21.15724945068359375 21.280633926391601563 21.404018402099609375 21.527402877807617188 21.650789260864257813 21.774173736572265625 21.880640029907226563 21.970188140869140625 22.059734344482421875 22.149282455444335938 22.23883056640625 22.328378677368164063 22.385004043579101563 22.408710479736328125 22.432415008544921875 22.456119537353515625
18.216348648071289063 18.30776214599609375 18.39917755126953125 18.490591049194335938 18.582006454467773438 18.673419952392578125 18.780559539794921875 18.903421401977539063 19.026285171508789063 19.14914703369140625 19.27201080322265625 19.394872665405273438 19.512872695922851563 19.626008987426757813 19.739145278930664063 19.852281570434570313 19.965417861938476563 20.078554153442382813 20.202175140380859375 20.336278915405273438 20.4703826904296875 20.604486465454101563 20.738590240478515625 20.872694015502929688 21.004972457885742188 21.135425567626953125 21.265878677368164063 21.396331787109375 21.526784896850585938 21.657239913940429688 21.772432327270507813 21.87236785888671875 21.972301483154296875 22.072235107421875 22.172170639038085938 22.272104263305664063 22.337932586669921875 22.36965179443359375 22.401372909545898438 22.433092117309570313
18.1656036376953125 18.256933212280273438 18.348262786865234375 18.439592361450195313 18.53092193603515625 18.622251510620117188 18.726715087890625 18.844310760498046875 18.961908340454101563 19.079504013061523438 19.197099685668945313 19.314697265625 19.426099777221679688 19.53131103515625 19.636522293090820313 19.741733551025390625 19.846944808959960938 19.95215606689453125 20.072536468505859375 20.2080841064453125 20.343633651733398438 20.479181289672851563 20.6147308349609375 20.750278472900390625 20.887676239013671875 21.026922225952148438 21.166168212890625 21.305414199829101563 21.444660186767578125 21.583906173706054688 21.706867218017578125 21.813539505004882813 21.920213699340820313 22.026887893676757813 22.133562088012695313 22.240236282348632813 22.311651229858398438 22.347806930541992188 22.38396453857421875 22.4201202392578125
18.132047653198242188 18.22159576416015625 18.311143875122070313 18.400691986083984375 18.490238189697265625 18.579786300659179688 18.682031631469726563 18.79697418212890625 18.911916732788085938 19.026859283447265625 19.1417999267578125 19.256742477416992188 19.365751266479492188 19.4688262939453125 19.5718994140625 19.674974441528320313 19.778049468994140625 19.881122589111328125 19.9991455078125 20.132114410400390625 20.265085220336914063 20.398054122924804688 20.531024932861328125 20.66399383544921875 20.805360794067382813 20.9551239013671875 21.104887008666992188 21.254650115966796875 21.404413223266601563 21.55417633056640625 21.683940887451171875 21.793706893920898438 21.903472900390625 22.013238906860351563 22.123004913330078125 22.232770919799804688 22.306161880493164063 22.343175888061523438 22.38018798828125 22.417201995849609375
18.098491668701171875 18.18625640869140625 18.274023056030273438 18.361789703369140625 18.449556350708007813 18.537322998046875 18.637350082397460938 18.749637603759765625 18.861925125122070313 18.974212646484375 19.086500167846679688 19.198789596557617188 19.305400848388671875 19.406339645385742188 19.507276535034179688 19.608213424682617188 19.7091522216796875 19.810089111328125 19.925754547119140625 20.05614471435546875 20.186536788940429688 20.316928863525390625 20.44731903076171875 20.577711105346679688 20.723047256469726563 20.883325576782226563 21.043605804443359375 21.203886032104492188 21.364166259765625 21.524444580078125 21.661014556884765625 21.77387237548828125 21.886732101440429688 21.999589920043945313 22.112447738647460938 22.225307464599609375 22.300672531127929688 22.338542938232421875 22.376413345336914063 22.41428375244140625
18.06493377685546875 18.150918960571289063 18.236904144287109375 18.322887420654296875 18.408872604370117188 18.4948577880859375 18.5926666259765625 18.702301025390625 18.811933517456054688 18.921567916870117188 19.031200408935546875 19.140834808349609375 19.245052337646484375 19.343852996826171875 19.442653656005859375 19.541454315185546875 19.640254974365234375 19.739055633544921875 19.852361679077148438 19.980175018310546875 20.107988357543945313 20.23580169677734375 20.363615036010742188 20.491426467895507813 20.6407318115234375 20.811529159545898438 20.982324600219726563 21.1531219482421875 21.323917388916015625 21.494714736938476563 21.638088226318359375 21.754039764404296875 21.869989395141601563 21.985940933227539063 22.101892471313476563 22.21784210205078125 22.2951812744140625 22.333909988403320313 22.372638702392578125 22.411367416381835938
18.031377792358398438 18.115579605102539063 18.1997833251953125 18.283987045288085938 18.368188858032226563 18.452392578125 18.547983169555664063 18.654962539672851563 18.761941909790039063 18.868921279907226563 18.975900650024414063 19.082880020141601563 19.184701919555664063 19.281366348266601563 19.378030776977539063 19.47469329833984375 19.57135772705078125 19.66802215576171875 19.778970718383789063 19.904205322265625 20.029439926147460938 20.154674530029296875 20.279909133911132813 20.40514373779296875 20.558416366577148438 20.7397308349609375 20.92104339599609375 21.102357864379882813 21.283670425415039063 21.464984893798828125 21.615161895751953125 21.734205245971679688 21.85324859619140625 21.972291946411132813 22.091335296630859375 22.210378646850585938 22.289691925048828125 22.329278945922851563 22.368864059448242188 22.408449172973632813
17.997819900512695313 18.080242156982421875 18.162664413452148438 18.245084762573242188 18.32750701904296875 18.4099273681640625 18.503301620483398438 18.607625961303710938 18.71195220947265625 18.81627655029296875 18.92060089111328125 19.024927139282226563 19.124353408813476563 19.21887969970703125 19.31340789794921875 19.407934188842773438 19.502460479736328125 19.596988677978515625 19.705579757690429688 19.828235626220703125 19.950891494750976563 20.07354736328125 20.196203231811523438 20.318859100341796875 20.476102828979492188 20.667932510375976563 20.859762191772460938 21.051593780517578125 21.2434234619140625 21.435253143310546875 21.592235565185546875 21.714372634887695313 21.836507797241210938 21.958642959594726563 22.080778121948242188 22.202913284301757813 22.28420257568359375 22.32464599609375 22.365087509155273438 22.405530929565429688
