data/dp9jan.asc
ncols        384
nrows        480
xllcorner    138.000000000000
yllcorner    -29.000000000000
cellsize     0.041666666667
NODATA_value -9999
[rows 144 to 161 of 480, columns 0 to 39 of 384]
24.405206680297851563 24.405378341674804688 24.40558624267578125 24.4058990478515625 24.4058990478515625 24.4058990478515625 24.405115127563476563 24.403551101684570313 24.401987075805664063 24.400423049926757813 24.398859024047851563 24.397294998168945313 24.394680023193359375 24.39101409912109375 24.387348175048828125 24.3836822509765625 24.380018234252929688 24.376352310180664063 24.372751235961914063 24.369215011596679688 24.3656768798828125 24.362140655517578125 24.35860443115234375 24.355068206787109375 24.351879119873046875 24.349040985107421875 24.346202850341796875 24.343364715576171875 24.340524673461914063 24.337686538696289063 24.333539962768554688 24.32808685302734375 24.322633743286132813 24.317178726196289063 24.311725616455078125 24.306270599365234375 24.302577972412109375 24.300645828247070313 24.29871368408203125 24.296783447265625
24.4055023193359375 24.405605316162109375 24.405710220336914063 24.405710220336914063 24.405710220336914063 24.405710220336914063 24.404726028442382813 24.402757644653320313 24.400791168212890625 24.398822784423828125 24.396856307983398438 24.394887924194335938 24.392187118530273438 24.388750076293945313 24.38531494140625 24.381879806518554688 24.378444671630859375 24.37500762939453125 24.371557235717773438 24.368091583251953125 24.3646240234375 24.361158370971679688 24.357690811157226563 24.35422515869140625 24.350864410400390625 24.3476104736328125 24.344356536865234375 24.341100692749023438 24.337846755981445313 24.334592819213867188 24.330301284790039063 24.32497406005859375 24.319644927978515625 24.314317703247070313 24.308990478515625 24.303663253784179688 24.299900054931640625 24.297700881958007813 24.295501708984375 24.293300628662109375
24.405487060546875 24.405521392822265625 24.405521392822265625 24.405521392822265625 24.405521392822265625 24.405521392822265625 24.40433502197265625 24.401964187622070313 24.399593353271484375 24.397222518920898438 24.3948516845703125 24.392482757568359375 24.3896942138671875 24.386487960815429688 24.383281707763671875 24.380075454711914063 24.376871109008789063 24.37366485595703125 24.370363235473632813 24.366968154907226563 24.3635711669921875 24.36017608642578125 24.356779098510742188 24.353382110595703125 24.349849700927734375 24.346179962158203125 24.342508316040039063 24.338838577270507813 24.33516693115234375 24.3314971923828125 24.327060699462890625 24.321859359741210938 24.31665802001953125 24.311456680297851563 24.306255340576171875 24.301054000854492188 24.297220230102539063 24.2947540283203125 24.292287826538085938 24.289819717407226563
24.405450820922851563 24.405332565307617188 24.405332565307617188 24.405332565307617188 24.405332565307617188 24.405332565307617188 24.403944015502929688 24.401170730590820313 24.398397445678710938 24.395624160766601563 24.392848968505859375 24.39007568359375 24.387201309204101563 24.384225845336914063 24.38124847412109375 24.37827301025390625 24.37529754638671875 24.37232208251953125 24.369171142578125 24.3658447265625 24.362518310546875 24.35919189453125 24.355867385864257813 24.352540969848632813 24.348834991455078125 24.344747543334960938 24.340662002563476563 24.336574554443359375 24.332489013671875 24.328401565551757813 24.323822021484375 24.318746566772460938 24.313671112060546875 24.308595657348632813 24.30352020263671875 24.2984466552734375 24.294542312622070313 24.291807174682617188 24.289073944091796875 24.28633880615234375
24.405857086181640625 24.405500411987304688 24.40514373779296875 24.40514373779296875 24.40514373779296875 24.40514373779296875 24.403554916381835938 24.400377273559570313 24.397199630737304688 24.394023895263671875 24.39084625244140625 24.387670516967773438 24.384708404541015625 24.381961822509765625 24.379215240478515625 24.376470565795898438 24.373723983764648438 24.370977401733398438 24.367977142333984375 24.364721298217773438 24.3614654541015625 24.358209609985351563 24.354953765869140625 24.351697921752929688 24.347818374633789063 24.343317031860351563 24.33881378173828125 24.33431243896484375 24.329809188842773438 24.325307846069335938 24.320581436157226563 24.315633773803710938 24.3106842041015625 24.305734634399414063 24.300786972045898438 24.29583740234375 24.29186248779296875 24.288860321044921875 24.285860061645507813 24.282857894897460938
24.407335281372070313 24.406740188598632813 24.406026840209960938 24.404954910278320313 24.404954910278320313 24.404954910278320313 24.403163909912109375 24.399583816528320313 24.39600372314453125 24.392423629760742188 24.388843536376953125 24.385263442993164063 24.382215499877929688 24.37969970703125 24.3771820068359375 24.374666213989257813 24.372150421142578125 24.369634628295898438 24.36678314208984375 24.363597869873046875 24.36041259765625 24.357227325439453125 24.35404205322265625 24.350856781005859375 24.346803665161132813 24.341886520385742188 24.33696746826171875 24.332048416137695313 24.327131271362304688 24.32221221923828125 24.317342758178710938 24.312519073486328125 24.307697296142578125 24.302873611450195313 24.298051834106445313 24.2932281494140625 24.289182662963867188 24.285915374755859375 24.28264617919921875 24.279376983642578125
24.410360336303710938 24.409765243530273438 24.409051895141601563 24.407979965209960938 24.407979965209960938 24.407979965209960938 24.406068801879882813 24.402246475219726563 24.398424148559570313 24.394601821899414063 24.390779495239257813 24.386957168579101563 24.3836822509765625 24.380956649780273438 24.378229141235351563 24.375501632690429688 24.372774124145507813 24.370046615600585938 24.367040634155273438 24.363756179809570313 24.360469818115234375 24.357183456420898438 24.353899002075195313 24.350612640380859375 24.346391677856445313 24.341234207153320313 24.336076736450195313 24.330919265747070313 24.325761795043945313 24.320604324340820313 24.315683364868164063 24.31099700927734375 24.306310653686523438 24.301626205444335938 24.296939849853515625 24.292255401611328125 24.288074493408203125 24.28440093994140625 24.280725479125976563 24.277051925659179688
24.414934158325195313 24.414577484130859375 24.414218902587890625 24.414218902587890625 24.414218902587890625 24.414218902587890625 24.412267684936523438 24.408365249633789063 24.404460906982421875 24.4005584716796875 24.396656036376953125 24.392751693725585938 24.389110565185546875 24.385732650756835938 24.382352828979492188 24.37897491455078125 24.3755950927734375 24.372217178344726563 24.368749618530273438 24.365194320678710938 24.361637115478515625 24.358081817626953125 24.354526519775390625 24.350969314575195313 24.346582412719726563 24.34136199951171875 24.336141586303710938 24.330923080444335938 24.325702667236328125 24.320482254028320313 24.315603256225585938 24.311065673828125 24.306528091430664063 24.301990509033203125 24.297452926635742188 24.29291534423828125 24.28853607177734375 24.284318923950195313 24.280099868774414063 24.275882720947265625
24.4205780029296875 24.420459747314453125 24.420459747314453125 24.420459747314453125 24.420459747314453125 24.420459747314453125 24.418466567993164063 24.414484024047851563 24.41049957275390625 24.406515121459960938 24.402530670166015625 24.398546218872070313 24.39453887939453125 24.390508651733398438 24.386478424072265625 24.382448196411132813 24.37841796875 24.374387741088867188 24.370458602905273438 24.366632461547851563 24.362806320190429688 24.358978271484375 24.355152130126953125 24.35132598876953125 24.346771240234375 24.341489791870117188 24.336208343505859375 24.33092498779296875 24.325643539428710938 24.320362091064453125 24.315525054931640625 24.31113433837890625 24.306745529174804688 24.302354812622070313 24.297964096069335938 24.293575286865234375 24.288997650146484375 24.284236907958984375 24.279474258422851563 24.274713516235351563
24.426649093627929688 24.426698684692382813 24.426698684692382813 24.426698684692382813 24.426698684692382813 24.426698684692382813 24.4246673583984375 24.42060089111328125 24.416536331176757813 24.412471771240234375 24.408407211303710938 24.4043426513671875 24.399967193603515625 24.39528656005859375 24.390604019165039063 24.385921478271484375 24.381238937377929688 24.376556396484375 24.372167587280273438 24.368070602416992188 24.363973617553710938 24.359876632690429688 24.355779647827148438 24.351682662963867188 24.34696197509765625 24.341617584228515625 24.336273193359375 24.330928802490234375 24.32558441162109375 24.320240020751953125 24.315446853637695313 24.311204910278320313 24.3069610595703125 24.3027191162109375 24.2984771728515625 24.294233322143554688 24.289461135864257813 24.284154891967773438 24.278848648071289063 24.2735443115234375
24.432638168334960938 24.432788848876953125 24.432939529418945313 24.432939529418945313 24.432939529418945313 24.432939529418945313 24.430866241455078125 24.42671966552734375 24.422574996948242188 24.418428421020507813 24.414281845092773438 24.410137176513671875 24.4053955078125 24.40006256103515625 24.394727706909179688 24.389394760131835938 24.384059906005859375 24.378726959228515625 24.373876571655273438 24.369508743286132813 24.365140914916992188 24.360773086547851563 24.35640716552734375 24.352039337158203125 24.3471527099609375 24.341745376586914063 24.336338043212890625 24.3309326171875 24.325525283813476563 24.320117950439453125 24.31536865234375 24.311273574829101563 24.307178497314453125 24.303083419799804688 24.29898834228515625 24.294893264770507813 24.289922714233398438 24.2840728759765625 24.278223037719726563 24.272375106811523438
24.43817901611328125 24.438428878784179688 24.43872833251953125 24.439178466796875 24.439178466796875 24.439178466796875 24.43706512451171875 24.43283843994140625 24.42861175537109375 24.42438507080078125 24.42015838623046875 24.41593170166015625 24.410823822021484375 24.40483856201171875 24.398853302001953125 24.3928680419921875 24.386882781982421875 24.38089752197265625 24.375585556030273438 24.370946884155273438 24.36631011962890625 24.36167144775390625 24.35703277587890625 24.352396011352539063 24.347341537475585938 24.3418731689453125 24.336404800415039063 24.330934524536132813 24.325466156005859375 24.319997787475585938 24.315288543701171875 24.311342239379882813 24.30739593505859375 24.303447723388671875 24.299501419067382813 24.295553207397460938 24.290384292602539063 24.283990859985351563 24.277597427368164063 24.271203994750976563
24.4430694580078125 24.443319320678710938 24.4436187744140625 24.44406890869140625 24.44406890869140625 24.44406890869140625 24.441898345947265625 24.437557220458984375 24.433216094970703125 24.428873062133789063 24.424531936645507813 24.42018890380859375 24.41487884521484375 24.408599853515625 24.40232086181640625 24.3960418701171875 24.38976287841796875 24.38348388671875 24.3778533935546875 24.37287139892578125 24.367889404296875 24.362909317016601563 24.357927322387695313 24.352947235107421875 24.347658157348632813 24.342061996459960938 24.336467742919921875 24.33087158203125 24.325277328491210938 24.319681167602539063 24.314973831176757813 24.311155319213867188 24.307336807250976563 24.303518295288085938 24.299699783325195313 24.295881271362304688 24.290594100952148438 24.28383636474609375 24.277078628540039063 24.270320892333984375
24.4473114013671875 24.447460174560546875 24.447610855102539063 24.447610855102539063 24.447610855102539063 24.447610855102539063 24.44536590576171875 24.440876007080078125 24.436384201049804688 24.431894302368164063 24.427402496337890625 24.42291259765625 24.417560577392578125 24.411344528198242188 24.405130386352539063 24.398914337158203125 24.3927001953125 24.386486053466796875 24.380680084228515625 24.37528228759765625 24.369884490966796875 24.3644866943359375 24.359088897705078125 24.35369110107421875 24.348100662231445313 24.342313766479492188 24.336528778076171875 24.330743789672851563 24.324956893920898438 24.319171905517578125 24.314424514770507813 24.3107147216796875 24.307004928588867188 24.303297042846679688 24.299587249755859375 24.295877456665039063 24.290552139282226563 24.28360748291015625 24.27666473388671875 24.269720077514648438
24.45110321044921875 24.451152801513671875 24.451152801513671875 24.451152801513671875 24.451152801513671875 24.451152801513671875 24.448833465576171875 24.444192886352539063 24.439554214477539063 24.43491363525390625 24.43027496337890625 24.425634384155273438 24.420240402221679688 24.414089202880859375 24.407939910888671875 24.401788711547851563 24.39563751220703125 24.38948822021484375 24.383504867553710938 24.377691268920898438 24.371877670288085938 24.366064071655273438 24.360250473022460938 24.354436874389648438 24.348541259765625 24.342565536499023438 24.336589813232421875 24.330614089965820313 24.32463836669921875 24.318662643432617188 24.313873291015625 24.310274124145507813 24.306674957275390625 24.303073883056640625 24.299474716186523438 24.295873641967773438 24.290510177612304688 24.283380508422851563 24.276250839233398438 24.269121170043945313
24.454755783081054688 24.454694747924804688 24.454694747924804688 24.454694747924804688 24.454694747924804688 24.454694747924804688 24.452301025390625 24.447511672973632813 24.442724227905273438 24.43793487548828125 24.433147430419921875 24.428358078002929688 24.42292022705078125 24.416833877563476563 24.410749435424804688 24.4046630859375 24.398576736450195313 24.392490386962890625 24.386331558227539063 24.380102157592773438 24.373872756958007813 24.367641448974609375 24.36141204833984375 24.355180740356445313 24.3489837646484375 24.342817306518554688 24.336650848388671875 24.330484390258789063 24.32431793212890625 24.318151473999023438 24.313323974609375 24.309833526611328125 24.30634307861328125 24.302852630615234375 24.299360275268554688 24.295869827270507813 24.290468215942382813 24.283151626586914063 24.275836944580078125 24.268522262573242188
24.458604812622070313 24.458421707153320313 24.4582366943359375 24.4582366943359375 24.4582366943359375 24.4582366943359375 24.455766677856445313 24.450830459594726563 24.445892333984375 24.44095611572265625 24.436017990112304688 24.431081771850585938 24.425601959228515625 24.419580459594726563 24.413557052612304688 24.407535552978515625 24.401514053344726563 24.3954925537109375 24.389158248901367188 24.382513046264648438 24.375865936279296875 24.369218826293945313 24.362573623657226563 24.355926513671875 24.349424362182617188 24.343069076538085938 24.336711883544921875 24.330354690551757813 24.323999404907226563 24.3176422119140625 24.312772750854492188 24.309392929077148438 24.306011199951171875 24.302629470825195313 24.29924774169921875 24.295866012573242188 24.290426254272460938 24.282924652099609375 24.275423049926757813 24.267923355102539063
24.463008880615234375 24.462701797485351563 24.462331771850585938 24.461778640747070313 24.461778640747070313 24.461778640747070313 24.459234237670898438 24.454149246215820313 24.449062347412109375 24.443975448608398438 24.438890457153320313 24.433803558349609375 24.428281784057617188 24.42232513427734375 24.4163665771484375 24.410409927368164063 24.404453277587890625 24.398494720458984375 24.391984939575195313 24.384922027587890625 24.377859115600585938 24.37079620361328125 24.363735198974609375 24.356672286987304688 24.349866867065429688 24.343320846557617188 24.336772918701171875 24.330226898193359375 24.323678970336914063 24.317132949829101563 24.312223434448242188 24.308950424194335938 24.3056793212890625 24.30240631103515625 24.299135208129882813 24.295862197875976563 24.290384292602539063 24.282695770263671875 24.2750091552734375 24.267322540283203125
