data/dp9jul.asc
ncols        384
nrows        480
xllcorner    138.000000000000
yllcorner    -29.000000000000
cellsize     0.041666666667
NODATA_value -9999
[rows 234 to 251 of 480, columns 40 to 79 of 384]
5.2400231361389160156 5.2502503395080566406 5.2394175529479980469 5.2075247764587402344 5.1756319999694824219 5.1437392234802246094 5.1118464469909667969 5.0799536705017089844 5.0818929672241210938 5.117664337158203125 5.1534357070922851563 5.1892075538635253906 5.2249789237976074219 5.2607502937316894531 5.3077306747436523438 5.3659195899963378906 5.4241085052490234375 5.4822974205017089844 5.5404863357543945313 5.5986752510070800781 5.6497936248779296875 5.6938414573669433594 5.7378888130187988281 5.7819366455078125 5.8259844779968261719 5.8700318336486816406 5.8980517387390136719 5.9100432395935058594 5.9220347404479980469 5.9340262413024902344 5.9460177421569824219 5.9580092430114746094 5.9651193618774414063 5.9673485755920410156 5.9695773124694824219 5.9718065261840820313 5.9740352630615234375 5.9762639999389648438 5.9644742012023925781 5.9386653900146484375
5.2026114463806152344 5.224964141845703125 5.2210278511047363281 5.1908025741577148438 5.1605768203735351563 5.1303515434265136719 5.1001262664794921875 5.0699005126953125 5.0694713592529296875 5.0988383293151855469 5.1282052993774414063 5.1575722694396972656 5.186939239501953125 5.2163057327270507813 5.2590422630310058594 5.3151483535766601563 5.37125396728515625 5.4273600578308105469 5.4834656715393066406 5.5395717620849609375 5.5903191566467285156 5.635707855224609375 5.6810970306396484375 5.7264862060546875 5.7718753814697265625 5.817264556884765625 5.8466625213623046875 5.8600702285766601563 5.873477935791015625 5.8868856430053710938 5.9002933502197265625 5.9137010574340820313 5.9204545021057128906 5.9205536842346191406 5.9206528663635253906 5.9207520484924316406 5.9208512306213378906 5.9209504127502441406 5.9086894989013671875 5.8840694427490234375
5.16519927978515625 5.1996774673461914063 5.2026376724243164063 5.17407989501953125 5.1455216407775878906 5.1169638633728027344 5.088405609130859375 5.0598478317260742188 5.0570497512817382813 5.0800123214721679688 5.1029744148254394531 5.1259369850158691406 5.148899078369140625 5.1718616485595703125 5.2103543281555175781 5.2643766403198242188 5.3183994293212890625 5.3724222183227539063 5.42644500732421875 5.4804677963256835938 5.5308442115783691406 5.5775747299194335938 5.6243052482604980469 5.6710357666015625 5.7177662849426269531 5.7644968032836914063 5.7952737808227539063 5.8100976943969726563 5.8249216079711914063 5.8397455215454101563 5.8545689582824707031 5.8693928718566894531 5.875789642333984375 5.8737587928771972656 5.8717284202575683594 5.86969757080078125 5.8676671981811523438 5.8656363487243652344 5.8529052734375 5.8294734954833984375
5.1277875900268554688 5.1743912696838378906 5.1842479705810546875 5.1573572158813476563 5.130466461181640625 5.1035761833190917969 5.0766854286193847656 5.0497946739196777344 5.0446286201477050781 5.0611863136291503906 5.0777440071105957031 5.0943017005920410156 5.1108593940734863281 5.1274170875549316406 5.1616659164428710938 5.2136054039001464844 5.265544891357421875 5.3174848556518554688 5.3694243431091308594 5.42136383056640625 5.4713697433471679688 5.5194416046142578125 5.5675134658813476563 5.6155853271484375 5.6636571884155273438 5.7117290496826171875 5.743885040283203125 5.7601251602172851563 5.7763648033142089844 5.7926049232482910156 5.8088450431823730469 5.825084686279296875 5.8311247825622558594 5.8269643783569335938 5.8228039741516113281 5.8186435699462890625 5.8144831657409667969 5.8103227615356445313 5.7971205711364746094 5.7748775482177734375
5.0903759002685546875 5.149105072021484375 5.1658577919006347656 5.1406345367431640625 5.1154112815856933594 5.0901880264282226563 5.0649652481079101563 5.0397419929504394531 5.0322070121765136719 5.0423603057861328125 5.05251312255859375 5.0626664161682128906 5.0728197097778320313 5.0829730033874511719 5.1129779815673828125 5.16283416748046875 5.2126908302307128906 5.2625470161437988281 5.3124036788940429688 5.3622598648071289063 5.4118947982788085938 5.4613080024719238281 5.5107216835021972656 5.5601348876953125 5.6095480918884277344 5.6589617729187011719 5.6924962997436523438 5.7101526260375976563 5.7278084754943847656 5.745464324951171875 5.7631206512451171875 5.7807765007019042969 5.7864594459533691406 5.7801694869995117188 5.7738790512084960938 5.7675890922546386719 5.7612986564636230469 5.755008697509765625 5.7413363456726074219 5.7202811241149902344
5.0529642105102539063 5.1238183975219726563 5.1474676132202148438 5.1239118576049804688 5.1003561019897460938 5.0768003463745117188 5.0532445907592773438 5.0296888351440429688 5.0197854042053222656 5.0235338211059570313 5.02728271484375 5.0310311317443847656 5.0347800254821777344 5.0385284423828125 5.0642895698547363281 5.1120629310607910156 5.1598362922668457031 5.2076096534729003906 5.255382537841796875 5.3031558990478515625 5.3524198532104492188 5.4031748771667480469 5.453929901123046875 5.5046844482421875 5.5554394721984863281 5.6061940193176269531 5.6411075592041015625 5.6601796150207519531 5.6792521476745605469 5.6983242034912109375 5.7173962593078613281 5.7364683151245117188 5.741794586181640625 5.7333745956420898438 5.7249546051025390625 5.7165346145629882813 5.7081146240234375 5.6996946334838867188 5.6855516433715820313 5.6656851768493652344
4.98260498046875 5.0637125968933105469 5.0956945419311523438 5.0785508155822753906 5.0614070892333984375 5.0442633628845214844 5.0271196365356445313 5.0099759101867675781 5.0007109642028808594 4.999324798583984375 4.9979386329650878906 4.9965519905090332031 4.9951658248901367188 4.9937796592712402344 5.0161104202270507813 5.0621576309204101563 5.1082053184509277344 5.1542530059814453125 5.2003002166748046875 5.2463479042053222656 5.2950315475463867188 5.3463506698608398438 5.3976697921752929688 5.4489889144897460938 5.5003080368041992188 5.5516271591186523438 5.5867185592651367188 5.6055822372436523438 5.6244459152221679688 5.6433091163635253906 5.6621727943420410156 5.6810364723205566406 5.6858272552490234375 5.6765451431274414063 5.667263031005859375 5.6579809188842773438 5.6486992835998535156 5.6394171714782714844 5.6247134208679199219 5.6045889854431152344
4.8792982101440429688 4.9687871932983398438 5.0105385780334472656 5.0045514106750488281 4.9985642433166503906 4.9925770759582519531 4.9865903854370117188 4.9806032180786132813 4.9749836921691894531 4.9697322845458984375 4.9644804000854492188 4.9592289924621582031 4.9539775848388671875 4.9487257003784179688 4.9684395790100097656 5.013118743896484375 5.0577979087829589844 5.1024775505065917969 5.1471567153930664063 5.1918358802795410156 5.2397289276123046875 5.2908353805541992188 5.34194183349609375 5.3930482864379882813 5.4441547393798828125 5.4952611923217773438 5.5293297767639160156 5.546360015869140625 5.5633897781372070313 5.5804200172424316406 5.59745025634765625 5.6144800186157226563 5.618556976318359375 5.6096806526184082031 5.6008043289184570313 5.5919280052185058594 5.5830516815185546875 5.5741753578186035156 5.5588221549987792969 5.5369915962219238281
4.7759909629821777344 4.8738622665405273438 4.9253821372985839844 4.9305520057678222656 4.9357213973999023438 4.940891265869140625 4.9460606575012207031 4.9512305259704589844 4.94925689697265625 4.9401397705078125 4.93102264404296875 4.9219059944152832031 4.9127888679504394531 4.9036722183227539063 4.9207692146301269531 4.9640798568725585938 5.0073909759521484375 5.0507016181945800781 5.0940127372741699219 5.1373238563537597656 5.1844263076782226563 5.2353200912475585938 5.2862138748168945313 5.3371076583862304688 5.3880014419555664063 5.4388952255249023438 5.4719405174255371094 5.4871373176574707031 5.5023341178894042969 5.5175304412841796875 5.5327272415161132813 5.547924041748046875 5.5512866973876953125 5.542816162109375 5.5343456268310546875 5.525875091552734375 5.5174045562744140625 5.50893402099609375 5.4929304122924804688 5.469394683837890625
4.6726841926574707031 4.7789368629455566406 4.8402261734008789063 4.8565521240234375 4.8728785514831542969 4.8892049789428710938 4.9055314064025878906 4.9218573570251464844 4.9235296249389648438 4.9105472564697265625 4.8975648880004882813 4.8845829963684082031 4.8716006278991699219 4.8586182594299316406 4.8730983734130859375 4.9150409698486328125 4.9569835662841796875 4.9989261627197265625 5.0408687591552734375 5.0828113555908203125 5.129123687744140625 5.1798048019409179688 5.2304859161376953125 5.2811670303344726563 5.33184814453125 5.3825292587280273438 5.4145517349243164063 5.4279150962829589844 5.4412779808044433594 5.4546413421630859375 5.4680047035217285156 5.4813675880432128906 5.4840168952941894531 5.4759516716003417969 5.4678869247436523438 5.4598221778869628906 5.4517569541931152344 5.4436922073364257813 5.4270391464233398438 5.4017972946166992188
4.5693774223327636719 4.6840114593505859375 4.755069732666015625 4.7825527191162109375 4.81003570556640625 4.8375186920166015625 4.865001678466796875 4.8924846649169921875 4.8978023529052734375 4.880954742431640625 4.8641071319580078125 4.847259521484375 4.8304119110107421875 4.813564300537109375 4.825428009033203125 4.8660020828247070313 4.9065766334533691406 4.9471507072448730469 4.9877252578735351563 5.0282993316650390625 5.0738210678100585938 5.1242895126342773438 5.1747579574584960938 5.2252264022827148438 5.2756948471069335938 5.3261632919311523438 5.3571624755859375 5.3686923980712890625 5.380222320556640625 5.3917517662048339844 5.4032816886901855469 5.4148116111755371094 5.4167466163635253906 5.4090876579284667969 5.40142822265625 5.3937692642211914063 5.3861098289489746094 5.3784508705139160156 5.3611474037170410156 5.3342003822326660156
4.4660706520080566406 4.5890860557556152344 4.6699137687683105469 4.708553314208984375 4.7471928596496582031 4.7858324050903320313 4.8244724273681640625 4.8631119728088378906 4.8720750808715820313 4.8513622283935546875 4.8306493759155273438 4.8099365234375 4.7892236709594726563 4.7685108184814453125 4.7777571678161621094 4.81696319580078125 4.8561692237854003906 4.8953752517700195313 4.9345812797546386719 4.9737873077392578125 5.0185184478759765625 5.0687742233276367188 5.119029998779296875 5.1692857742309570313 5.2195415496826171875 5.2697973251342773438 5.2997736930847167969 5.3094701766967773438 5.3191661834716796875 5.3288626670837402344 5.3385591506958007813 5.348255157470703125 5.3494768142700195313 5.3422231674194335938 5.3349695205688476563 5.3277158737182617188 5.3204627037048339844 5.3132090568542480469 5.2952556610107421875 5.2666029930114746094
4.3095788955688476563 4.4352464675903320313 4.5238122940063476563 4.5752763748168945313 4.6267404556274414063 4.6782050132751464844 4.7296690940856933594 4.7811331748962402344 4.7982015609741210938 4.7808747291564941406 4.7635478973388671875 4.7462210655212402344 4.7288937568664550781 4.711566925048828125 4.7239780426025390625 4.7661271095275878906 4.8082756996154785156 4.8504247665405273438 4.8925738334655761719 4.934722900390625 4.9809632301330566406 5.0312948226928710938 5.0816264152526855469 5.1319580078125 5.1822896003723144531 5.2326216697692871094 5.2619676589965820313 5.270328521728515625 5.2786893844604492188 5.2870502471923828125 5.2954106330871582031 5.3037714958190917969 5.3047175407409667969 5.2982492446899414063 5.2917804718017578125 5.2853116989135742188 5.278842926025390625 5.2723746299743652344 5.254611968994140625 5.2255558967590332031
4.0999026298522949219 4.2224926948547363281 4.3167657852172851563 4.3827223777770996094 4.4486789703369140625 4.5146355628967285156 4.5805921554565429688 4.6465487480163574219 4.6761822700500488281 4.6694922447204589844 4.6628026962280273438 4.6561126708984375 4.6494231224060058594 4.6427330970764160156 4.6640896797180175781 4.7134928703308105469 4.7628960609436035156 4.8122992515563964844 4.8617024421691894531 4.9111056327819824219 4.9611554145812988281 5.0118513107299804688 5.0625472068786621094 5.11324310302734375 5.1639394760131835938 5.2146353721618652344 5.2437448501586914063 5.2512679100036621094 5.2587909698486328125 5.2663140296936035156 5.2738375663757324219 5.281360626220703125 5.2824697494506835938 5.2771654129028320313 5.2718605995178222656 5.2665562629699707031 5.2612514495849609375 5.255947113037109375 5.239215850830078125 5.2110581398010253906
3.8902258872985839844 4.0097384452819824219 4.1097192764282226563 4.1901683807373046875 4.2706170082092285156 4.3510661125183105469 4.4315152168273925781 4.5119643211364746094 4.5541625022888183594 4.5581097602844238281 4.5620570182800292969 4.5660047531127929688 4.5699520111083984375 4.5738992691040039063 4.6042017936706542969 4.6608591079711914063 4.7175164222717285156 4.7741742134094238281 4.8308315277099609375 4.8874888420104980469 4.9413475990295410156 4.9924077987670898438 5.0434679985046386719 5.0945286750793457031 5.1455888748168945313 5.1966490745544433594 5.2255220413208007813 5.2322072982788085938 5.2388930320739746094 5.2455782890319824219 5.2522640228271484375 5.2589497566223144531 5.2602219581604003906 5.2560815811157226563 5.2519407272338867188 5.2478003501892089844 5.24365997314453125 5.2395191192626953125 5.223819732666015625 5.1965608596801757813
3.6805493831634521484 3.7969844341278076172 3.9026727676391601563 3.9976141452789306641 4.0925555229187011719 4.1874966621398925781 4.2824382781982421875 4.3773794174194335938 4.4321427345275878906 4.4467272758483886719 4.4613118171691894531 4.4758963584899902344 4.4904808998107910156 4.5050654411315917969 4.5443139076232910156 4.6082253456115722656 4.6721367835998535156 4.7360486984252929688 4.7999601364135742188 4.8638715744018554688 4.9215397834777832031 4.9729642868041992188 5.0243892669677734375 5.0758137702941894531 5.1272382736206054688 5.1786627769470214844 5.2072992324829101563 5.2131466865539550781 5.2189946174621582031 5.2248425483703613281 5.2306904792785644531 5.2365384101867675781 5.2379741668701171875 5.2349977493286132813 5.232021331787109375 5.2290449142456054688 5.2260680198669433594 5.2230916023254394531 5.208423614501953125 5.1820635795593261719
3.4708728790283203125 3.5842306613922119141 3.6956262588500976563 3.8050601482391357422 3.9144937992095947266 4.0239276885986328125 4.1333613395690917969 4.2427949905395507813 4.3101229667663574219 4.3353447914123535156 4.3605666160583496094 4.3857884407043457031 4.4110102653503417969 4.4362320899963378906 4.4844255447387695313 4.555591583251953125 4.6267571449279785156 4.6979231834411621094 4.7690887451171875 4.8402547836303710938 4.9017319679260253906 4.9535212516784667969 5.00531005859375 5.0570988655090332031 5.1088876724243164063 5.1606764793395996094 5.1890759468078613281 5.1940865516662597656 5.1990966796875 5.2041068077087402344 5.2091174125671386719 5.2141275405883789063 5.2157263755798339844 5.2139139175415039063 5.2121014595031738281 5.21028900146484375 5.2084765434265136719 5.2066640853881835938 5.193027496337890625 5.1675658226013183594
3.2611963748931884766 3.3714766502380371094 3.4885797500610351563 3.6125059127807617188 3.7364320755004882813 3.8603582382202148438 3.9842844009399414063 4.1082105636596679688 4.1881031990051269531 4.2239623069763183594 4.2598209381103515625 4.2956800460815429688 4.331539154052734375 4.3673982620239257813 4.42453765869140625 4.5029578208923339844 4.5813775062561035156 4.65979766845703125 4.7382178306579589844 4.8166379928588867188 4.8819246292114257813 4.9340777397155761719 4.9862308502197265625 5.0383839607238769531 5.0905370712280273438 5.1426901817321777344 5.1708531379699707031 5.17502593994140625 5.1791987419128417969 5.1833710670471191406 5.1875438690185546875 5.1917166709899902344 5.1934785842895507813 5.1928300857543945313 5.1921815872192382813 5.1915335655212402344 5.1908850669860839844 5.1902365684509277344 5.1776309013366699219 5.15306854248046875
