data/elev.asc
ncols        384
nrows        480
xllcorner    138.000000000000
yllcorner    -29.000000000000
cellsize     0.041666666667
NODATA_value -9999
[rows 117 to 155 of 480, columns 87 to 173 of 384]
11 16 22 31 32 37 45 47 53 54 59 70 86 104 100 105 128 161 174 174 211 206 192 160 125 117 135 154 131 131 134 146 160 163 169 202 344 302 348 527 583 386 67 54 40 30 16 10 -9999 -9999 -9999 -9999 -9999 -9999 -9999 -9999 -9999 -9999 -9999 -9999 -9999 -9999 -9999 -9999 -9999 -9999 -9999 -9999 -9999 -9999 -9999 -9999 -9999 -9999 -9999 -9999 -9999 -9999 -9999 -9999 -9999 -9999 -9999 -9999 -9999 -9999 -9999
7 15 20 24 29 38 43 42 49 48 52 64 82 91 85 102 135 150 143 173 195 176 166 153 129 134 171 175 149 152 156 146 153 166 192 202 221 217 323 378 569 428 66 46 40 27 16 8 -9999 -9999 -9999 6 -9999 -9999 -9999 -9999 -9999 -9999 -9999 -9999 -9999 -9999 -9999 -9999 -9999 -9999 -9999 -9999 -9999 -9999 -9999 -9999 -9999 -9999 -9999 -9999 -9999 -9999 -9999 -9999 -9999 -9999 -9999 -9999 -9999 -9999 -9999
8 14 21 23 29 36 38 37 45 43 47 59 73 70 88 119 123 137 134 163 178 151 151 154 144 158 166 186 179 183 173 160 167 165 193 234 220 240 278 338 363 263 67 44 34 24 15 10 8 -9999 -9999 -9999 -9999 -9999 -9999 -9999 -9999 -9999 -9999 -9999 -9999 -9999 -9999 -9999 -9999 -9999 -9999 -9999 -9999 -9999 -9999 -9999 -9999 -9999 -9999 -9999 -9999 -9999 -9999 -9999 -9999 -9999 -9999 -9999 -9999 -9999 -9999
6 13 17 21 25 32 30 34 38 34 41 50 57 72 89 103 120 119 140 141 148 139 138 157 148 143 156 164 173 194 182 180 182 172 188 239 300 246 250 236 285 294 136 48 31 23 19 15 9 7 -9999 -9999 -9999 -9999 -9999 -9999 -9999 -9999 -9999 -9999 -9999 -9999 -9999 -9999 -9999 -9999 -9999 -9999 -9999 -9999 -9999 -9999 -9999 -9999 -9999 -9999 -9999 -9999 -9999 -9999 -9999 -9999 -9999 -9999 -9999 -9999 -9999
7 11 18 19 23 27 23 29 26 35 42 50 58 61 77 93 109 114 127 112 123 131 138 151 136 133 145 144 156 165 171 179 194 193 193 224 270 278 247 219 209 233 133 57 37 28 26 21 14 9 -9999 -9999 -9999 -9999 -9999 -9999 -9999 -9999 -9999 -9999 -9999 -9999 -9999 4 -9999 -9999 -9999 -9999 -9999 -9999 -9999 -9999 -9999 -9999 -9999 -9999 -9999 -9999 -9999 -9999 -9999 -9999 -9999 -9999 -9999 -9999 -9999
7 11 16 14 21 21 19 21 26 36 46 54 59 64 77 97 92 104 105 105 124 138 157 138 118 123 140 154 168 189 199 188 194 216 220 212 228 244 245 210 187 184 84 59 43 37 31 23 15 10 -9999 -9999 -9999 -9999 -9999 -9999 -9999 -9999 -9999 -9999 -9999 -9999 -9999 -9999 7 8 -9999 -9999 -9999 7 -9999 -9999 -9999 -9999 -9999 -9999 -9999 -9999 -9999 -9999 -9999 -9999 -9999 -9999 -9999 -9999 -9999
8 6 7 12 14 17 23 29 33 33 40 49 62 68 77 74 80 85 100 119 136 157 146 127 114 132 138 141 151 168 184 214 216 216 206 197 210 212 219 207 152 94 89 64 52 42 41 30 18 11 -9999 -9999 -9999 -9999 -9999 -9999 -9999 -9999 -9999 -9999 -9999 -9999 39 37 -9999 -9999 -9999 -9999 -9999 -9999 -9999 -9999 -9999 -9999 -9999 -9999 -9999 -9999 -9999 -9999 -9999 -9999 -9999 -9999 -9999 -9999 -9999
7 5 7 9 12 18 22 26 29 34 41 49 57 65 59 66 84 101 107 115 127 140 147 120 119 138 146 140 154 172 205 252 228 196 191 188 200 192 207 224 184 116 76 63 56 48 48 35 32 12 -9999 -9999 -9999 -9999 -9999 -9999 -9999 -9999 -9999 -9999 -9999 -9999 86 81 -9999 -9999 -9999 -9999 73 143 -9999 -9999 -9999 -9999 -9999 -9999 -9999 -9999 -9999 -9999 -9999 -9999 -9999 -9999 -9999 -9999 -9999
6 9 10 13 20 20 24 24 28 35 38 42 48 53 64 64 75 92 91 108 136 156 150 113 121 132 138 149 159 177 197 181 206 189 177 185 189 185 200 232 226 208 101 77 85 69 64 66 49 11 8 -9999 -9999 -9999 -9999 -9999 -9999 -9999 -9999 -9999 -9999 3 33 56 -9999 -9999 -9999 10 101 183 104 -9999 -9999 -9999 -9999 -9999 -9999 -9999 -9999 -9999 -9999 -9999 -9999 -9999 -9999 -9999 -9999
7 11 15 17 19 29 28 29 29 35 43 46 49 54 60 68 75 77 87 98 124 141 131 107 111 131 140 151 160 161 156 156 197 214 171 174 182 197 211 214 227 275 200 92 74 74 77 65 39 12 9 -9999 -9999 -9999 -9999 -9999 -9999 -9999 -9999 -9999 -9999 38 114 92 -9999 2 39 19 345 213 74 68 -9999 -9999 -9999 -9999 -9999 -9999 -9999 -9999 -9999 -9999 -9999 -9999 -9999 -9999 -9999
8 12 15 19 23 26 32 38 36 36 44 54 57 60 62 70 82 88 93 99 110 114 106 101 111 129 156 153 144 135 142 150 165 193 163 168 189 212 230 233 246 260 194 98 96 100 76 74 73 18 17 -9999 -9999 -9999 -9999 -9999 -9999 -9999 -9999 -9999 -9999 12 92 171 28 27 79 19 226 99 47 8 -9999 -9999 -9999 -9999 -9999 -9999 -9999 -9999 -9999 -9999 -9999 -9999 -9999 -9999 -9999
9 14 17 21 24 30 34 39 45 47 43 48 59 68 73 76 82 86 85 88 89 89 96 103 113 123 135 134 126 141 176 157 169 160 169 184 218 232 233 220 233 241 208 143 149 100 75 58 57 29 40 5 -9999 -9999 -9999 -9999 -9999 -9999 -9999 -9999 -9999 5 80 194 49 74 107 28 35 57 49 31 40 -9999 -9999 -9999 -9999 -9999 -9999 -9999 -9999 -9999 -9999 -9999 -9999 -9999 -9999
10 14 18 22 25 29 34 39 46 50 53 56 60 68 75 78 75 76 79 88 95 97 95 105 113 121 123 123 124 147 179 189 230 189 210 212 243 237 230 211 245 224 230 239 142 96 77 79 87 34 35 9 -9999 -9999 -9999 -9999 -9999 -9999 -9999 -9999 7 6 55 112 47 75 98 49 69 93 54 27 14 -9999 -9999 -9999 -9999 -9999 -9999 -9999 -9999 -9999 -9999 -9999 -9999 -9999 -9999
10 15 19 23 27 30 34 38 44 50 54 57 58 62 65 68 69 76 89 92 96 108 102 98 101 109 113 117 127 143 165 200 279 260 266 256 231 213 206 210 221 229 238 223 127 77 63 54 54 34 34 12 9 -9999 -9999 -9999 -9999 -9999 -9999 4 5 6 49 73 42 58 108 75 82 59 31 15 -9999 -9999 -9999 -9999 6 -9999 2 -9999 -9999 -9999 -9999 -9999 -9999 -9999 -9999
12 16 20 23 27 30 34 37 40 42 47 51 55 58 65 71 77 82 81 83 90 96 104 113 118 132 117 125 127 141 163 214 248 347 274 231 212 204 197 210 220 247 247 223 141 84 73 63 55 29 23 14 10 6 4 5 4 5 5 7 8 6 52 42 29 47 69 96 186 145 18 18 20 -9999 -9999 -9999 -9999 -9999 -9999 -9999 7 -9999 -9999 -9999 -9999 -9999 -9999
8 14 18 22 27 30 34 38 41 45 50 56 61 67 68 71 68 72 84 92 98 101 105 117 128 145 137 141 138 139 168 208 205 275 284 217 192 188 201 212 224 251 263 284 264 103 105 57 65 26 19 14 11 10 6 6 6 6 5 5 12 6 47 29 23 28 52 142 184 92 39 214 214 16 -9999 -9999 -9999 -9999 4 -9999 7 -9999 -9999 -9999 -9999 -9999 -9999
8 13 17 20 25 29 33 35 40 45 50 52 57 60 62 61 59 69 76 80 88 96 96 117 129 138 158 167 153 153 166 186 217 212 213 191 180 190 206 210 227 253 252 259 238 112 76 82 79 34 23 16 12 17 7 7 7 6 7 6 6 8 21 26 21 23 45 76 125 42 50 221 229 12 12 41 -9999 -9999 4 -9999 -9999 -9999 -9999 -9999 -9999 -9999 -9999
9 13 15 18 22 26 29 33 40 44 41 47 48 49 51 50 58 62 66 73 80 84 90 103 109 120 138 147 151 156 158 180 224 212 180 173 196 203 209 222 239 241 242 262 248 106 62 69 47 33 24 19 16 23 12 7 7 7 8 7 7 9 12 16 23 21 35 76 83 53 147 128 38 18 17 20 19 8 8 6 -9999 -9999 -9999 -9999 -9999 -9999 -9999
8 11 13 17 20 23 28 33 33 34 37 40 44 48 53 55 53 60 64 69 72 79 88 98 109 119 136 148 141 144 151 162 177 164 168 190 190 185 191 209 233 234 253 262 131 89 63 52 54 33 26 21 19 27 15 12 8 8 9 8 11 10 11 12 29 25 35 52 92 105 190 159 48 30 29 38 37 33 9 10 -9999 -9999 -9999 -9999 -9999 -9999 -9999
6 10 13 16 19 22 25 27 32 35 39 42 46 49 50 55 62 63 66 69 73 77 83 95 110 121 130 136 132 140 164 169 160 152 171 186 171 175 189 207 224 233 259 279 154 85 64 51 47 36 33 25 23 28 20 16 13 12 11 11 12 12 17 21 28 33 38 43 55 84 151 126 141 78 124 105 49 25 16 21 -9999 -9999 -9999 -9999 -9999 2 -9999
5 8 13 17 19 20 22 26 32 35 39 43 46 49 53 57 61 63 66 73 79 84 88 90 107 115 122 126 134 145 170 171 148 159 181 179 163 171 181 191 209 219 239 229 142 84 70 56 55 39 34 30 27 28 24 20 17 15 12 13 14 21 32 37 40 37 46 49 48 65 87 129 131 200 175 345 109 32 21 23 10 -9999 -9999 -9999 -9999 1 -9999
6 8 12 15 17 18 21 25 28 33 36 39 43 48 52 57 61 65 68 70 74 81 87 93 100 107 116 126 144 146 168 153 142 167 195 172 163 176 181 193 216 207 213 128 100 83 71 58 51 45 37 33 32 33 29 24 20 18 15 15 16 19 21 29 54 51 43 50 51 54 68 91 126 170 107 156 102 38 26 21 12 10 -9999 -9999 -9999 -9999 -9999
8 8 9 11 14 18 22 26 28 32 36 42 47 50 54 58 62 65 71 77 80 84 92 100 104 106 111 117 128 138 147 138 138 160 175 158 158 184 176 190 213 204 208 171 113 92 73 63 64 46 43 40 37 36 31 28 25 22 18 17 18 20 34 40 53 58 45 48 56 49 58 80 140 165 176 157 69 121 157 28 31 21 7 8 -9999 -9999 -9999
6 6 8 10 13 18 22 27 29 32 37 43 46 50 53 58 62 68 71 75 80 83 85 91 91 95 100 108 114 126 142 139 131 147 144 141 150 164 179 198 210 197 205 219 137 95 77 65 58 55 43 44 42 38 33 32 30 25 20 18 20 23 41 35 51 76 51 41 45 49 55 74 114 139 180 144 115 243 242 57 55 74 8 5 8 8 11
5 5 7 10 14 18 20 23 28 31 34 37 41 46 53 58 62 66 71 75 78 80 86 92 97 104 115 106 108 114 120 122 126 136 144 153 149 159 175 204 201 190 197 209 180 127 81 66 79 86 66 49 47 41 38 36 34 28 22 19 22 25 32 27 40 53 50 43 48 53 58 67 82 107 175 183 185 288 321 206 93 114 137 36 11 8 6
7 6 6 8 11 14 19 23 26 31 35 39 43 48 52 56 61 63 68 74 84 89 95 101 105 111 114 116 119 123 124 125 136 153 153 163 158 166 163 186 184 191 201 182 167 131 89 77 83 82 62 55 53 44 42 41 38 32 27 22 23 26 30 29 33 44 41 45 49 53 61 66 76 98 151 163 163 225 303 328 300 289 216 115 31 25 11
5 7 6 7 10 14 19 23 26 29 32 37 41 45 49 53 56 63 70 75 79 89 93 99 109 113 116 118 126 138 143 134 142 144 157 157 166 168 163 177 188 196 168 156 137 140 106 89 76 73 64 57 49 44 45 47 45 40 36 26 26 26 28 32 34 38 42 47 53 57 63 72 78 95 124 157 182 177 212 263 255 325 315 149 28 39 30
2 5 5 6 10 14 17 21 24 28 31 36 39 44 47 51 56 63 70 77 82 85 91 101 107 105 105 109 125 135 124 120 126 132 145 137 144 149 158 182 186 182 160 130 124 119 104 85 73 75 86 62 51 50 50 53 54 50 39 31 31 32 31 35 36 36 41 48 55 62 66 73 79 86 103 155 181 196 197 223 272 204 174 79 23 43 50
3 4 6 6 8 12 16 20 24 27 31 34 38 41 45 49 54 59 67 73 74 79 88 92 98 94 97 101 118 112 109 109 117 125 125 128 131 136 149 159 168 166 139 120 108 106 103 81 75 109 88 73 67 56 57 56 64 54 41 36 36 39 38 39 40 37 40 47 57 68 69 75 78 85 105 140 180 168 197 218 223 130 112 58 43 44 68
5 4 6 5 6 10 15 19 22 26 29 32 35 39 43 46 57 62 65 65 70 78 84 87 85 89 90 102 102 101 100 108 110 115 124 132 142 144 150 158 172 143 122 109 101 94 94 81 110 134 96 83 67 62 63 61 69 60 49 42 42 47 45 45 44 40 41 54 64 66 69 73 77 78 97 122 162 146 156 199 166 110 64 41 24 19 35
6 4 6 5 6 10 13 16 21 24 27 31 34 37 40 47 52 56 59 64 67 72 79 76 82 83 96 103 95 91 102 104 110 115 119 129 141 153 160 171 173 136 116 108 98 89 85 89 129 137 104 79 68 71 70 69 83 68 51 49 55 52 51 49 43 45 46 54 67 75 64 68 75 74 77 99 139 141 175 189 141 103 83 39 28 54 22
5 4 7 5 6 7 11 15 19 22 26 28 31 34 38 44 46 50 53 54 60 65 68 72 77 86 97 99 90 85 95 103 112 119 123 132 140 151 161 176 170 130 128 111 98 97 93 98 133 130 98 89 82 85 75 77 79 64 55 63 69 57 62 51 44 46 51 54 65 59 57 61 66 70 72 90 115 127 159 165 175 175 191 163 96 94 39
5 5 5 5 5 7 10 13 16 20 23 26 29 31 34 38 42 47 53 61 66 70 76 80 82 86 92 93 84 85 101 110 108 108 114 122 132 137 144 168 158 151 156 115 106 104 108 130 146 140 110 98 96 86 85 88 78 70 59 71 77 65 68 67 53 47 52 56 57 56 60 63 65 68 73 84 103 155 190 222 232 267 198 152 89 63 74
6 6 5 5 7 8 10 11 14 17 21 24 28 32 36 41 47 52 56 61 64 69 73 76 77 80 87 83 76 87 93 93 92 100 110 120 129 123 129 142 151 148 153 137 116 115 112 138 184 150 121 101 100 94 106 101 78 69 67 82 82 72 72 74 55 51 62 60 56 59 66 65 69 72 79 78 97 146 200 230 271 253 153 73 39 30 81
6 7 5 7 8 9 11 12 13 16 19 22 26 29 35 40 45 50 53 57 59 66 67 74 71 78 82 75 72 77 82 93 101 110 115 112 114 113 122 134 141 135 143 147 136 142 126 139 211 175 125 113 115 102 105 96 80 80 87 87 82 75 78 71 62 58 69 64 61 65 79 74 77 89 128 140 104 128 177 208 249 209 163 138 90 38 63
7 8 7 8 9 10 11 13 14 15 17 21 24 26 32 37 41 44 49 52 57 63 64 69 70 74 76 69 69 77 88 97 103 102 103 109 107 110 117 122 128 130 137 142 157 174 138 149 218 165 134 123 113 112 117 106 85 93 103 100 82 80 85 85 76 68 75 70 68 73 96 110 90 91 114 143 108 124 201 229 237 141 166 188 183 88 66
7 11 10 9 10 12 13 15 16 16 17 19 20 24 28 33 37 42 45 49 56 56 62 61 67 70 66 65 69 78 82 82 90 94 96 98 108 116 120 126 135 142 149 151 158 168 153 170 229 169 137 127 118 116 128 117 95 106 120 98 89 90 101 98 95 83 81 72 74 81 95 129 140 108 104 173 148 132 180 246 295 93 74 118 49 44 62
8 11 14 12 13 13 15 16 19 19 18 19 21 23 26 30 32 37 43 49 51 52 58 57 61 64 60 64 69 73 77 82 87 93 100 111 115 122 128 129 137 145 156 158 166 170 185 208 226 169 156 141 131 122 134 139 110 128 148 109 97 98 127 106 115 88 80 79 80 88 109 134 201 158 149 250 237 150 196 153 95 111 144 37 22 15 21
10 12 14 14 14 15 17 19 18 21 21 22 23 24 25 28 32 37 41 43 46 49 50 53 58 57 61 68 76 83 85 90 94 102 111 115 113 116 130 141 138 143 150 160 168 178 213 266 224 185 172 151 147 133 137 138 127 142 194 125 102 103 143 133 112 89 83 82 92 92 108 143 180 160 176 276 285 169 221 166 136 202 265 80 38 29 40
