data/elev.asc
ncols        384
nrows        480
xllcorner    138.000000000000
yllcorner    -29.000000000000
cellsize     0.041666666667
NODATA_value -9999
[rows 351 to 389 of 480, columns 174 to 260 of 384]
268 277 280 275 278 290 293 291 290 295 299 304 330 383 418 427 398 386 370 361 355 358 378 413 446 460 417 410 394 383 410 386 380 362 362 356 374 388 373 357 357 373 401 428 445 470 546 482 374 431 408 317 298 284 274 262 243 250 251 223 247 254 228 218 232 215 220 204 203 209 209 208 202 191 179 173 176 176 165 161 236 261 280 236 219 213 198
271 281 281 288 282 283 283 288 293 297 310 310 326 371 424 456 441 424 395 376 364 364 374 401 445 467 461 436 411 394 406 387 365 375 363 374 385 390 389 383 366 381 406 426 467 532 572 495 348 335 331 329 314 272 256 246 243 236 227 220 218 233 222 210 213 208 203 203 209 217 209 198 189 188 193 191 187 171 160 164 205 260 307 285 256 230 200
263 265 276 278 286 294 296 303 310 312 322 337 324 350 392 449 483 438 412 389 375 368 371 388 425 460 485 483 441 408 400 376 383 381 369 379 395 402 411 386 367 393 407 436 471 508 608 495 338 310 299 291 295 290 281 281 266 243 249 239 242 237 225 233 228 219 208 206 224 223 204 201 199 198 194 191 178 160 160 171 222 281 327 290 288 237 212
272 277 275 278 281 286 290 303 301 306 310 350 328 341 376 428 484 465 426 403 390 377 373 385 412 427 463 502 447 414 393 380 398 385 381 374 385 407 420 401 389 379 399 418 430 469 545 514 387 346 304 310 278 287 275 281 291 258 279 270 264 245 229 251 240 240 218 221 235 235 213 213 206 202 187 181 171 162 167 181 212 259 297 275 292 262 239
269 273 279 284 282 296 298 295 295 301 312 345 334 342 368 417 472 490 451 427 404 393 384 383 398 425 460 509 467 420 388 400 426 401 395 389 392 403 417 422 394 383 397 405 434 456 469 498 437 370 316 293 277 271 269 260 274 274 311 316 286 245 245 262 256 251 234 246 251 239 231 218 202 188 176 168 168 174 166 180 204 228 253 274 301 313 281
261 273 286 289 286 295 305 308 303 306 311 328 353 348 363 398 439 483 493 458 418 408 395 387 394 428 469 483 473 429 398 395 439 434 419 398 394 412 424 431 406 401 386 401 424 454 494 588 508 385 362 309 290 278 280 264 252 253 296 286 243 235 273 276 276 271 256 271 251 256 247 203 188 185 176 182 184 175 166 177 196 222 242 281 300 317 310
257 267 279 292 292 297 307 313 312 312 318 335 365 356 366 387 423 473 517 481 445 413 420 400 397 422 440 471 480 448 403 394 430 472 443 408 403 425 433 440 424 432 417 414 426 441 468 581 488 440 387 321 291 296 282 260 250 240 249 256 247 239 286 298 297 305 296 271 251 256 234 205 204 191 182 186 178 168 172 188 198 211 222 255 262 289 328
259 272 285 296 295 303 308 317 319 322 322 334 348 360 372 389 415 450 499 507 471 441 433 417 410 407 425 454 484 439 408 400 414 444 441 408 414 432 444 458 466 459 421 408 431 437 457 527 439 397 335 314 300 281 272 254 248 259 271 256 278 268 310 321 335 351 328 277 261 238 230 237 213 204 193 182 174 173 172 199 213 217 230 237 264 291 288
265 271 281 292 299 304 309 317 324 331 332 341 350 363 376 393 411 438 476 514 481 461 469 434 413 416 420 446 454 447 443 405 424 459 454 422 423 445 464 478 508 442 410 408 422 446 434 426 395 384 356 337 302 279 261 264 280 269 296 270 247 255 284 318 380 370 381 290 260 251 262 254 227 212 193 190 182 177 178 203 223 234 243 255 272 282 325
274 272 286 304 315 305 312 316 321 331 337 348 358 368 380 413 432 428 459 509 505 477 455 430 424 424 433 444 450 455 433 433 413 455 489 454 438 446 497 507 452 422 441 443 422 431 459 431 390 371 364 347 319 278 289 332 370 283 314 322 250 259 292 317 354 449 427 386 302 263 243 236 221 206 204 205 192 177 180 200 210 220 233 243 258 275 292
287 278 286 299 321 317 310 315 322 327 337 349 363 375 384 394 412 425 438 464 522 541 465 442 439 429 447 466 438 431 434 466 426 443 481 498 471 445 484 486 445 454 462 451 455 453 456 435 392 369 346 343 304 285 320 412 381 307 340 288 256 283 288 308 336 398 469 512 326 311 252 255 236 221 223 215 197 182 181 189 222 219 225 228 247 260 255
295 289 289 300 315 325 324 321 324 330 337 348 360 363 377 394 421 457 443 443 480 520 503 461 457 446 464 481 447 441 451 475 426 452 467 484 494 460 489 487 479 504 497 478 468 449 448 419 377 368 336 344 319 308 344 341 327 315 291 264 255 307 322 328 338 371 412 412 388 375 286 284 256 241 229 207 194 187 183 190 196 199 205 217 238 237 253
290 300 298 305 317 326 329 321 322 333 341 343 346 356 369 382 405 452 495 465 458 491 531 495 487 480 471 481 473 448 457 456 431 441 457 475 503 485 476 522 551 554 576 505 449 427 397 381 358 355 349 323 343 332 327 339 304 299 287 266 254 267 294 315 353 349 388 395 390 472 346 295 265 235 215 202 204 195 187 187 205 212 203 213 221 236 250
276 286 285 290 305 302 307 305 313 319 343 341 338 353 363 378 398 435 483 509 478 470 515 533 553 534 510 500 482 465 466 460 458 450 452 484 535 497 488 528 579 568 554 524 474 460 438 442 422 360 336 326 338 329 342 320 294 275 275 270 276 271 291 306 324 362 400 375 397 428 420 346 270 237 219 210 221 208 194 190 191 203 212 209 217 232 249
261 268 270 283 287 303 294 296 302 311 321 329 343 352 370 380 398 435 478 535 515 481 484 511 544 572 566 533 507 483 479 466 452 456 471 461 499 511 520 541 546 497 530 538 461 426 429 457 443 417 395 321 306 316 302 294 285 271 292 306 300 284 284 288 298 324 359 346 349 380 400 349 290 244 225 225 228 220 201 194 195 206 221 216 221 234 252
259 264 267 274 286 291 286 293 299 307 314 325 351 354 376 386 406 432 479 518 522 500 502 501 517 536 581 567 508 532 502 466 465 470 481 478 477 498 497 520 533 473 467 497 445 417 413 396 392 384 390 353 303 304 287 288 301 280 309 398 347 321 306 316 288 329 321 321 358 406 322 312 275 248 242 237 225 215 235 215 198 210 222 225 231 238 265
265 266 269 272 276 281 285 290 297 308 316 328 352 359 370 390 411 430 438 470 461 476 512 525 532 534 533 570 543 534 516 481 520 495 501 507 499 495 506 525 519 483 447 443 436 412 389 401 391 385 353 334 309 300 291 320 351 311 328 425 376 401 312 374 300 309 302 333 368 387 337 341 308 267 259 240 234 246 306 252 204 208 216 221 240 247 260
273 275 274 273 280 281 285 295 297 303 313 323 337 350 367 382 397 414 443 485 497 501 549 576 550 518 504 538 586 546 522 500 515 521 541 531 507 506 533 504 490 512 463 455 431 397 390 376 386 383 333 328 341 328 356 370 388 332 324 385 441 398 321 372 320 336 313 314 381 394 349 320 321 270 250 246 234 226 262 215 202 212 226 228 245 252 263
274 285 279 276 282 286 286 289 295 303 311 319 329 346 361 374 394 412 445 502 513 490 529 595 553 508 477 526 574 564 578 546 536 549 533 528 531 516 484 462 436 442 437 418 402 377 351 353 338 343 340 364 360 341 364 405 383 350 341 357 420 424 332 337 328 363 325 336 351 406 369 311 298 271 268 257 243 223 213 207 205 220 231 229 254 265 267
278 287 284 278 282 287 288 292 295 299 304 312 319 332 357 373 385 414 459 473 463 509 502 528 517 511 466 502 526 524 557 610 574 503 480 500 498 486 452 454 422 398 389 388 377 357 337 334 339 330 354 372 370 357 376 415 381 360 378 363 381 373 339 355 356 357 329 332 345 378 398 403 334 282 258 244 234 224 217 213 207 224 244 233 256 271 279
280 291 291 282 284 288 293 297 304 316 314 320 327 333 355 380 385 401 429 449 436 448 450 465 486 516 456 467 489 508 530 570 609 541 488 454 441 430 419 416 426 415 402 400 371 358 363 368 364 337 342 342 376 371 388 469 407 401 405 389 415 374 372 362 389 385 375 354 381 387 468 402 341 298 274 253 238 235 233 214 207 214 239 247 236 255 284
270 288 299 289 288 291 295 298 303 316 322 324 329 331 346 365 378 384 404 395 403 418 446 440 428 464 450 448 469 485 500 532 570 602 511 484 517 496 442 416 394 387 378 371 372 379 406 379 361 348 369 354 360 382 393 425 443 439 419 419 452 396 417 491 424 495 506 398 479 528 560 423 343 299 263 254 255 251 237 216 213 207 217 239 253 253 266
269 280 295 303 293 291 298 305 305 309 314 319 324 331 342 349 353 368 374 374 396 420 417 414 437 469 450 461 467 492 506 511 555 617 629 568 582 595 544 446 405 395 397 373 398 406 400 383 362 354 368 381 382 379 388 417 444 463 467 480 538 442 449 641 531 658 573 529 613 649 547 447 318 281 265 288 261 239 235 240 222 210 216 237 268 273 287
269 280 292 308 305 295 302 313 316 313 315 319 326 331 336 341 345 353 360 372 381 384 396 412 459 521 514 496 507 510 529 530 558 620 600 562 599 624 666 527 432 427 404 384 413 420 393 367 369 366 383 376 409 435 412 416 427 453 515 653 678 590 497 742 617 715 567 711 704 578 363 393 346 297 307 270 245 234 263 324 232 217 215 222 250 264 303
270 278 291 306 312 303 305 325 337 335 326 323 327 331 336 340 347 358 361 367 374 385 396 407 440 464 478 471 503 515 534 527 567 579 563 573 598 638 630 623 552 489 438 404 426 416 388 381 394 393 404 388 413 467 467 468 480 493 521 629 749 753 609 803 756 702 613 797 763 499 469 531 343 307 279 270 257 238 242 291 265 245 222 224 242 257 299
269 276 285 292 302 310 308 322 336 352 343 334 341 350 350 353 346 354 366 367 375 400 418 422 438 441 457 465 476 507 538 571 543 548 572 586 589 592 614 643 643 583 498 425 431 408 391 422 454 433 425 412 408 452 461 500 554 613 714 673 788 753 705 789 827 756 677 691 512 434 431 375 383 377 337 257 249 247 239 250 335 256 229 226 235 255 283
270 272 275 280 285 301 313 325 337 349 351 348 358 377 400 374 357 359 375 388 383 377 393 424 490 477 490 533 491 485 518 555 519 554 625 601 571 577 603 625 633 531 482 512 479 436 408 467 549 514 502 433 416 453 459 477 533 639 848 903 932 918 869 747 891 759 631 537 481 618 428 615 538 377 277 269 273 259 256 281 342 282 234 237 240 253 271
278 279 282 291 287 292 307 324 332 337 344 357 373 404 432 371 373 371 391 416 394 387 390 429 482 486 481 510 518 498 501 518 565 591 607 624 571 566 584 596 581 564 528 543 537 541 483 457 512 566 565 487 451 516 507 506 578 769 869 842 889 930 991 950 773 616 562 646 648 528 539 537 394 338 300 286 306 342 280 295 318 287 241 239 248 258 282
278 284 297 303 295 294 307 326 333 340 351 366 412 440 423 378 386 383 397 413 403 396 391 425 451 450 457 473 476 510 524 519 542 556 577 588 565 554 573 588 601 590 553 559 556 524 468 492 526 555 607 604 501 593 663 624 696 747 758 783 816 883 998 1061 766 735 711 703 750 662 646 421 429 367 314 320 327 333 298 307 338 310 266 242 246 266 299
283 290 307 316 298 297 310 325 335 331 343 383 427 420 408 389 389 395 401 416 413 403 391 408 417 421 432 440 469 498 539 546 545 540 541 552 547 584 589 581 551 539 521 510 542 514 491 531 551 618 645 637 598 671 718 693 713 754 803 844 877 883 891 932 930 847 858 945 772 736 524 524 571 424 307 325 335 328 330 321 337 338 299 302 251 267 319
285 299 313 319 301 298 304 312 320 326 343 395 398 408 403 418 420 423 425 440 428 412 401 397 402 405 413 427 448 470 503 510 512 519 526 531 546 573 597 608 558 532 540 528 575 586 526 581 615 662 686 675 666 703 673 724 777 811 797 841 799 809 869 908 972 922 965 1088 987 896 1013 861 578 363 324 401 360 373 352 280 271 307 307 329 260 262 318
290 302 320 315 303 315 311 314 326 336 345 380 393 402 401 421 423 437 432 442 441 425 412 413 421 423 419 426 437 461 492 508 544 537 543 547 557 562 585 617 594 562 544 540 586 595 558 574 643 633 651 650 641 657 671 749 778 783 769 763 767 797 837 862 853 839 882 1082 1124 1122 889 666 457 390 333 387 354 308 302 270 264 276 360 343 275 288 373
294 304 322 320 308 329 330 317 333 351 348 370 419 415 408 406 411 418 432 445 448 434 431 430 438 449 443 440 450 477 490 498 529 565 564 576 583 602 586 606 629 615 567 579 584 592 571 581 608 601 612 612 630 638 691 722 731 739 721 752 821 861 838 772 771 805 827 989 934 997 960 746 496 378 319 313 296 289 279 275 266 269 325 296 290 344 475
301 308 326 328 316 323 336 323 334 356 377 417 421 405 396 407 418 418 427 440 437 426 418 413 423 432 439 454 472 476 486 483 519 541 532 555 575 584 591 588 621 648 611 585 587 573 562 567 575 582 598 625 628 652 676 681 700 722 751 773 830 810 807 730 750 770 930 876 918 757 817 783 426 352 337 313 303 321 355 291 277 271 266 266 289 403 449
309 319 327 337 324 332 340 331 350 374 408 419 400 388 398 409 423 437 437 436 427 412 406 401 409 424 446 467 468 470 481 475 502 510 510 525 544 567 567 567 600 620 610 565 553 563 546 552 562 594 654 665 681 651 665 715 721 772 839 822 760 748 762 715 752 774 794 817 964 926 714 575 404 385 351 350 333 377 382 289 285 283 288 270 286 418 498
317 333 334 342 337 349 341 343 369 406 412 410 386 390 400 419 430 436 440 412 410 404 397 393 404 420 436 455 462 464 465 469 482 490 499 513 530 539 544 563 583 590 564 564 543 542 535 566 575 596 643 685 788 725 696 738 741 772 813 806 741 715 699 743 742 718 745 758 749 834 826 792 499 416 394 398 370 381 346 300 304 291 290 276 291 349 552
338 339 356 360 348 373 350 365 397 405 405 396 379 388 404 420 436 430 421 399 395 391 388 388 393 402 418 443 453 453 456 472 487 501 515 533 543 552 607 597 616 592 546 546 536 528 544 549 564 594 630 693 746 802 753 732 714 715 744 765 704 679 689 691 692 693 723 698 681 690 667 724 716 496 545 532 526 490 445 336 323 315 300 287 293 330 501
332 344 359 368 362 389 363 383 408 400 396 381 380 392 403 415 422 410 406 391 381 379 380 388 396 402 410 431 450 446 452 460 482 497 513 521 542 563 600 617 579 584 560 533 536 519 538 557 577 593 611 653 677 778 781 702 682 696 718 786 680 651 647 672 682 699 686 653 640 647 625 629 731 795 691 627 532 469 409 381 410 364 322 302 297 318 421
343 362 382 411 389 407 396 386 408 392 390 378 382 387 395 410 411 393 385 380 373 375 385 393 405 406 418 430 447 442 446 449 470 478 491 506 529 544 577 560 564 550 572 530 512 517 541 564 589 592 604 620 656 683 689 658 665 707 750 704 628 626 655 687 696 660 651 609 606 614 572 599 683 783 779 734 677 637 609 535 447 475 415 334 306 311 334
