data/elev.asc
ncols        384
nrows        480
xllcorner    138.000000000000
yllcorner    -29.000000000000
cellsize     0.041666666667
NODATA_value -9999
[rows 390 to 428 of 480, columns 0 to 86 of 384]
59 58 57 56 57 55 54 53 50 51 50 53 53 56 54 54 64 67 72 80 83 90 93 91 89 76 76 82 101 102 97 92 91 98 91 89 80 71 67 66 69 76 83 86 81 77 82 89 89 78 64 64 65 63 63 65 65 66 66 66 66 66 66 66 68 69 70 71 75 76 79 80 88 104 106 94 90 90 91 95 98 98 105 115 133 145 143
57 57 55 55 54 53 52 52 51 51 50 51 52 54 54 56 62 69 72 75 83 87 88 88 82 74 76 89 104 98 89 87 84 89 85 79 72 76 73 77 83 82 81 86 87 84 81 82 79 70 63 62 63 64 63 63 64 65 66 64 65 65 66 67 68 68 70 72 75 78 79 79 95 113 97 89 87 89 90 92 95 98 105 119 142 127 123
55 55 54 54 53 51 51 51 50 49 50 50 52 51 53 53 58 61 68 74 84 83 86 82 75 73 79 95 101 86 81 78 79 88 76 79 77 79 82 89 88 81 77 77 81 81 81 79 70 66 63 63 62 62 62 63 64 64 63 64 64 65 66 66 67 69 70 73 74 77 79 88 102 96 88 86 87 87 88 92 96 99 103 119 138 117 117
54 53 51 52 52 50 49 49 48 48 49 49 51 51 53 51 56 61 66 71 78 80 82 74 72 79 88 96 95 81 76 73 74 88 79 84 81 79 82 87 87 80 74 69 71 73 78 77 62 60 60 60 61 62 62 62 63 62 63 63 64 65 65 66 67 69 70 72 76 76 80 89 85 84 83 85 86 86 88 92 97 101 110 123 116 113 117
55 53 50 51 50 49 48 48 48 47 48 47 48 50 51 51 53 59 62 69 72 77 82 74 74 89 94 91 83 75 72 69 68 73 70 79 79 74 78 76 72 69 64 62 61 67 75 66 58 59 60 60 60 60 61 62 62 62 62 62 63 63 64 65 66 69 71 73 77 77 77 79 80 81 82 83 83 85 89 93 99 107 127 147 134 118 119
50 52 51 49 48 47 48 47 48 47 47 47 47 48 49 49 49 56 58 62 69 73 78 71 78 89 90 85 76 73 71 69 69 62 62 67 72 70 75 79 69 63 58 55 55 56 58 56 57 57 59 59 59 60 60 61 61 62 61 61 62 62 63 64 65 68 72 73 78 94 85 77 78 79 80 81 82 85 92 96 106 118 135 161 142 123 125
50 48 46 48 46 45 46 46 47 46 47 47 45 48 47 49 50 51 56 58 61 71 71 69 80 88 83 79 81 79 78 71 72 66 58 58 62 67 72 76 75 63 55 52 52 54 54 54 55 56 57 58 58 59 59 60 61 60 61 61 61 62 63 63 66 67 71 72 92 114 99 80 78 80 81 82 84 89 98 109 127 134 150 161 135 134 147
48 48 47 47 46 45 44 43 45 45 45 45 45 46 46 49 48 50 56 59 58 63 63 65 73 83 73 81 87 87 87 72 76 75 66 61 60 64 67 68 63 60 54 52 52 53 53 53 54 54 55 56 58 59 59 59 60 60 60 62 61 61 63 64 65 66 68 70 101 124 107 100 82 80 83 86 90 97 108 135 130 144 142 136 135 147 162
46 43 50 44 43 44 44 43 44 44 43 43 43 45 46 46 48 50 52 60 59 60 67 65 64 69 66 70 82 84 75 68 72 68 65 67 59 59 58 62 54 52 51 52 51 52 51 52 53 53 54 55 57 62 61 58 59 59 60 59 61 61 62 64 67 65 66 73 93 113 109 134 112 94 90 92 96 103 111 133 145 129 121 122 128 142 158
46 45 40 42 42 42 42 42 42 42 43 43 44 45 45 46 49 49 49 57 60 61 62 64 64 60 58 60 71 81 83 68 68 71 61 61 53 62 54 58 54 56 54 57 50 51 51 54 59 56 57 56 56 57 57 58 58 59 58 59 60 61 61 64 67 68 68 82 90 105 133 151 125 107 100 107 103 98 107 115 127 118 116 117 121 129 139
45 48 45 41 41 43 41 42 40 41 42 43 43 43 44 46 46 46 46 53 54 59 55 59 59 58 55 55 62 70 77 72 67 67 66 55 50 51 51 50 50 51 52 51 51 57 57 70 74 65 74 79 75 64 56 57 57 58 58 58 59 59 61 63 65 69 77 88 102 135 164 137 120 101 110 117 103 104 103 112 125 118 117 115 117 125 139
46 41 40 40 39 38 40 39 40 40 41 42 43 44 45 43 44 45 47 48 50 48 51 58 56 56 55 53 59 66 77 68 58 59 60 49 48 48 48 47 48 48 49 54 57 62 72 78 75 88 88 96 85 69 62 57 58 57 58 59 59 59 61 68 72 81 83 89 120 158 143 125 112 114 125 115 108 109 109 112 131 136 113 116 119 127 139
37 37 33 42 39 39 38 37 38 39 38 41 41 41 43 43 44 46 47 45 44 44 44 58 54 53 52 51 59 69 80 63 59 50 48 46 46 46 47 47 55 51 51 56 68 70 70 70 81 98 88 87 81 65 61 65 71 66 63 63 72 73 71 70 80 99 95 87 120 127 106 111 117 131 139 128 122 116 119 124 158 154 131 119 123 124 130
36 41 34 36 39 40 38 37 37 39 38 39 39 41 41 43 44 43 44 44 43 42 45 50 49 48 49 48 58 69 63 60 68 47 44 45 45 46 50 50 66 68 57 58 67 71 66 65 77 79 76 81 81 65 60 65 70 64 74 68 67 71 85 93 97 118 94 80 102 100 94 107 122 130 132 122 126 122 129 144 178 168 161 132 130 127 132
38 36 39 38 34 38 37 36 37 38 36 36 38 40 40 41 41 43 43 44 44 43 42 45 45 44 46 46 50 54 55 56 52 45 44 46 47 49 58 55 70 72 72 72 62 58 60 58 74 80 72 76 87 73 61 66 65 59 60 60 60 65 83 86 100 123 86 82 89 88 91 107 118 116 121 122 131 132 135 173 200 176 185 150 141 132 136
36 33 32 34 35 37 37 36 36 37 37 37 38 39 39 39 40 40 42 42 43 43 42 39 41 42 45 45 49 51 53 52 45 43 43 44 50 52 62 65 71 84 70 67 56 60 57 55 67 77 74 69 80 71 65 68 83 71 70 72 78 83 110 118 120 123 84 82 85 87 89 96 106 107 112 119 129 142 150 189 189 173 175 157 140 131 130
33 36 32 36 38 37 38 36 35 37 39 37 37 37 38 38 39 40 40 41 43 42 42 39 42 48 47 47 49 52 48 42 42 42 42 54 66 66 66 77 79 76 62 57 53 60 55 52 57 61 74 66 70 78 72 69 92 84 93 96 93 97 112 116 134 143 103 83 84 87 89 96 99 101 107 115 125 134 157 197 170 162 148 155 133 126 119
33 29 36 35 37 35 35 35 36 37 38 36 36 37 38 38 38 39 39 39 39 41 42 41 43 40 47 49 48 46 42 41 40 40 42 43 52 58 69 79 84 72 63 53 49 61 52 52 51 60 75 68 63 71 80 66 80 83 92 95 89 101 106 111 133 145 117 85 84 86 89 95 96 100 104 115 122 135 162 146 142 127 133 135 123 117 113
27 29 34 36 35 35 35 34 35 36 36 37 34 36 36 37 36 37 38 39 39 40 41 40 41 37 40 43 40 40 41 39 40 42 40 42 42 48 51 57 73 64 57 50 49 62 50 51 53 62 73 73 63 62 70 67 70 90 88 90 89 93 105 121 147 112 100 89 86 87 89 93 97 101 108 123 128 146 179 140 118 115 122 115 111 108 107
32 34 34 30 32 33 34 35 34 34 35 34 36 35 36 36 35 34 37 38 36 39 38 37 40 43 38 40 38 38 38 39 40 44 45 41 41 45 46 50 67 62 51 45 42 49 55 49 53 67 72 62 63 62 65 66 78 77 85 83 91 92 99 124 160 126 111 95 90 91 91 91 94 98 110 137 150 168 173 119 109 108 108 105 101 100 100
32 32 33 30 33 34 34 31 34 33 33 33 35 35 36 35 34 35 35 38 36 36 38 38 39 36 43 39 36 38 38 39 39 40 46 42 40 43 44 49 63 59 46 41 37 45 53 51 61 70 69 65 60 71 71 69 67 70 86 80 92 95 100 135 171 130 118 112 99 94 93 94 94 98 110 131 151 166 133 105 103 104 101 99 98 96 97
32 29 30 34 33 31 32 31 32 32 33 33 34 35 33 34 34 35 36 35 37 36 36 36 39 39 39 35 35 35 38 38 38 40 37 43 40 41 42 42 50 53 40 33 36 50 50 67 75 73 65 71 61 64 65 64 68 66 76 86 96 107 109 140 194 170 135 130 107 97 94 95 98 102 117 142 169 161 114 99 98 99 100 100 99 99 95
27 30 30 29 31 32 32 31 32 32 31 33 33 33 32 33 35 33 34 37 35 34 37 34 36 35 34 35 37 39 36 36 37 41 37 37 40 41 39 43 48 52 37 34 40 45 50 64 66 67 67 60 55 55 60 60 66 69 75 100 102 128 130 141 174 154 132 123 128 109 98 98 100 108 136 164 153 142 103 97 99 97 95 92 93 93 94
31 29 32 29 28 29 31 31 33 32 33 32 31 33 33 33 34 34 36 33 34 33 36 35 34 33 34 34 35 36 35 36 36 38 40 40 40 39 40 46 44 34 33 35 39 46 56 58 61 60 64 56 54 59 58 59 64 75 79 99 111 125 145 162 184 166 153 152 164 140 109 102 102 117 146 174 158 120 100 95 93 92 91 91 91 93 94
34 27 26 28 28 28 27 29 32 30 30 31 31 29 32 32 34 34 34 34 33 32 33 34 34 34 34 33 33 33 35 36 37 39 42 37 42 39 38 42 33 32 39 40 49 54 63 60 58 58 58 51 51 60 61 58 60 79 91 99 125 139 155 192 223 191 182 179 183 144 113 110 118 151 165 153 144 122 94 91 91 92 92 91 90 90 95
18 29 30 29 28 29 27 28 29 27 31 29 29 26 29 33 32 34 32 33 33 35 33 33 34 33 33 32 37 33 36 39 40 39 38 39 36 41 38 34 33 34 44 59 57 56 64 57 53 62 63 49 53 58 56 58 60 74 103 111 122 144 174 210 201 180 189 175 164 127 130 126 131 146 163 127 122 129 101 92 91 91 91 92 91 92 103
22 33 25 27 29 28 27 32 25 28 31 30 30 30 29 31 31 33 31 32 33 33 32 33 32 31 31 31 36 33 32 38 37 39 37 42 35 36 36 36 35 38 41 52 54 53 55 53 55 60 59 51 51 50 56 59 63 84 102 116 133 162 181 191 168 173 166 150 135 143 166 143 149 153 162 120 116 122 102 94 92 90 90 91 93 101 114
30 23 26 21 23 29 28 29 31 26 27 27 31 31 29 29 30 30 31 30 31 33 32 32 31 31 31 34 31 33 33 30 36 36 35 34 39 37 41 33 33 38 39 48 52 53 53 55 56 55 53 50 49 49 52 57 64 75 86 106 131 133 126 140 142 178 177 168 143 158 180 155 143 145 142 118 120 138 122 95 92 92 90 90 93 105 131
27 25 30 32 31 29 28 24 20 28 26 29 26 25 30 28 28 29 29 30 31 31 31 30 31 32 34 37 32 30 31 31 33 34 38 32 36 36 33 32 32 40 44 44 52 55 57 57 58 55 51 46 47 49 52 58 62 67 81 103 121 106 113 118 130 155 170 153 149 174 197 171 135 130 118 115 118 135 128 103 93 92 92 92 95 114 136
23 30 19 26 23 23 28 25 21 26 31 28 27 25 28 28 28 28 28 29 29 28 28 30 31 30 30 33 33 31 30 34 32 33 37 36 37 36 31 31 35 42 48 49 54 57 57 56 55 51 47 44 45 47 51 55 58 62 73 92 99 91 103 109 120 122 130 147 157 173 180 175 143 128 113 113 115 129 134 111 102 95 94 98 101 108 117
32 34 24 17 21 24 26 23 31 26 22 22 25 29 26 27 27 29 29 27 27 27 28 29 28 29 29 30 31 31 30 32 33 32 35 36 32 34 31 32 37 41 44 53 53 51 53 55 53 50 44 43 43 44 49 53 55 60 68 78 83 84 89 101 114 136 153 177 179 160 150 161 136 126 111 109 111 124 130 118 110 106 102 103 106 107 110
23 28 33 25 25 24 28 26 26 29 25 23 26 26 29 25 26 27 27 27 27 27 27 28 28 28 29 29 29 30 31 30 30 31 31 31 30 31 32 31 34 36 40 48 52 45 51 53 46 45 43 40 42 43 47 50 54 58 70 91 96 104 110 119 130 164 176 176 146 145 129 144 128 110 110 107 108 116 127 125 121 116 112 109 111 116 116
18 12 19 30 26 22 26 27 26 28 26 24 27 28 28 23 27 26 25 26 27 27 26 26 27 27 27 27 28 29 28 28 29 29 30 30 29 29 28 33 32 33 36 42 46 43 48 46 43 40 38 39 40 42 43 47 50 55 75 85 115 124 126 125 126 155 145 144 136 120 120 124 117 106 107 107 108 115 121 127 130 128 123 119 118 120 126
25 15 20 27 22 22 24 31 28 20 29 26 25 27 26 25 26 27 25 24 25 26 26 26 26 26 26 27 28 28 28 28 28 29 29 29 28 28 28 30 32 34 40 44 44 49 49 36 42 43 39 38 39 41 42 46 46 49 59 73 98 119 107 105 132 139 130 118 123 118 101 119 111 104 106 108 109 111 117 127 134 136 135 132 128 125 137
24 26 25 18 25 28 22 21 22 27 26 27 25 23 23 25 25 26 26 24 22 23 25 26 26 25 26 26 27 27 26 28 28 28 28 28 29 29 31 33 34 39 41 43 46 51 48 34 40 44 42 38 38 39 40 42 44 51 66 78 92 99 95 95 115 108 116 111 102 105 96 106 104 104 106 110 110 111 117 128 130 138 146 144 135 133 144
23 27 19 24 22 20 26 22 26 23 24 26 26 28 24 25 25 26 25 23 23 22 22 24 26 26 25 24 26 27 27 27 28 28 28 29 31 32 34 35 38 42 44 45 47 47 45 38 37 37 36 37 37 41 39 40 43 46 52 64 73 70 75 77 81 91 102 91 90 94 84 93 102 99 109 115 112 111 115 122 127 135 148 151 141 143 158
19 22 22 24 20 17 23 23 23 25 24 21 26 24 25 25 25 23 22 23 23 24 23 22 22 25 26 26 26 26 27 29 30 30 31 32 33 34 33 32 33 39 41 42 43 41 43 37 34 33 40 37 37 36 40 38 40 43 46 53 58 61 64 67 70 74 75 79 76 78 78 84 91 99 114 115 115 112 111 114 121 132 146 151 140 152 167
15 15 17 23 22 21 21 21 21 18 27 21 23 23 25 24 22 22 23 23 23 23 24 24 22 22 24 26 27 30 28 29 32 30 31 33 33 33 33 34 32 35 39 39 40 39 37 37 34 37 37 36 39 38 39 38 40 43 44 48 55 55 60 61 62 64 66 67 69 71 73 80 90 98 108 112 117 115 109 110 115 126 137 151 142 149 156
12 15 19 15 23 19 25 24 23 22 27 22 23 24 22 21 23 23 23 22 22 22 23 23 23 23 22 23 27 33 29 29 29 30 32 36 34 34 36 39 36 37 40 37 39 42 39 36 37 39 42 40 40 40 37 40 41 39 41 45 47 51 53 55 56 58 60 62 64 67 71 78 86 95 103 110 117 116 111 107 109 116 126 136 127 148 145
