data/elev.asc
ncols        384
nrows        480
xllcorner    138.000000000000
yllcorner    -29.000000000000
cellsize     0.041666666667
NODATA_value -9999
[rows 195 to 233 of 480, columns 0 to 86 of 384]
78 58 42 38 33 32 34 34 32 30 26 23 24 25 25 24 23 21 20 18 16 14 12 10 10 5 1.6355897969333454967e-08 2 -9999 -9999 -9999 -9999 -9999 -9999 2 -9999 -9999 1 6 -9999 -9999 -9999 -9999 -9999 -9999 -9999 -9999 -9999 -9999 -9999 -9999 -9999 -9999 -9999 -9999 -9999 -9999 -9999 -9999 -9999 -9999 -9999 -9999 -9999 -9999 -9999 -9999 -9999 -9999 -9999 3 2 4 2 4 7 9 11 14 16 18 20 23 25 27 31 32
51 48 46 41 37 37 37 38 37 33 29 27 27 28 28 27 26 24 23 21 19 17 16 18 15 7 5 3 2 -9999 -9999 -9999 -9999 -9999 -9999 -9999 -9999 -9999 -9999 -9999 -9999 -9999 -9999 -9999 -9999 -9999 -9999 -9999 -9999 -9999 -9999 -9999 -9999 -9999 -9999 -9999 -9999 -9999 -9999 -9999 -9999 -9999 -9999 -9999 -9999 -9999 -9999 -9999 -9999 -9999 3 3 2 3 5 6 9 12 14 16 18 20 22 25 27 29 32
78 69 57 49 44 44 42 42 41 36 33 32 31 31 30 29 29 27 26 24 22 20 19 15 12 10 8 4 4 -9999 -9999 -9999 -9999 -9999 -9999 -9999 -9999 -9999 -9999 -9999 -9999 -9999 -9999 -9999 -9999 -9999 -9999 -9999 -9999 -9999 -9999 -9999 -9999 -9999 -9999 -9999 -9999 -9999 -9999 -9999 -9999 -9999 -9999 -9999 -9999 -9999 -9999 -9999 -9999 2 2 3 3 3 4 7 9 12 15 17 19 21 23 26 29 31 33
182 149 113 77 60 52 47 46 45 40 38 35 34 34 33 32 31 30 29 27 25 23 20 17 15 12 10 6 4 -9999 -9999 -9999 -9999 -9999 -9999 -9999 -9999 -9999 -9999 -9999 -9999 -9999 -9999 -9999 -9999 -9999 -9999 -9999 -9999 -9999 -9999 -9999 -9999 -9999 -9999 -9999 -9999 -9999 -9999 -9999 -9999 -9999 -9999 -9999 -9999 -9999 -9999 -9999 -9999 3 2 2 2 3 6 8 10 13 15 18 20 22 24 26 29 32 36
184 182 148 100 76 61 52 51 48 46 43 39 37 37 36 35 34 33 32 29 26 24 21 19 16 13 10 5 4 2 -9999 -9999 -9999 -9999 -9999 -9999 -9999 -9999 -9999 -9999 -9999 -9999 -9999 -9999 -9999 -9999 -9999 -9999 -9999 -9999 -9999 -9999 -9999 -9999 -9999 -9999 -9999 -9999 -9999 -9999 -9999 -9999 -9999 -9999 -9999 -9999 -9999 -9999 -9999 3 2 3 3 3 5 8 11 13 15 17 19 21 24 26 30 33 37
172 128 101 94 75 62 60 57 53 53 49 44 42 40 39 39 38 36 34 31 28 26 22 20 17 13 9 6 4 2 1 1 3 2 2 -9999 -9999 -9999 -9999 -9999 -9999 -9999 -9999 -9999 -9999 -9999 -9999 -9999 -9999 -9999 -9999 -9999 -9999 -9999 -9999 -9999 -9999 -9999 -9999 -9999 -9999 -9999 -9999 -9999 -9999 -9999 -9999 -9999 -9999 2 4 3 3 4 6 8 11 14 16 18 19 21 24 27 31 34 37
101 85 77 70 69 91 94 65 61 60 55 49 49 43 42 42 40 39 37 33 29 26 24 20 17 15 12 9 6 4 1 2.4799646780593320727e-09 1 4.7243702283594757318e-09 1 1 -9999 -9999 -9999 -9999 -9999 -9999 -9999 -9999 -9999 -9999 -9999 -9999 -9999 -9999 -9999 -9999 -9999 -9999 -9999 -9999 -9999 -9999 -9999 -9999 -9999 -9999 -9999 -9999 -9999 -9999 -9999 -9999 2 2 3 3 3 4 6 8 10 12 15 18 20 22 25 28 31 33 37
96 88 79 101 128 162 129 88 73 68 59 53 50 47 45 44 43 41 38 34 32 30 26 23 20 17 14 12 9 6 2 2.519300323911011219e-10 1 1 1 1 1 0 -9999 -9999 -9999 -9999 -9999 -9999 -9999 -9999 -9999 -9999 -9999 -9999 -9999 -9999 -9999 -9999 -9999 -9999 -9999 -9999 -9999 -9999 -9999 -9999 -9999 -9999 -9999 -9999 -9999 1 3 3 3 3 3 4 6 8 10 12 14 17 20 24 27 29 32 34 37
95 88 82 85 108 145 167 158 91 74 70 57 53 49 48 47 46 43 41 37 35 32 29 25 22 19 16 13 9 7 3 5.5727044130363248415e-19 2.4721202862565405667e-09 1 1 1 1 1 1 -9999 -9999 -9999 -9999 -9999 -9999 -9999 -9999 -9999 -9999 -9999 -9999 -9999 -9999 -9999 -9999 -9999 -9999 -9999 -9999 -9999 -9999 -9999 -9999 -9999 -9999 -9999 2 2 3 4 4 3 3 4 6 8 10 12 15 18 20 24 27 30 32 35 38
109 124 176 189 193 137 132 115 105 74 64 59 54 52 51 51 50 47 43 40 37 34 30 26 23 19 16 13 11 8 4 1 5.733066816464683243e-19 2.4723476599319837987e-09 1 2 1 1 1 1 -9999 -9999 -9999 -9999 -9999 -9999 -9999 -9999 -9999 -9999 -9999 -9999 -9999 -9999 -9999 -9999 -9999 -9999 -9999 -9999 -9999 -9999 -9999 -9999 2 2 1 2 2 3 2 2 2 3 5 7 9 13 16 19 22 25 27 30 33 37 39
194 228 204 141 133 104 91 95 79 70 65 59 56 56 55 54 52 49 45 42 38 34 31 28 23 20 17 14 12 9 6 3 1 1 2 2 2 1 1 2.5120243662968277931e-09 1 1 1 4 1 -9999 -9999 -9999 -9999 -9999 -9999 -9999 -9999 -9999 -9999 -9999 -9999 -9999 -9999 -9999 -9999 -9999 1.4993020158726722002e-09 3 2 3 3 2 2 2 2 2 3 3 4 7 10 13 16 19 22 25 28 31 34 36 40
236 194 160 121 109 101 90 84 77 70 65 61 60 60 58 57 53 48 46 41 36 34 31 28 25 21 17 14 11 8 6 4 3 2 2 2 1 2.1879600353713613003e-09 2.496278739272383973e-09 1 1 2 2 2 2 2 -9999 -9999 -9999 -9999 -9999 -9999 -9999 -9999 -9999 -9999 -9999 -9999 -9999 -9999 1 4.9203663365915417671e-10 1 3 3 3 3 4 7 1 2 3 3 4 5 7 10 13 15 18 21 24 27 30 33 36 39
263 203 156 132 118 106 103 94 82 74 68 65 64 62 62 61 58 53 48 43 38 32 29 27 24 21 17 15 12 11 8 5 5 4 4 3 2 0 6.7213537780094841986e-19 2.4960513655969407409e-09 1 1 2 3 3 2 2 -9999 -9999 -9999 -9999 -9999 -9999 -9999 -9999 -9999 -9999 -9999 1 1 2 2 1 3 2 3 3 4 9 7 3 4 7 4 4 7 11 13 15 17 20 23 26 30 33 35 38
215 199 197 193 150 170 158 126 97 87 81 70 68 67 66 63 59 52 46 42 37 35 31 26 23 21 18 17 14 12 10 7 7 6 5 4 2 1 6.1663740780204534531e-10 2 1 2 3 3 3 2 2 1 -9999 -9999 -9999 -9999 1 0 4.3610270950011909008e-10 1 4.5201886678114533424e-10 1 2 1 1 1 2 2 2 3 3 4 12 14 6 9 15 11 5 7 10 12 15 17 20 23 27 30 33 36 39
174 200 202 258 232 211 174 154 135 116 97 77 71 72 68 62 56 53 51 45 42 38 33 29 26 24 21 19 16 14 11 10 9 8 7 6 4 3 2 3 1 3 4 3 2 4 3 1 0 0 4.0427039493806660175e-10 1 2.1640289560309611261e-09 0 9.4373883946302794279e-19 2.1640289560309611261e-09 9.7818191638670003128e-19 2.1640289560309611261e-09 4.7959929361240938306e-09 1 1 2 2 3 3 3 4 5 8 15 9 11 17 14 5 7 10 13 15 18 21 23 26 30 33 36 38
200 229 229 222 196 180 134 120 96 86 81 77 76 76 70 66 63 60 55 51 44 38 36 32 29 26 24 20 17 16 14 13 11 10 9 7 6 5 4 4 3 5 6 5 4 10 7 7 5 4 2 2.155957190552726388e-09 0 0 0 0 4.5201886678114533424e-10 1 4.6793502406217157841e-10 1 1 1 1 2 3 4 7 7 7 11 11 14 13 6 6 7 10 13 16 18 21 24 27 31 34 38 41
175 209 183 143 133 112 97 89 87 84 82 78 77 77 73 68 62 58 54 49 46 42 39 35 31 28 25 22 20 17 16 14 12 11 10 8 8 7 5 4 4 7 6 10 14 13 15 17 16 10 8 5 3 4.2837200453504920006e-10 1 1.7753336578607559204e-09 4 1 1.0051240161181646957e-18 2.6236648409394547343e-09 1 2 3 3 5 6 8 9 10 12 22 25 20 11 7 8 12 14 16 19 22 25 28 32 35 39 41
151 145 144 128 122 128 96 90 84 75 78 82 80 75 69 64 61 56 52 49 45 42 39 36 33 30 27 27 22 20 16 14 13 11 11 10 9 8 6 5 5 8 7 10 16 17 25 20 24 16 16 11 5 8.5674400907009840012e-10 2 1 7 1 1.4038050721865147352e-09 3 4 2 2 4 6 6 9 9 14 18 25 35 25 20 13 7 12 15 18 21 24 27 29 33 36 39 42
152 138 148 137 105 99 104 84 83 77 79 74 70 66 62 59 58 55 51 47 44 41 38 36 35 30 27 24 20 18 15 15 13 12 12 12 11 11 8 7 6 8 8 13 15 16 18 19 28 23 21 13 4 2 4 3 7 1 9.3587004812434315681e-10 2 4 5 5 7 8 8 9 9 16 26 28 34 27 17 9 8 12 16 19 21 24 27 31 33 36 40 44
148 131 136 104 108 120 111 106 101 94 78 80 74 68 66 62 57 52 49 47 44 40 37 34 31 29 26 24 22 19 17 16 15 15 15 13 15 14 12 10 9 8 10 10 9 9 12 17 27 27 20 13 3 5 9 10 7 2 2 4 7 6 8 9 10 9 9 11 15 31 32 28 22 15 9 11 13 15 18 21 25 27 30 33 37 40 43
134 112 110 121 129 130 116 111 104 92 86 83 75 72 70 66 60 58 54 51 43 40 36 33 31 29 27 24 22 20 20 19 17 19 18 16 18 17 16 14 13 10 12 12 12 13 10 20 29 24 19 14 13 10 13 15 9 6 13 19 14 9 9 11 11 10 10 10 9 18 23 18 16 13 11 13 15 18 19 22 24 27 31 33 36 39 42
135 155 150 158 156 141 131 115 101 100 95 84 72 63 59 56 51 46 42 41 40 38 35 34 32 30 27 25 23 23 22 21 19 21 20 20 20 19 17 15 15 13 14 13 13 14 13 19 34 33 31 30 25 15 17 21 15 12 24 19 18 12 11 12 11 10 10 11 9 17 19 17 16 14 13 14 17 19 21 23 25 27 30 33 36 39 42
165 171 167 141 119 115 117 118 109 114 93 78 78 58 54 50 47 44 42 40 38 37 35 34 31 29 27 26 25 25 25 24 21 23 24 23 22 20 18 18 16 15 16 15 15 15 15 16 27 44 42 35 20 23 22 31 20 19 29 24 17 15 13 13 12 11 11 12 10 17 18 17 17 16 14 15 16 18 21 23 25 28 31 33 36 39 43
190 189 184 163 138 143 114 98 95 86 75 77 73 61 56 51 49 46 44 41 39 38 35 33 31 29 28 28 28 28 27 27 25 24 26 26 23 22 22 21 18 17 17 17 15 17 17 19 31 39 37 26 26 36 29 34 30 31 33 25 20 16 15 14 13 12 13 13 12 16 18 19 19 17 15 14 16 19 21 23 26 28 30 33 37 40 43
194 198 170 152 151 169 155 135 118 107 91 106 78 62 57 53 50 48 46 44 43 41 40 35 30 30 31 31 31 31 31 30 29 28 29 29 27 26 25 24 20 19 19 18 15 17 18 20 24 33 42 32 36 43 35 32 38 44 46 36 25 18 17 15 15 15 15 16 13 16 20 20 20 18 15 15 16 18 21 23 26 28 31 33 36 39 42
212 221 200 158 154 154 167 138 133 128 86 70 64 61 57 55 53 51 51 53 51 47 40 32 33 34 33 33 35 35 35 34 33 32 30 32 31 29 28 26 23 23 21 20 17 18 20 22 34 34 42 46 49 44 43 40 39 53 53 35 26 23 20 18 17 17 18 18 14 18 20 20 20 18 16 16 17 18 21 23 25 29 31 34 36 38 42
245 252 185 143 149 172 146 115 106 94 73 68 67 64 61 62 61 57 58 56 52 48 37 36 38 37 35 35 37 39 39 38 37 36 34 35 34 32 31 29 27 25 24 22 21 19 21 25 35 45 39 42 54 50 47 56 45 50 59 40 31 30 23 20 18 19 20 20 16 18 21 20 20 18 18 17 17 18 21 23 26 28 32 34 37 39 41
226 213 185 189 174 176 169 137 127 161 106 75 70 68 66 71 80 62 64 62 58 47 42 43 43 40 39 39 41 43 43 42 41 40 37 38 36 35 34 32 30 29 26 26 23 22 22 25 34 39 33 48 49 42 49 68 52 58 54 41 35 31 25 22 20 20 21 20 19 18 22 21 20 19 19 19 18 19 21 23 26 28 31 35 37 40 42
247 252 275 248 225 209 173 155 190 97 80 75 72 73 71 72 74 70 73 71 62 54 49 49 46 44 41 41 44 46 48 46 45 44 41 41 39 38 36 36 35 31 30 28 25 25 25 25 27 26 27 31 32 37 59 67 58 67 69 49 37 32 28 23 22 23 22 21 19 19 23 23 21 19 20 21 19 20 21 23 25 28 31 35 37 40 42
276 285 298 269 226 224 153 113 143 111 83 78 78 77 75 76 78 87 87 80 68 60 57 53 50 48 46 45 46 49 52 49 48 47 45 44 42 40 40 38 36 33 32 30 26 26 26 27 25 24 24 26 28 36 51 62 67 75 69 48 43 34 26 23 23 23 24 22 19 20 24 23 22 21 21 22 22 22 22 24 26 28 31 34 37 40 43
304 310 301 241 210 230 191 140 186 144 89 83 84 83 81 81 89 110 113 98 77 67 61 56 55 52 54 51 49 51 54 52 52 50 49 48 46 44 42 39 37 35 34 31 27 27 28 28 27 26 26 26 27 30 38 45 58 67 64 64 58 41 31 33 24 24 24 23 22 21 24 24 23 22 22 23 24 24 25 25 27 29 32 34 38 41 44
356 341 286 245 171 164 186 216 253 226 150 114 87 89 89 94 146 143 110 97 78 69 62 61 58 59 61 58 54 54 57 56 56 54 53 52 49 47 44 42 40 37 33 33 31 29 29 29 29 29 29 28 28 31 41 52 57 60 60 66 71 63 48 39 25 25 24 23 22 24 26 26 24 24 24 24 26 27 28 26 28 29 32 35 38 42 45
362 308 268 217 181 161 167 274 264 260 155 95 95 93 93 153 155 118 123 99 82 70 69 68 65 68 68 64 59 60 62 60 59 58 56 54 51 49 46 44 42 37 36 35 30 31 31 30 31 32 31 31 31 32 40 48 49 51 53 61 62 64 60 37 26 26 25 23 25 24 27 27 26 26 26 26 28 29 29 28 30 31 33 36 40 43 47
300 285 245 205 190 185 184 197 280 246 171 103 105 98 101 117 124 126 109 89 76 80 80 79 77 75 73 68 67 66 66 64 64 62 60 56 53 51 48 46 42 40 38 36 32 33 33 33 33 35 35 36 35 33 35 40 40 42 46 51 56 58 58 41 28 27 25 26 27 24 26 28 28 28 28 28 29 30 31 30 32 32 34 37 41 44 48
266 260 214 191 182 181 189 207 232 244 250 138 113 110 108 113 150 117 94 86 86 94 92 90 85 83 76 76 74 70 70 69 67 65 62 59 56 53 50 47 44 42 40 37 35 37 37 35 35 36 38 39 38 35 35 38 42 46 48 49 51 54 49 44 37 28 27 29 29 27 28 29 30 31 31 30 30 30 31 32 34 35 36 39 42 46 50
241 234 212 206 204 209 226 203 249 268 239 218 119 114 118 130 125 107 96 94 106 105 116 108 95 87 84 83 79 74 74 72 70 67 65 61 58 55 51 48 46 43 40 36 36 40 38 37 39 39 39 41 40 39 38 45 46 53 60 60 57 54 39 31 31 30 30 31 31 29 31 31 32 32 32 32 33 33 33 33 36 37 39 40 44 48 52
219 216 214 211 222 230 222 214 225 256 236 167 124 126 140 135 137 121 99 126 126 115 132 115 103 97 93 86 80 79 78 75 72 69 66 63 59 57 53 49 45 42 39 38 39 41 45 43 50 47 41 42 42 40 38 47 53 54 64 70 60 55 35 32 33 33 33 33 32 32 32 33 33 34 34 34 35 34 35 36 37 39 41 43 46 50 53
235 233 227 229 228 219 210 202 193 193 183 194 132 130 142 136 139 129 113 152 135 138 159 137 109 110 96 85 84 83 80 77 74 71 67 65 63 59 54 49 45 42 41 41 43 43 47 53 55 50 45 43 42 44 40 42 52 58 64 63 55 39 33 34 35 35 35 35 35 34 34 35 35 36 36 36 36 37 38 38 40 42 43 44 47 51 56
225 227 231 225 217 202 209 208 213 205 188 183 142 170 153 151 132 119 123 169 157 152 138 122 116 120 102 89 88 86 82 80 76 72 70 67 65 59 53 49 47 45 44 44 45 45 48 62 53 52 50 45 44 48 44 42 45 50 53 54 46 37 36 37 36 37 38 37 37 37 37 37 37 38 38 38 38 38 39 40 42 44 45 46 48 53 57
