data/isotherm.asc
ncols        384
nrows        480
xllcorner    138.000000000000
yllcorner    -29.000000000000
cellsize     0.041666666667
NODATA_value -9999
[rows 0 to 21 of 480, columns 245 to 293 of 384]
80.95075225830078125 80.17427825927734375 79.64153289794921875 79.5009613037109375 79.5687713623046875 80.119873046875 80.66803741455078125 81.11646270751953125 81.66127777099609375 -9999 -9999 -9999 -9999 -9999 -9999 -9999 -9999 -9999 -9999 -9999 -9999 79.82160186767578125 80.2949066162109375 79.76419830322265625 79.30359649658203125 79.60526275634765625 79.80157470703125 -9999 -9999 -9999 -9999 -9999 -9999 -9999 -9999 -9999 -9999 -9999 -9999 -9999 -9999 -9999 -9999 -9999 -9999 -9999 -9999 -9999 -9999
80.69753265380859375 79.86135101318359375 80.093841552734375 80.37250518798828125 80.0144805908203125 79.79361724853515625 80.20021820068359375 81.0762481689453125 81.6395416259765625 81.20281219482421875 -9999 -9999 -9999 -9999 -9999 -9999 78.43975067138671875 78.33506011962890625 78.57688140869140625 79.0002288818359375 78.66168975830078125 78.5959930419921875 79.39339447021484375 79.4264984130859375 78.75075531005859375 79.31125640869140625 79.12371063232421875 -9999 -9999 -9999 -9999 -9999 -9999 -9999 -9999 -9999 -9999 -9999 -9999 -9999 -9999 -9999 -9999 -9999 -9999 -9999 -9999 -9999 -9999
80.6082000732421875 80.16751861572265625 80.21221923828125 80.30173492431640625 79.9872894287109375 79.92639923095703125 79.91082763671875 80.39067840576171875 80.9838104248046875 80.6585235595703125 79.9215240478515625 79.84808349609375 79.5841827392578125 79.31134033203125 78.94899749755859375 78.73651123046875 78.17156982421875 77.66068267822265625 77.79764556884765625 78.1869049072265625 78.444091796875 77.857147216796875 77.87162017822265625 77.79334259033203125 77.2627410888671875 76.93877410888671875 77.25974273681640625 -9999 -9999 -9999 -9999 -9999 -9999 -9999 -9999 -9999 -9999 -9999 -9999 -9999 -9999 -9999 -9999 -9999 -9999 -9999 -9999 -9999 -9999
80.26482391357421875 80.2460784912109375 80.0208892822265625 79.76961517333984375 79.8389892578125 79.64958953857421875 79.47066497802734375 79.9579620361328125 80.60376739501953125 80.23736572265625 79.75502777099609375 79.77545928955078125 79.3016204833984375 79.0882415771484375 78.31695556640625 77.77208709716796875 77.36682891845703125 76.98282623291015625 76.77469635009765625 77.03814697265625 77.48407745361328125 77.505615234375 77.75045013427734375 77.35492706298828125 76.75823974609375 77.05028533935546875 77.38462066650390625 -9999 -9999 -9999 -9999 -9999 -9999 -9999 -9999 -9999 -9999 -9999 -9999 -9999 -9999 -9999 -9999 -9999 -9999 -9999 -9999 -9999 -9999
79.96024322509765625 80.01024627685546875 79.83998870849609375 79.69390869140625 79.56336212158203125 79.34101104736328125 79.23476409912109375 79.978271484375 80.47198486328125 80.29788970947265625 79.780853271484375 79.57404327392578125 79.120635986328125 78.60214996337890625 77.8798065185546875 77.92635345458984375 77.505462646484375 77.129119873046875 77.06848907470703125 77.32010650634765625 78.2093658447265625 77.82366943359375 77.39749908447265625 76.7933349609375 76.68389129638671875 77.0410614013671875 -9999 -9999 -9999 -9999 -9999 -9999 -9999 -9999 -9999 -9999 -9999 -9999 -9999 -9999 -9999 -9999 -9999 -9999 -9999 -9999 -9999 78.405029296875 78.8120574951171875
79.90348052978515625 80.03203582763671875 80.03241729736328125 79.79203033447265625 79.35514068603515625 79.237335205078125 79.24718475341796875 79.83364105224609375 80.070831298828125 80.17629241943359375 79.87995147705078125 79.20455169677734375 78.740020751953125 78.41152191162109375 78.2085113525390625 78.14328765869140625 77.8279266357421875 77.39424896240234375 77.3125 77.5341949462890625 77.50675201416015625 77.080810546875 76.86441802978515625 76.9569549560546875 77.76992034912109375 -9999 -9999 -9999 -9999 -9999 -9999 -9999 -9999 -9999 -9999 -9999 -9999 -9999 -9999 -9999 -9999 -9999 -9999 -9999 -9999 -9999 79.07562255859375 79.60198974609375 79.62378692626953125
80.0378265380859375 79.96222686767578125 79.70604705810546875 79.44925689697265625 79.15062713623046875 78.9032440185546875 78.9303436279296875 79.29999542236328125 79.34836578369140625 79.716400146484375 79.51607513427734375 78.80682373046875 77.94805908203125 77.78551483154296875 77.7543182373046875 78.0247344970703125 78.43720245361328125 78.2397918701171875 77.67360687255859375 77.32894134521484375 76.9230804443359375 76.73294830322265625 76.88353729248046875 77.4308624267578125 78.2283935546875 -9999 -9999 -9999 -9999 -9999 -9999 -9999 -9999 -9999 -9999 -9999 -9999 -9999 -9999 -9999 -9999 -9999 -9999 -9999 -9999 77.860687255859375 78.53350830078125 79.204833984375 80.03356170654296875
79.96860504150390625 79.988067626953125 79.50960540771484375 78.541168212890625 78.24041748046875 78.33806610107421875 78.39095306396484375 78.46993255615234375 78.15879058837890625 78.43602752685546875 78.45336151123046875 77.91443634033203125 77.4555206298828125 77.51018524169921875 77.54714202880859375 77.4499969482421875 78.0339813232421875 78.2272491455078125 78.0652618408203125 77.79876708984375 77.34722137451171875 77.47879791259765625 77.870758056640625 78.3739471435546875 78.79065704345703125 -9999 -9999 -9999 -9999 -9999 -9999 -9999 -9999 -9999 -9999 -9999 -9999 -9999 -9999 -9999 -9999 -9999 -9999 -9999 -9999 77.3617095947265625 77.82720184326171875 76.90360260009765625 77.49193572998046875
79.75335693359375 79.72023773193359375 78.71385955810546875 78.3490447998046875 77.9645233154296875 77.6853179931640625 77.6720428466796875 77.6077880859375 77.528533935546875 77.531158447265625 77.8367462158203125 77.748016357421875 77.1121368408203125 77.02306365966796875 76.8957366943359375 76.728240966796875 77.38239288330078125 77.89385223388671875 77.8245697021484375 77.8539886474609375 77.82347869873046875 78.724853515625 79.465667724609375 79.00666046142578125 -9999 -9999 -9999 -9999 -9999 -9999 -9999 -9999 -9999 -9999 -9999 -9999 -9999 -9999 -9999 -9999 -9999 -9999 -9999 -9999 -9999 77.61580657958984375 77.2097320556640625 76.3226470947265625 75.90377044677734375
79.40618896484375 79.04778289794921875 78.2311248779296875 77.8665008544921875 77.6314239501953125 77.5304412841796875 77.383514404296875 77.22141265869140625 77.25931549072265625 77.13228607177734375 77.417205810546875 76.91721343994140625 76.37247467041015625 76.10726165771484375 76.13164520263671875 76.1451263427734375 76.940765380859375 77.28375244140625 77.22856903076171875 77.50684356689453125 77.82109832763671875 78.10746002197265625 78.66793060302734375 78.68589019775390625 -9999 -9999 -9999 -9999 -9999 -9999 -9999 -9999 -9999 -9999 -9999 -9999 -9999 -9999 -9999 -9999 -9999 -9999 -9999 -9999 -9999 -9999 76.27207183837890625 75.36414337158203125 74.34870147705078125
78.9161376953125 78.50023651123046875 77.82747650146484375 77.227752685546875 77.04550933837890625 76.97492218017578125 76.94591522216796875 77.21646881103515625 77.07048797607421875 76.63651275634765625 77.00867462158203125 76.52292633056640625 76.04442596435546875 75.9398956298828125 76.010101318359375 76.19793701171875 76.66533660888671875 76.862274169921875 76.56291961669921875 76.591949462890625 76.8907012939453125 77.24069976806640625 77.603302001953125 77.76520538330078125 -9999 -9999 -9999 -9999 -9999 -9999 -9999 -9999 -9999 -9999 -9999 -9999 -9999 -9999 -9999 -9999 -9999 -9999 -9999 -9999 -9999 -9999 75.18019866943359375 74.96344757080078125 73.9981536865234375
78.40111541748046875 78.4311981201171875 77.89284515380859375 77.57566070556640625 77.37232208251953125 77.25801849365234375 77.3912506103515625 77.576171875 76.77443695068359375 76.59542083740234375 76.298095703125 76.160308837890625 75.82169342041015625 75.83364105224609375 76.070343017578125 76.3274688720703125 76.53040313720703125 76.59377288818359375 76.408172607421875 76.309814453125 76.33036041259765625 76.969818115234375 77.40071868896484375 77.68072509765625 77.19060516357421875 -9999 -9999 -9999 -9999 -9999 -9999 -9999 -9999 -9999 -9999 -9999 -9999 -9999 -9999 -9999 -9999 -9999 -9999 -9999 -9999 -9999 -9999 -9999 -9999
77.9715118408203125 77.8834075927734375 77.6802825927734375 77.389556884765625 77.37470245361328125 77.31066131591796875 77.21247100830078125 77.556365966796875 77.55831146240234375 77.214935302734375 76.79803466796875 75.983642578125 75.95987701416015625 75.5258636474609375 76.4492645263671875 76.78902435302734375 77.17365264892578125 75.8885040283203125 75.67948150634765625 76.00437164306640625 75.743255615234375 76.51515960693359375 76.6212310791015625 76.3646392822265625 76.4303741455078125 75.88086700439453125 76.230316162109375 76.12264251708984375 -9999 -9999 -9999 -9999 -9999 -9999 -9999 -9999 -9999 -9999 -9999 -9999 -9999 -9999 -9999 -9999 -9999 -9999 -9999 -9999 -9999
77.5662994384765625 77.32045745849609375 77.1025238037109375 77.1364593505859375 76.88751983642578125 76.595001220703125 76.439300537109375 76.87928009033203125 77.7510528564453125 77.508514404296875 76.9766082763671875 75.9814453125 75.6474761962890625 75.443359375 75.49982452392578125 75.43570709228515625 75.65991973876953125 75.384857177734375 76.2385711669921875 76.7014617919921875 75.9622802734375 76.0631256103515625 75.99866485595703125 75.7772369384765625 75.8975982666015625 75.60518646240234375 76.2722930908203125 76.078033447265625 76.5438232421875 76.5464019775390625 -9999 -9999 -9999 -9999 -9999 -9999 -9999 -9999 -9999 -9999 -9999 -9999 -9999 -9999 -9999 -9999 -9999 -9999 -9999
77.76151275634765625 77.5404815673828125 77.05538177490234375 76.84055328369140625 76.81732940673828125 76.41048431396484375 76.34552001953125 76.33780670166015625 76.49736785888671875 76.6122589111328125 76.4702606201171875 75.4756011962890625 75.57491302490234375 75.66344451904296875 75.62149810791015625 75.38964080810546875 75.3047027587890625 76.17896270751953125 76.9893341064453125 77.88775634765625 77.04852294921875 76.64006805419921875 75.95623016357421875 75.96307373046875 75.959716796875 75.7158355712890625 76.050048828125 76.327911376953125 76.6844329833984375 76.62485504150390625 76.92795562744140625 77.34780120849609375 77.27158355712890625 77.1193389892578125 77.7557525634765625 78.10099029541015625 78.4420318603515625 77.9846343994140625 77.8268585205078125 77.57794189453125 -9999 -9999 -9999 -9999 -9999 -9999 -9999 -9999 -9999
77.67012786865234375 77.645965576171875 76.89858245849609375 76.64344024658203125 76.3913421630859375 76.242828369140625 75.9605255126953125 75.9672698974609375 75.85784149169921875 75.56926727294921875 75.23412322998046875 74.63884735107421875 74.854217529296875 75.24933624267578125 74.96363067626953125 75.39522552490234375 75.9333038330078125 77.2269134521484375 78.53803253173828125 77.4830474853515625 78.06017303466796875 77.60951995849609375 76.2969970703125 76.10669708251953125 75.90200042724609375 75.809814453125 76.48319244384765625 76.80124664306640625 76.7308502197265625 76.20392608642578125 76.4554290771484375 76.95819854736328125 77.05147552490234375 77.1842193603515625 77.45174407958984375 77.979278564453125 78.5597686767578125 77.99863433837890625 77.43170928955078125 77.31813812255859375 77.22922515869140625 77.39111328125 77.38924407958984375 77.05078125 -9999 -9999 -9999 -9999 -9999
76.86785888671875 77.21637725830078125 76.5909271240234375 76.2987060546875 76.38298797607421875 75.962799072265625 75.5612640380859375 75.87029266357421875 75.97776031494140625 75.2415008544921875 74.74236297607421875 74.44124603271484375 74.2719268798828125 74.878692626953125 74.81060791015625 75.15309906005859375 76.6523284912109375 78.403076171875 79.2540435791015625 76.9743194580078125 77.34574127197265625 77.623291015625 77.2462921142578125 77.02429962158203125 76.649810791015625 76.7073822021484375 76.92181396484375 76.92385101318359375 76.512664794921875 76.45658111572265625 76.7417755126953125 76.871185302734375 77.0918121337890625 77.12706756591796875 77.30853271484375 77.6744384765625 77.8046875 77.2463226318359375 77.03112030029296875 77.11716461181640625 77.13448333740234375 76.98445892333984375 77.2578277587890625 77.4378814697265625 77.8318939208984375 -9999 -9999 -9999 -9999
76.81082916259765625 76.99262237548828125 76.2529144287109375 76.01891326904296875 76.17993927001953125 76.04911041259765625 75.73162078857421875 75.60373687744140625 75.2469329833984375 75.07987213134765625 75.60797119140625 75.27569580078125 74.34581756591796875 75.2397003173828125 75.12528228759765625 75.20032501220703125 76.5727691650390625 78.58152008056640625 77.17520904541015625 77.4865570068359375 76.99703216552734375 77.16233062744140625 76.90358734130859375 77.0225067138671875 77.0466156005859375 77.0940704345703125 77.18065643310546875 77.0623626708984375 76.8201446533203125 76.899169921875 76.8551177978515625 77.038360595703125 76.9080047607421875 77.16336822509765625 77.20999908447265625 76.9310150146484375 77.65103912353515625 77.46148681640625 77.03604888916015625 77.38043975830078125 77.06911468505859375 77.36032867431640625 77.2540130615234375 77.238433837890625 77.96295928955078125 -9999 -9999 -9999 -9999
75.04073333740234375 75.448150634765625 75.23361968994140625 75.34500885009765625 74.76712799072265625 74.9055328369140625 75.7445831298828125 75.1491241455078125 75.0445404052734375 74.709716796875 74.979400634765625 74.767120361328125 73.4492645263671875 74.29721832275390625 74.9970855712890625 74.83263397216796875 76.2789154052734375 77.29138946533203125 77.20893096923828125 77.52234649658203125 77.297760009765625 76.43918609619140625 76.35366058349609375 76.3276519775390625 76.8992919921875 77.91957855224609375 77.740814208984375 77.5578155517578125 77.35218048095703125 76.74320220947265625 76.71065521240234375 76.85396575927734375 76.5747528076171875 76.6152496337890625 76.8913421630859375 76.9380645751953125 77.47776031494140625 77.82135772705078125 77.3064117431640625 77.33718109130859375 77.22907257080078125 77.056671142578125 -9999 -9999 -9999 -9999 -9999 -9999 -9999
73.00115966796875 74.09349822998046875 73.56130218505859375 72.94300079345703125 72.93494415283203125 73.30926513671875 74.8638763427734375 75.08953094482421875 74.41977691650390625 73.56716156005859375 74.33931732177734375 74.38008880615234375 73.853424072265625 74.49051666259765625 73.82088470458984375 74.58934783935546875 75.711517333984375 76.256500244140625 75.69107818603515625 75.3666534423828125 74.7624969482421875 74.32157135009765625 75.40694427490234375 75.94649505615234375 76.43628692626953125 77.32067108154296875 78.25725555419921875 77.55443572998046875 77.2557525634765625 76.82280731201171875 76.93373870849609375 77.293060302734375 76.93813323974609375 76.6171112060546875 76.679229736328125 76.74309539794921875 77.1186676025390625 -9999 -9999 -9999 -9999 -9999 -9999 -9999 -9999 -9999 -9999 -9999 -9999
71.9170989990234375 71.98630523681640625 72.12613677978515625 71.853851318359375 71.53118133544921875 71.37200164794921875 71.8398895263671875 73.48430633544921875 74.397979736328125 73.572265625 73.05565643310546875 72.24861907958984375 71.9385986328125 72.15256500244140625 73.218231201171875 73.64998626708984375 73.61356353759765625 74.16109466552734375 74.2106781005859375 73.904998779296875 73.11643218994140625 72.11724853515625 73.41558074951171875 73.65872955322265625 75.138397216796875 76.3932342529296875 76.8810882568359375 76.93833160400390625 76.1800537109375 76.677825927734375 77.1243133544921875 76.73841094970703125 76.67298126220703125 76.86910247802734375 76.9495086669921875 77.47991943359375 77.02556610107421875 -9999 -9999 -9999 -9999 -9999 -9999 -9999 -9999 -9999 -9999 -9999 -9999
70.58455657958984375 70.413665771484375 69.88173675537109375 69.67767333984375 69.89154815673828125 70.03076171875 71.06797027587890625 71.67486572265625 73.0273895263671875 73.86956024169921875 73.792694091796875 72.6544036865234375 71.914886474609375 71.78501129150390625 71.1805572509765625 71.67134857177734375 71.4868927001953125 71.82343292236328125 72.50414276123046875 73.19365692138671875 71.95786285400390625 70.37859344482421875 70.97989654541015625 71.1073150634765625 72.714080810546875 74.241607666015625 74.52130889892578125 75.10882568359375 75.44789886474609375 76.12645721435546875 76.86612701416015625 76.94872283935546875 76.3480377197265625 75.45674896240234375 75.69045257568359375 76.59589385986328125 76.3240814208984375 76.569915771484375 77.2534027099609375 -9999 -9999 -9999 -9999 -9999 -9999 -9999 -9999 -9999 -9999
