data/isotherm.asc
ncols        384
nrows        480
xllcorner    138.000000000000
yllcorner    -29.000000000000
cellsize     0.041666666667
NODATA_value -9999
[rows 418 to 439 of 480, columns 196 to 244 of 384]
46.425151824951171875 46.28984832763671875 45.932056427001953125 46.052978515625 46.213626861572265625 46.384521484375 46.6397857666015625 47.15607452392578125 47.46300506591796875 47.27741241455078125 46.984851837158203125 46.799930572509765625 46.807796478271484375 47.048213958740234375 47.493915557861328125 48.053821563720703125 47.6330718994140625 47.707378387451171875 48.031970977783203125 48.0063934326171875 48.403957366943359375 48.46231842041015625 48.502605438232421875 48.8766937255859375 49.34900665283203125 49.15802001953125 48.50138092041015625 48.753223419189453125 49.464412689208984375 49.56710052490234375 49.616275787353515625 49.93067169189453125 50.2629241943359375 50.252490997314453125 50.021686553955078125 50.06212615966796875 50.516681671142578125 50.441814422607421875 50.037952423095703125 50.466716766357421875 51.451595306396484375 51.56288909912109375 50.69887542724609375 50.792388916015625 50.746868133544921875 51.112659454345703125 51.50331878662109375 51.464237213134765625 51.40715789794921875
45.9703216552734375 46.028095245361328125 45.80205535888671875 45.667236328125 45.896663665771484375 46.441650390625 47.15978240966796875 47.353668212890625 47.45624542236328125 47.503475189208984375 47.2120361328125 46.89608001708984375 46.695247650146484375 46.7274017333984375 47.215541839599609375 47.5871734619140625 47.431102752685546875 47.460674285888671875 47.426227569580078125 47.41277313232421875 47.66605377197265625 47.772647857666015625 47.9667816162109375 48.804706573486328125 49.348972320556640625 49.391002655029296875 49.329082489013671875 49.053180694580078125 49.271907806396484375 49.252094268798828125 49.4147491455078125 49.801586151123046875 50.0084991455078125 49.689517974853515625 49.105930328369140625 49.530239105224609375 50.316593170166015625 50.424289703369140625 50.109905242919921875 50.279796600341796875 51.29627227783203125 51.962127685546875 51.309391021728515625 50.704608917236328125 50.68410491943359375 51.153118133544921875 51.68099212646484375 51.7191925048828125 51.390834808349609375
45.75508880615234375 45.963199615478515625 45.91847991943359375 45.855869293212890625 45.92961883544921875 46.131267547607421875 47.068470001220703125 47.207965850830078125 47.071300506591796875 47.458583831787109375 47.431812286376953125 47.014598846435546875 46.780353546142578125 46.6630706787109375 46.890544891357421875 47.21747589111328125 47.395763397216796875 47.29105377197265625 47.3250885009765625 47.2700958251953125 47.552768707275390625 47.748081207275390625 47.79869842529296875 48.4346160888671875 49.3408660888671875 49.753570556640625 49.644916534423828125 49.128215789794921875 49.04505157470703125 49.040637969970703125 49.027435302734375 49.485584259033203125 49.588146209716796875 48.986209869384765625 48.453887939453125 49.241832733154296875 49.888275146484375 50.02040863037109375 49.83617401123046875 49.858280181884765625 50.782451629638671875 51.9210662841796875 51.964031219482421875 51.040340423583984375 50.93357086181640625 51.341167449951171875 51.340183258056640625 51.36443328857421875 51.221923828125
45.653228759765625 45.804782867431640625 45.888156890869140625 45.9398040771484375 46.252696990966796875 46.790912628173828125 47.38851165771484375 47.34670257568359375 46.942722320556640625 47.2573699951171875 47.466640472412109375 47.109386444091796875 46.82141876220703125 46.721294403076171875 46.868778228759765625 47.0273590087890625 47.24106597900390625 47.1461334228515625 47.359966278076171875 47.771244049072265625 47.97226715087890625 48.18944549560546875 48.394405364990234375 48.966945648193359375 49.30184173583984375 49.34386444091796875 49.375316619873046875 49.2519989013671875 49.0075836181640625 48.77454376220703125 48.199939727783203125 48.646270751953125 49.343204498291015625 49.0842742919921875 48.936817169189453125 48.948429107666015625 48.738101959228515625 48.57491302490234375 48.623371124267578125 48.889923095703125 49.719722747802734375 50.703723907470703125 51.221126556396484375 50.626499176025390625 50.652759552001953125 51.0059661865234375 50.86902618408203125 51.018436431884765625 51.042598724365234375
46.038845062255859375 45.957973480224609375 45.926849365234375 45.95487213134765625 46.23956298828125 46.867431640625 47.545055389404296875 47.610363006591796875 47.323947906494140625 47.3850250244140625 47.3695068359375 46.98291015625 46.78839111328125 46.827350616455078125 46.876247406005859375 47.004192352294921875 47.2926025390625 47.330234527587890625 47.475250244140625 47.673450469970703125 47.421848297119140625 47.83130645751953125 48.82042694091796875 49.399333953857421875 49.307140350341796875 49.294830322265625 49.469120025634765625 49.345947265625 49.093090057373046875 48.685901641845703125 48.188358306884765625 48.431194305419921875 49.43053436279296875 49.5025787353515625 49.09081268310546875 48.43036651611328125 47.907405853271484375 48.231647491455078125 48.943843841552734375 49.30438232421875 49.4654083251953125 49.906063079833984375 50.351657867431640625 50.066822052001953125 50.21169281005859375 50.581295013427734375 50.4925689697265625 50.740814208984375 51.049102783203125
45.752410888671875 45.714473724365234375 45.83223724365234375 45.955852508544921875 46.244495391845703125 46.49358367919921875 46.771823883056640625 47.0417633056640625 47.18508148193359375 47.14722442626953125 47.259693145751953125 47.370258331298828125 47.352977752685546875 47.31072998046875 47.18236541748046875 47.047916412353515625 47.069561004638671875 47.24173736572265625 47.497035980224609375 47.654510498046875 47.31821441650390625 47.498340606689453125 48.456512451171875 49.116336822509765625 49.024662017822265625 48.8688812255859375 49.154575347900390625 49.217159271240234375 48.81121063232421875 47.980228424072265625 47.73529052734375 48.168560028076171875 48.92263031005859375 49.393646240234375 48.923610687255859375 47.896312713623046875 47.470439910888671875 48.7273712158203125 49.780925750732421875 49.771453857421875 49.67478179931640625 49.80274200439453125 50.135730743408203125 50.05267333984375 50.27628326416015625 50.516387939453125 50.2783203125 50.30635833740234375 50.78919219970703125
45.216175079345703125 45.31436920166015625 45.405658721923828125 45.41388702392578125 45.821605682373046875 45.849079132080078125 45.83220672607421875 45.933475494384765625 46.145092010498046875 46.389476776123046875 46.771175384521484375 47.161304473876953125 47.398708343505859375 47.562206268310546875 47.46567535400390625 46.984302520751953125 46.8096466064453125 47.1727142333984375 47.36675262451171875 47.31914520263671875 47.227764129638671875 47.3258514404296875 47.78083038330078125 48.50284576416015625 48.64206695556640625 48.39471435546875 48.667816162109375 48.925281524658203125 48.580108642578125 47.5372467041015625 47.327106475830078125 48.123752593994140625 48.805843353271484375 49.171161651611328125 49.096240997314453125 48.300106048583984375 47.901988983154296875 48.66170501708984375 49.647090911865234375 49.914157867431640625 49.745693206787109375 49.6100006103515625 49.79876708984375 49.835208892822265625 50.12514495849609375 50.42572784423828125 50.497528076171875 50.6732635498046875 51.1182708740234375
44.9190521240234375 44.854923248291015625 45.019260406494140625 45.10146331787109375 45.355411529541015625 45.4386138916015625 45.687107086181640625 45.78736114501953125 45.98342132568359375 46.2349090576171875 46.49419403076171875 46.77419281005859375 47.053340911865234375 47.33110809326171875 47.475543975830078125 47.05046844482421875 47.053470611572265625 47.460514068603515625 47.449710845947265625 47.32741546630859375 47.546451568603515625 47.607540130615234375 47.64633941650390625 48.10268402099609375 48.32390594482421875 48.295379638671875 48.41046142578125 48.534450531005859375 48.373531341552734375 47.6778106689453125 47.45290374755859375 47.77887725830078125 48.49997711181640625 49.179309844970703125 49.3702392578125 48.842681884765625 48.7471771240234375 48.88360595703125 49.14508056640625 49.3539276123046875 49.18669891357421875 49.268909454345703125 49.39048004150390625 49.6294403076171875 50 50.2326507568359375 50.474300384521484375 50.9409637451171875 51.407512664794921875
45.133968353271484375 44.970706939697265625 45.14112091064453125 45.333690643310546875 45.49858856201171875 45.705402374267578125 46.163665771484375 46.1946868896484375 46.252330780029296875 46.27988433837890625 46.381626129150390625 46.597988128662109375 46.68387603759765625 46.841281890869140625 47.05474853515625 47.1051025390625 47.347255706787109375 47.807415008544921875 47.695659637451171875 47.430301666259765625 47.573528289794921875 47.646816253662109375 47.616119384765625 47.663730621337890625 47.6913604736328125 47.75087738037109375 47.775543212890625 47.85068511962890625 48.056316375732421875 48.03902435302734375 48.10388946533203125 48.035938262939453125 48.434497833251953125 48.813995361328125 49.081096649169921875 49.138042449951171875 49.26779937744140625 49.278812408447265625 49.25988006591796875 49.129596710205078125 49.009975433349609375 49.069965362548828125 49.244503021240234375 49.6541290283203125 49.916172027587890625 49.718120574951171875 49.926647186279296875 50.624118804931640625 50.98345184326171875
45.43157958984375 45.282100677490234375 45.40895843505859375 45.82064056396484375 45.9848175048828125 46.046878814697265625 46.3905487060546875 46.243350982666015625 46.079608917236328125 46.10829925537109375 46.20142364501953125 46.3531951904296875 46.399188995361328125 46.39904022216796875 46.497936248779296875 46.97158050537109375 47.186969757080078125 47.625713348388671875 47.56092071533203125 47.248004913330078125 47.282958984375 47.353900909423828125 47.42711639404296875 47.37876129150390625 47.30725860595703125 47.32646942138671875 47.176418304443359375 47.307994842529296875 47.910961151123046875 48.39295196533203125 48.66960906982421875 48.672149658203125 48.51734161376953125 48.364627838134765625 48.6644287109375 49.16303253173828125 49.231922149658203125 49.34114837646484375 49.444446563720703125 49.138885498046875 48.8426513671875 48.7675323486328125 48.83142852783203125 49.242916107177734375 49.331768035888671875 49.3472747802734375 49.71152496337890625 50.140842437744140625 50.380046844482421875
45.418285369873046875 45.429534912109375 45.52591705322265625 46.0157318115234375 46.1284027099609375 46.134944915771484375 46.25244140625 46.071826934814453125 45.988311767578125 46.02550506591796875 46.104644775390625 46.18511199951171875 46.1882781982421875 46.1334228515625 46.29555511474609375 46.775577545166015625 46.9122772216796875 46.9992523193359375 46.9340667724609375 46.783336639404296875 46.907688140869140625 47.13166046142578125 47.22222137451171875 47.307872772216796875 47.313816070556640625 47.2583160400390625 47.2262115478515625 47.34128570556640625 47.7829437255859375 48.51779937744140625 48.7588653564453125 48.828838348388671875 48.723384857177734375 48.451442718505859375 48.500087738037109375 48.84659576416015625 48.783351898193359375 48.97212982177734375 49.202793121337890625 48.874660491943359375 48.461688995361328125 48.55181121826171875 48.573486328125 48.71300506591796875 48.740673065185546875 49.305286407470703125 49.631927490234375 49.635936737060546875 49.87471771240234375
45.4607086181640625 45.742870330810546875 45.834980010986328125 46.01863861083984375 45.868579864501953125 45.9912261962890625 45.99144744873046875 46.021030426025390625 46.02071380615234375 46.127788543701171875 46.197757720947265625 46.23565673828125 46.317905426025390625 46.310398101806640625 46.295925140380859375 46.556575775146484375 46.618499755859375 46.36959075927734375 46.204776763916015625 46.139575958251953125 46.390918731689453125 46.756092071533203125 46.885379791259765625 47.035923004150390625 46.998260498046875 46.86887359619140625 47.15497589111328125 47.3703765869140625 47.425140380859375 48.31076812744140625 48.5867767333984375 48.71532440185546875 48.83339691162109375 48.6116485595703125 48.33072662353515625 48.41942596435546875 48.333766937255859375 48.657405853271484375 49.004116058349609375 48.69385528564453125 48.521785736083984375 48.7569122314453125 49.0151214599609375 49.050998687744140625 48.833160400390625 49.32187652587890625 49.372745513916015625 49.260040283203125 49.360065460205078125
45.532505035400390625 45.8707427978515625 46.025737762451171875 46.006214141845703125 45.736690521240234375 45.7646636962890625 45.64621734619140625 45.782032012939453125 45.769985198974609375 46.0726165771484375 46.21855926513671875 46.377193450927734375 46.60482025146484375 46.588283538818359375 46.2884368896484375 46.0936126708984375 45.981781005859375 45.835041046142578125 45.7729949951171875 45.795074462890625 45.95654296875 46.249004364013671875 46.500286102294921875 46.84911346435546875 46.8240509033203125 46.6572723388671875 46.989559173583984375 47.37326812744140625 47.433383941650390625 48.111713409423828125 48.27767181396484375 48.314159393310546875 48.38719940185546875 48.3283538818359375 48.2497406005859375 48.319416046142578125 48.3715972900390625 48.86734771728515625 49.057292938232421875 48.778614044189453125 48.88006591796875 48.996826171875 49.050037384033203125 49.265239715576171875 48.98403167724609375 49.332126617431640625 49.400661468505859375 49.312633514404296875 49.1216583251953125
45.342090606689453125 45.576023101806640625 45.783885955810546875 45.948070526123046875 45.760135650634765625 45.84214019775390625 45.8680419921875 45.605495452880859375 45.474597930908203125 45.64020538330078125 45.855533599853515625 45.984897613525390625 46.1344451904296875 46.019496917724609375 46.00868988037109375 46.07639312744140625 45.952350616455078125 45.917720794677734375 45.865703582763671875 45.853366851806640625 45.863925933837890625 46.125030517578125 46.358001708984375 46.55631256103515625 46.55286407470703125 46.427623748779296875 46.8683013916015625 47.345645904541015625 47.514751434326171875 47.9295196533203125 48.169292449951171875 48.140361785888671875 47.964649200439453125 47.7637481689453125 47.900836944580078125 48.10931396484375 48.29343414306640625 48.842266082763671875 49.243106842041015625 49.161960601806640625 49.07050323486328125 48.913181304931640625 48.871295928955078125 48.91594696044921875 48.884616851806640625 48.9728851318359375 49.20189666748046875 49.48024749755859375 49.430889129638671875
44.952625274658203125 45.03228759765625 45.209835052490234375 45.455043792724609375 45.26000213623046875 45.43128204345703125 45.464874267578125 45.209949493408203125 45.25002288818359375 45.435504913330078125 45.682048797607421875 45.823863983154296875 45.78728485107421875 45.821529388427734375 45.86795806884765625 45.94693756103515625 46.078891754150390625 46.375179290771484375 46.335052490234375 46.14569091796875 46.135951995849609375 46.479000091552734375 46.477935791015625 46.62288665771484375 46.7975616455078125 46.817264556884765625 47.153362274169921875 47.34877777099609375 47.285186767578125 47.36539459228515625 47.62247467041015625 47.594165802001953125 47.550884246826171875 47.36708831787109375 47.398101806640625 47.37131500244140625 47.49437713623046875 48.1211395263671875 48.71378326416015625 48.80101776123046875 48.633312225341796875 48.5220489501953125 48.293239593505859375 48.299541473388671875 48.738590240478515625 48.95398712158203125 49.15042877197265625 49.53116607666015625 49.652374267578125
44.473918914794921875 44.57431793212890625 44.9051055908203125 45.157135009765625 45.158969879150390625 45.250030517578125 45.303554534912109375 44.946559906005859375 45.16519927978515625 45.48773193359375 45.707439422607421875 45.942485809326171875 46.07190704345703125 45.99538421630859375 45.9500579833984375 46.022274017333984375 45.911991119384765625 46.328433990478515625 46.3197174072265625 46.236804962158203125 46.407440185546875 46.7268524169921875 46.6865081787109375 46.863193511962890625 47.116092681884765625 47.223308563232421875 47.445392608642578125 47.536495208740234375 47.469989776611328125 47.442470550537109375 47.352260589599609375 46.94606781005859375 47.251644134521484375 47.53009033203125 47.51628875732421875 47.428455352783203125 47.397006988525390625 47.6276092529296875 48.040637969970703125 48.34445953369140625 48.364711761474609375 48.312015533447265625 48.16048431396484375 48.17755889892578125 48.207485198974609375 48.759838104248046875 48.94042205810546875 49.228313446044921875 49.374080657958984375
44.55309295654296875 44.664737701416015625 45.038829803466796875 45.502857208251953125 45.460857391357421875 45.153621673583984375 44.857685089111328125 44.708637237548828125 45.206939697265625 45.66617584228515625 45.5753021240234375 45.721019744873046875 46.109783172607421875 45.86707305908203125 45.72293853759765625 45.913097381591796875 45.940509796142578125 46.312107086181640625 46.4650115966796875 46.5981292724609375 46.786182403564453125 47.1332550048828125 47.28772735595703125 47.375522613525390625 47.306888580322265625 47.34012603759765625 47.505397796630859375 47.49558258056640625 47.67554473876953125 47.762939453125 47.38600921630859375 46.746517181396484375 47.238155364990234375 47.682575225830078125 47.64653778076171875 47.64409637451171875 47.614017486572265625 47.588794708251953125 47.830188751220703125 48.12969207763671875 48.284984588623046875 48.115505218505859375 48.09888458251953125 48.44580841064453125 48.83655548095703125 49.165592193603515625 48.899494171142578125 48.685482025146484375 48.857830047607421875
44.65601348876953125 44.7030029296875 45.023891448974609375 45.460376739501953125 45.699382781982421875 45.5795745849609375 44.788318634033203125 44.678852081298828125 45.250789642333984375 45.73589324951171875 45.95298004150390625 45.914020538330078125 45.895931243896484375 45.9113922119140625 45.65232086181640625 45.89362335205078125 45.85498046875 46.15511322021484375 46.51180267333984375 46.800037384033203125 46.9356536865234375 47.132549285888671875 47.36933135986328125 47.607845306396484375 47.26206207275390625 46.954624176025390625 47.35105133056640625 47.481624603271484375 47.355655670166015625 47.386138916015625 47.49451446533203125 47.172420501708984375 47.540386199951171875 47.855991363525390625 48.05580902099609375 48.130046844482421875 48.121105194091796875 48.100742340087890625 48.163036346435546875 48.35181427001953125 48.481433868408203125 48.370830535888671875 48.501918792724609375 48.96129608154296875 49.162372589111328125 49.3005523681640625 48.870021820068359375 48.84497833251953125 48.895565032958984375
44.559173583984375 44.66797637939453125 44.97542572021484375 45.2544097900390625 45.411205291748046875 45.21691131591796875 44.706737518310546875 44.598873138427734375 44.9821624755859375 45.399364471435546875 45.656856536865234375 45.6623687744140625 45.5832672119140625 45.597255706787109375 45.644695281982421875 45.902233123779296875 45.82007598876953125 45.88228607177734375 46.34783935546875 46.791706085205078125 46.840587615966796875 46.937816619873046875 46.69129180908203125 46.82273101806640625 46.8050079345703125 46.74051666259765625 47.155582427978515625 47.25730133056640625 47.135654449462890625 47.235645294189453125 47.382511138916015625 47.332675933837890625 47.697235107421875 48.10439300537109375 48.33547210693359375 48.274608612060546875 48.398509979248046875 48.428241729736328125 48.459293365478515625 48.564769744873046875 48.66495513916015625 48.46392059326171875 48.54701995849609375 49.104961395263671875 49.248668670654296875 49.31787109375 48.91670989990234375 48.864673614501953125 48.334217071533203125
44.4328460693359375 44.413608551025390625 44.87213897705078125 45.13657379150390625 45.1014251708984375 45.062793731689453125 44.97625732421875 44.893115997314453125 44.889034271240234375 44.900264739990234375 45.23337554931640625 45.56963348388671875 45.68630218505859375 45.6440887451171875 45.5829010009765625 45.97811126708984375 46.107685089111328125 46.254032135009765625 46.392337799072265625 46.6426849365234375 46.694110870361328125 46.64948272705078125 46.29482269287109375 46.429042816162109375 46.60106658935546875 46.630786895751953125 46.8623504638671875 46.72486114501953125 46.794452667236328125 47.2623443603515625 47.2298583984375 47.191936492919921875 47.628055572509765625 48.10674285888671875 48.233394622802734375 48.30767822265625 48.437900543212890625 48.25543212890625 48.12331390380859375 48.487884521484375 48.7928466796875 48.492115020751953125 48.07122039794921875 48.492549896240234375 48.7357635498046875 48.98413848876953125 48.656826019287109375 48.5258026123046875 47.803508758544921875
44.356365203857421875 44.320281982421875 44.78691864013671875 45.158855438232421875 45.084247589111328125 45.169178009033203125 45.211666107177734375 45.293910980224609375 45.23104095458984375 45.0385284423828125 45.249088287353515625 45.56226348876953125 45.63216400146484375 45.559505462646484375 45.525119781494140625 45.944728851318359375 46.249729156494140625 46.456623077392578125 46.745143890380859375 46.89788818359375 46.7404632568359375 46.548023223876953125 46.636547088623046875 46.757862091064453125 46.787227630615234375 46.733795166015625 46.589221954345703125 46.4928436279296875 47.0869140625 47.575954437255859375 47.56269073486328125 47.445587158203125 47.627696990966796875 48.007686614990234375 48.13848114013671875 48.26500701904296875 48.43152618408203125 48.003177642822265625 47.91721343994140625 48.50165557861328125 48.7718963623046875 48.5762939453125 47.922698974609375 47.538280487060546875 47.880390167236328125 48.90085601806640625 48.933322906494140625 48.44858551025390625 48.065093994140625
44.45192718505859375 44.223667144775390625 44.66381072998046875 45.197368621826171875 45.31978607177734375 45.434417724609375 45.36159515380859375 45.3770599365234375 45.364543914794921875 45.26876068115234375 45.497509002685546875 45.804409027099609375 45.76612091064453125 45.563282012939453125 45.489727020263671875 45.857448577880859375 46.19997406005859375 46.474483489990234375 46.783039093017578125 47.12909698486328125 47.058315277099609375 46.72426605224609375 46.616550445556640625 46.78322601318359375 46.999874114990234375 47.05857086181640625 46.856964111328125 46.89064788818359375 47.425678253173828125 47.778064727783203125 47.8309326171875 47.6820831298828125 47.641490936279296875 47.685546875 47.877254486083984375 48.01360321044921875 48.05175018310546875 47.891845703125 48.044559478759765625 48.507511138916015625 48.69024658203125 48.499523162841796875 47.916393280029296875 47.31322479248046875 47.66393280029296875 48.764987945556640625 48.89316558837890625 48.390361785888671875 48.212066650390625
