data/isotherm.asc
ncols        384
nrows        480
xllcorner    138.000000000000
yllcorner    -29.000000000000
cellsize     0.041666666667
NODATA_value -9999
[rows 418 to 439 of 480, columns 98 to 146 of 384]
46.777355194091796875 46.93003082275390625 46.719982147216796875 45.855968475341796875 44.469699859619140625 43.7148590087890625 43.612457275390625 43.7692718505859375 44.5224456787109375 44.85944366455078125 44.734714508056640625 44.044300079345703125 43.27109527587890625 43.00785064697265625 42.730381011962890625 42.444118499755859375 43.4272918701171875 44.69402313232421875 44.820415496826171875 44.01145172119140625 43.793712615966796875 43.96680450439453125 44.164646148681640625 44.513820648193359375 44.849056243896484375 45.155620574951171875 45.470813751220703125 45.468570709228515625 45.267292022705078125 45.490955352783203125 45.603668212890625 45.72441864013671875 46.020389556884765625 46.23909759521484375 45.782527923583984375 45.6493988037109375 45.716259002685546875 45.614643096923828125 45.386547088623046875 45.089817047119140625 44.798244476318359375 44.9357452392578125 45.3892822265625 45.450595855712890625 44.843471527099609375 44.3383026123046875 43.748889923095703125 43.4232330322265625 43.5059967041015625
46.697589874267578125 46.691349029541015625 46.39368438720703125 45.632999420166015625 44.64145660400390625 43.742862701416015625 43.696292877197265625 44.2414398193359375 44.725894927978515625 44.622318267822265625 44.434696197509765625 44.00189971923828125 43.62969970703125 43.52065277099609375 43.08141326904296875 42.489532470703125 42.668155670166015625 43.40439605712890625 44.67717742919921875 44.65924835205078125 44.06113433837890625 44.08266448974609375 44.2625732421875 44.50220489501953125 44.885223388671875 45.077083587646484375 45.2273712158203125 45.136447906494140625 44.900371551513671875 44.77036285400390625 44.81781005859375 45.059024810791015625 45.3482513427734375 45.9119110107421875 45.7733917236328125 45.355865478515625 45.24005126953125 45.07479095458984375 44.976055145263671875 44.723583221435546875 44.5518646240234375 44.847686767578125 45.3701324462890625 45.34464263916015625 45.038761138916015625 44.48834991455078125 43.86040496826171875 43.284942626953125 43.262958526611328125
46.459964752197265625 46.39647674560546875 46.092716217041015625 45.14910125732421875 44.31865692138671875 43.629383087158203125 43.39275360107421875 43.88460540771484375 44.83512115478515625 45.002452850341796875 44.61211395263671875 43.66956329345703125 43.195934295654296875 43.509860992431640625 43.379302978515625 43.124568939208984375 42.904460906982421875 42.631206512451171875 43.79457855224609375 44.718250274658203125 44.322925567626953125 44.0714111328125 44.1637115478515625 44.38275146484375 44.610057830810546875 44.9730987548828125 45.18080902099609375 45.090179443359375 44.872684478759765625 44.5747528076171875 44.7508544921875 44.87732696533203125 44.971920013427734375 45.295207977294921875 45.558563232421875 45.62288665771484375 45.522735595703125 45.116039276123046875 44.844776153564453125 44.495449066162109375 44.419170379638671875 44.9112701416015625 45.3425750732421875 45.215213775634765625 44.91229248046875 44.348480224609375 43.83769989013671875 43.440738677978515625 43.285259246826171875
46.52397918701171875 46.692119598388671875 46.176937103271484375 45.11128997802734375 44.3989410400390625 43.700344085693359375 43.367671966552734375 44.2207794189453125 45.590297698974609375 45.75028228759765625 44.915447235107421875 43.4234771728515625 42.590396881103515625 43.021144866943359375 43.37353515625 43.576343536376953125 43.320209503173828125 43.038768768310546875 43.368862152099609375 44.518512725830078125 44.515392303466796875 44.140125274658203125 44.166667938232421875 44.21405029296875 44.395374298095703125 44.652210235595703125 44.84665679931640625 44.8284149169921875 44.7166900634765625 44.4561767578125 44.749393463134765625 44.78067779541015625 44.774585723876953125 44.996002197265625 45.28231048583984375 45.661190032958984375 45.806369781494140625 45.27462005615234375 44.786472320556640625 44.34189605712890625 44.193492889404296875 44.890407562255859375 45.62384033203125 45.365386962890625 45.11620330810546875 44.4828033447265625 44.00341033935546875 43.5769195556640625 43.40421295166015625
46.420501708984375 46.629779815673828125 46.190189361572265625 45.128093719482421875 44.575344085693359375 43.933399200439453125 44.1527557373046875 45.2596588134765625 46.011356353759765625 45.7614288330078125 44.90570068359375 43.6920928955078125 42.9471435546875 43.118137359619140625 43.436626434326171875 43.675540924072265625 43.53998565673828125 43.238689422607421875 43.10870361328125 44.005847930908203125 44.7382659912109375 44.71358489990234375 44.198486328125 44.135921478271484375 44.364139556884765625 44.541103363037109375 44.718517303466796875 44.868648529052734375 44.758319854736328125 44.6660308837890625 44.862026214599609375 44.80860137939453125 44.750263214111328125 44.828277587890625 45.15472412109375 45.3175201416015625 45.361545562744140625 44.98435211181640625 44.59479522705078125 44.343822479248046875 44.226802825927734375 44.660308837890625 45.455410003662109375 45.529338836669921875 45.1312103271484375 44.360195159912109375 44.073085784912109375 43.9912109375 44.124210357666015625
46.05242156982421875 46.113101959228515625 45.874942779541015625 45.1473846435546875 44.40206146240234375 44.28509521484375 45.32021331787109375 46.0233306884765625 45.9218597412109375 45.387996673583984375 44.8184661865234375 44.341220855712890625 43.94043731689453125 43.58272552490234375 43.597995758056640625 43.77793121337890625 43.792118072509765625 43.486034393310546875 43.14531707763671875 43.612529754638671875 44.4699249267578125 44.97760772705078125 44.381824493408203125 44.186756134033203125 44.419689178466796875 44.419559478759765625 44.44268035888671875 44.720302581787109375 44.80489349365234375 44.636501312255859375 44.726593017578125 44.712066650390625 44.61194610595703125 44.62273406982421875 44.889461517333984375 44.992031097412109375 44.888492584228515625 44.637386322021484375 44.408428192138671875 44.314624786376953125 44.46982574462890625 44.8800048828125 45.23033905029296875 45.297916412353515625 44.487812042236328125 44.077625274658203125 43.811435699462890625 43.56655120849609375 43.93163299560546875
45.511508941650390625 45.6563720703125 45.301776885986328125 44.6090545654296875 43.940338134765625 44.554859161376953125 45.68804168701171875 46.020122528076171875 45.73036956787109375 45.19939422607421875 44.664791107177734375 44.275211334228515625 44.012943267822265625 43.80523681640625 43.794658660888671875 43.91965484619140625 43.936054229736328125 43.789188385009765625 43.42858123779296875 43.61351776123046875 44.12542724609375 44.815113067626953125 44.558055877685546875 44.33638763427734375 44.405834197998046875 44.29022216796875 44.1788482666015625 44.527362823486328125 44.7628936767578125 44.653469085693359375 44.576534271240234375 44.53389739990234375 44.626483917236328125 44.895557403564453125 44.956195831298828125 44.689510345458984375 44.531215667724609375 44.37801361083984375 44.25131988525390625 43.993183135986328125 44.044353485107421875 44.3450469970703125 44.340892791748046875 44.806171417236328125 44.36420440673828125 44.02993011474609375 43.638088226318359375 43.2930908203125 43.442935943603515625
45.11539459228515625 45.340557098388671875 44.744487762451171875 43.919620513916015625 43.609752655029296875 44.620098114013671875 45.5801849365234375 45.632404327392578125 45.38072967529296875 44.893680572509765625 44.485385894775390625 44.112903594970703125 43.75522613525390625 43.58893585205078125 43.75940704345703125 44.049396514892578125 44.0212860107421875 43.853374481201171875 43.613525390625 43.6561126708984375 43.94083404541015625 44.41839599609375 44.66037750244140625 44.63211822509765625 44.54764556884765625 44.38683319091796875 44.168781280517578125 44.23297119140625 44.457828521728515625 44.57056427001953125 44.53250885009765625 44.412628173828125 44.678501129150390625 45.039134979248046875 45.03875732421875 44.704410552978515625 44.450778961181640625 44.285076141357421875 44.055316925048828125 43.42000579833984375 43.244022369384765625 43.607334136962890625 43.5477447509765625 44.219387054443359375 44.335048675537109375 44.0953826904296875 43.6644744873046875 43.175525665283203125 43.263896942138671875
44.985630035400390625 44.7873382568359375 43.943546295166015625 43.676395416259765625 44.02396392822265625 44.744121551513671875 45.204914093017578125 45.182262420654296875 45.13043212890625 45.00202178955078125 44.777805328369140625 44.617351531982421875 44.21764373779296875 43.725574493408203125 43.67270660400390625 44.03403472900390625 44.0167999267578125 43.932353973388671875 43.707981109619140625 43.71797943115234375 43.88846588134765625 44.23918914794921875 44.782135009765625 44.86228179931640625 44.6006317138671875 44.417972564697265625 44.209503173828125 44.168041229248046875 44.62432861328125 44.5310516357421875 44.510234832763671875 44.44620513916015625 44.554561614990234375 44.82733154296875 44.8908843994140625 44.699161529541015625 44.476741790771484375 44.238132476806640625 43.761112213134765625 42.9892425537109375 42.90148162841796875 43.539348602294921875 43.76738739013671875 44.174285888671875 44.1170806884765625 43.886867523193359375 43.513641357421875 43.23705291748046875 43.464290618896484375
44.654148101806640625 43.75887298583984375 42.9896240234375 43.29096221923828125 44.183460235595703125 44.96338653564453125 45.263561248779296875 45.430877685546875 45.513278961181640625 45.441555023193359375 45.024089813232421875 44.875156402587890625 44.654186248779296875 43.94612884521484375 43.698211669921875 43.894985198974609375 43.922252655029296875 43.95534515380859375 43.91776275634765625 43.840854644775390625 43.93949127197265625 44.211582183837890625 44.784336090087890625 44.909698486328125 44.432262420654296875 44.299625396728515625 44.394931793212890625 44.47589111328125 44.785175323486328125 44.551120758056640625 44.476634979248046875 44.427227020263671875 44.3480987548828125 44.628650665283203125 44.68134307861328125 44.544727325439453125 44.419132232666015625 44.20916748046875 43.677860260009765625 42.883098602294921875 42.813304901123046875 43.58118438720703125 44.145442962646484375 44.3870391845703125 44.003528594970703125 43.52507781982421875 43.2546539306640625 43.36820220947265625 43.703388214111328125
44.138584136962890625 43.036487579345703125 42.463291168212890625 42.62758636474609375 43.347637176513671875 44.692996978759765625 45.5437469482421875 45.96875762939453125 45.983058929443359375 45.657962799072265625 44.91219329833984375 44.5049896240234375 44.4427337646484375 44.132568359375 43.82001495361328125 43.95587921142578125 43.993988037109375 43.940338134765625 43.98534393310546875 43.8932037353515625 43.878597259521484375 44.072292327880859375 44.639919281005859375 44.906032562255859375 44.2649993896484375 44.030323028564453125 44.340984344482421875 44.25682830810546875 44.1544036865234375 44.35101318359375 44.3570709228515625 44.342487335205078125 44.341510772705078125 44.489246368408203125 44.495029449462890625 44.4098968505859375 44.352489471435546875 44.231746673583984375 43.874908447265625 43.0465850830078125 42.64339447021484375 43.3281097412109375 43.986057281494140625 44.253055572509765625 43.96533203125 43.23075103759765625 43.095012664794921875 43.410930633544921875 43.81695556640625
43.6301422119140625 42.93657684326171875 42.48596954345703125 42.45394134521484375 42.857448577880859375 44.311260223388671875 45.272243499755859375 45.69614410400390625 45.7235260009765625 45.458904266357421875 44.790264129638671875 44.065250396728515625 44.059795379638671875 44.162517547607421875 43.876953125 43.983104705810546875 44.08820343017578125 44.0341033935546875 43.967563629150390625 43.879150390625 43.773715972900390625 43.925197601318359375 44.398586273193359375 44.863956451416015625 44.3503875732421875 43.780101776123046875 43.8094635009765625 43.56874847412109375 43.454219818115234375 43.96613311767578125 44.15518951416015625 44.32154083251953125 44.403423309326171875 44.319622039794921875 44.25469970703125 44.244106292724609375 44.20349884033203125 44.18036651611328125 43.964599609375 43.186199188232421875 42.608943939208984375 43.16782379150390625 43.86122894287109375 43.996868133544921875 43.73375701904296875 43.104473114013671875 43.088165283203125 43.430843353271484375 43.69481658935546875
42.629150390625 42.2895355224609375 42.3682861328125 42.545658111572265625 43.209293365478515625 44.358860015869140625 45.11719512939453125 45.3600311279296875 45.4059600830078125 45.150966644287109375 44.670658111572265625 44.0687408447265625 43.926239013671875 43.93035125732421875 43.58332061767578125 43.79815673828125 43.97397613525390625 43.8938751220703125 43.86862945556640625 43.886257171630859375 43.840900421142578125 43.8861846923828125 44.0474700927734375 44.4185028076171875 44.344158172607421875 43.74417877197265625 43.482269287109375 43.661670684814453125 43.59391021728515625 43.778804779052734375 44.0874481201171875 44.2015228271484375 44.20944976806640625 44.2518157958984375 44.125579833984375 43.924282073974609375 43.918888092041015625 44.098957061767578125 43.95644378662109375 43.2220611572265625 42.639598846435546875 43.197658538818359375 43.872074127197265625 43.94857025146484375 43.62725830078125 43.415210723876953125 43.294719696044921875 43.407253265380859375 43.745647430419921875
42.40070343017578125 41.88907623291015625 42.025299072265625 42.272945404052734375 42.753208160400390625 43.474300384521484375 44.392955780029296875 45.298786163330078125 45.5173492431640625 45.3645782470703125 45.24857330322265625 45.021366119384765625 44.686298370361328125 44.155017852783203125 43.63439178466796875 43.656734466552734375 43.876766204833984375 43.909458160400390625 43.84527587890625 43.839813232421875 43.83237457275390625 43.968601226806640625 43.923397064208984375 43.753147125244140625 43.307647705078125 43.2204437255859375 43.445247650146484375 43.594715118408203125 43.73021697998046875 43.876220703125 44.079524993896484375 44.16992950439453125 44.22979736328125 44.249080657958984375 44.084163665771484375 43.783374786376953125 43.93353271484375 44.21219635009765625 44.035449981689453125 43.17693328857421875 42.550811767578125 43.122730255126953125 43.863880157470703125 43.7089996337890625 43.49029541015625 43.6707763671875 43.650074005126953125 43.68096160888671875 43.83329010009765625
42.801540374755859375 41.94873046875 41.87139892578125 42.27805328369140625 42.584041595458984375 43.181339263916015625 44.34012603759765625 45.343753814697265625 45.605968475341796875 45.046443939208984375 44.818470001220703125 45.042888641357421875 44.963714599609375 44.385944366455078125 43.856456756591796875 43.779178619384765625 43.9803314208984375 44.01499176025390625 43.89263153076171875 43.84134674072265625 43.712429046630859375 43.870342254638671875 44.00823974609375 43.906719207763671875 43.6107940673828125 43.311069488525390625 43.273296356201171875 43.596771240234375 43.93170928955078125 44.1414794921875 44.1136322021484375 43.934783935546875 44.0509490966796875 44.0927886962890625 44.05846405029296875 44.01263427734375 44.004497528076171875 44.170063018798828125 44.0643463134765625 43.28224945068359375 42.7845916748046875 43.30599212646484375 43.811923980712890625 43.70257568359375 43.500278472900390625 43.51209259033203125 43.722423553466796875 43.915584564208984375 43.91129302978515625
42.757343292236328125 42.0885009765625 41.8420867919921875 42.122814178466796875 42.787097930908203125 43.526721954345703125 44.43527984619140625 45.0467071533203125 45.185832977294921875 44.455089569091796875 43.920360565185546875 44.409740447998046875 44.88311004638671875 44.588558197021484375 44.060516357421875 43.866924285888671875 43.969982147216796875 43.859867095947265625 43.83885955810546875 43.900783538818359375 43.902439117431640625 43.97870635986328125 44.2212677001953125 44.087535858154296875 43.89649200439453125 43.49394989013671875 43.254070281982421875 43.48822021484375 43.56990814208984375 43.8764495849609375 44.1984710693359375 44.1112060546875 44.008861541748046875 43.818695068359375 43.57996368408203125 43.6717376708984375 43.864505767822265625 44.006595611572265625 43.8095855712890625 43.19121551513671875 42.79449462890625 42.9127960205078125 43.067142486572265625 43.1021270751953125 43.06231689453125 43.044155120849609375 43.309734344482421875 43.95691680908203125 44.02667236328125
42.762104034423828125 42.139739990234375 41.896350860595703125 42.0098114013671875 42.732669830322265625 43.61114501953125 44.20035552978515625 44.420867919921875 44.409488677978515625 43.8970947265625 43.45955657958984375 43.81899261474609375 44.566104888916015625 44.669773101806640625 44.017681121826171875 43.76068115234375 43.817302703857421875 43.803150177001953125 43.76256561279296875 43.79004669189453125 43.90077972412109375 44.033939361572265625 44.22621917724609375 44.35791015625 44.338352203369140625 43.820587158203125 43.431285858154296875 43.423526763916015625 43.12270355224609375 43.1807403564453125 43.881908416748046875 44.07730865478515625 44.040050506591796875 43.89095306396484375 43.375762939453125 43.52526092529296875 43.87065887451171875 43.937168121337890625 43.738491058349609375 43.205615997314453125 42.795322418212890625 42.771030426025390625 42.8118743896484375 42.85462188720703125 43.010040283203125 42.94617462158203125 43.19781494140625 43.778751373291015625 43.990947723388671875
43.46692657470703125 42.592594146728515625 42.057605743408203125 41.8172149658203125 41.954437255859375 42.74204254150390625 43.30370330810546875 43.306560516357421875 43.177276611328125 43.100505828857421875 42.827289581298828125 43.04811859130859375 43.91233062744140625 44.35834503173828125 43.954738616943359375 43.562595367431640625 43.549465179443359375 43.505924224853515625 43.56887054443359375 43.71852874755859375 43.841716766357421875 43.990406036376953125 44.084880828857421875 44.214748382568359375 44.18151092529296875 43.8999481201171875 43.71610260009765625 43.57512664794921875 43.374530792236328125 43.413768768310546875 43.565509796142578125 43.711917877197265625 43.904636383056640625 43.87679290771484375 43.559970855712890625 43.642269134521484375 43.8102569580078125 43.81389617919921875 43.693782806396484375 43.270816802978515625 42.93707275390625 43.10250091552734375 43.012271881103515625 42.917491912841796875 42.999385833740234375 42.884479522705078125 43.097808837890625 43.604450225830078125 43.934406280517578125
43.782512664794921875 42.687442779541015625 42.094730377197265625 41.94551849365234375 41.80347442626953125 42.1298675537109375 42.440959930419921875 42.480224609375 42.454925537109375 42.433544158935546875 42.478626251220703125 42.771251678466796875 43.38488006591796875 43.747142791748046875 43.67191314697265625 43.514118194580078125 43.430450439453125 43.348896026611328125 43.4346923828125 43.605747222900390625 43.752349853515625 43.89730072021484375 43.98258209228515625 44.009830474853515625 43.990314483642578125 43.911098480224609375 43.808925628662109375 43.623409271240234375 43.469303131103515625 43.47220611572265625 43.35073089599609375 43.415981292724609375 43.820560455322265625 43.912174224853515625 43.825550079345703125 43.820117950439453125 43.773693084716796875 43.7795867919921875 43.74573516845703125 43.346958160400390625 42.870464324951171875 42.925083160400390625 43.053375244140625 43.223789215087890625 43.131710052490234375 42.853664398193359375 42.976604461669921875 43.725414276123046875 43.91857147216796875
43.5006866455078125 42.31375885009765625 42.12235260009765625 42.173488616943359375 42.004245758056640625 41.97930145263671875 41.885135650634765625 41.989471435546875 42.077976226806640625 42.411479949951171875 42.73090362548828125 43.024333953857421875 43.38720703125 43.477443695068359375 43.452976226806640625 43.47911834716796875 43.37017059326171875 43.300838470458984375 43.38939666748046875 43.49407958984375 43.488468170166015625 43.53985595703125 43.727264404296875 43.8956146240234375 44.01268768310546875 43.837001800537109375 43.786106109619140625 43.730037689208984375 43.572879791259765625 43.40277862548828125 43.319789886474609375 43.3234405517578125 43.814159393310546875 43.99259185791015625 43.7794647216796875 43.63115692138671875 43.73130035400390625 43.78990936279296875 43.81806182861328125 43.42462921142578125 42.91074371337890625 42.853862762451171875 42.956233978271484375 43.20489501953125 43.12290191650390625 42.867374420166015625 42.90291595458984375 43.625026702880859375 43.97698974609375
43.657299041748046875 42.76729583740234375 42.549884796142578125 42.364719390869140625 42.17572021484375 42.16239166259765625 42.046772003173828125 41.920238494873046875 41.997406005859375 42.5185546875 42.862873077392578125 43.25481414794921875 43.567287445068359375 43.516902923583984375 43.49439239501953125 43.561031341552734375 43.510211944580078125 43.399173736572265625 43.314533233642578125 43.399738311767578125 43.37679290771484375 43.43453216552734375 43.650299072265625 44.034420013427734375 44.041393280029296875 43.83083343505859375 43.826656341552734375 43.788257598876953125 43.566806793212890625 43.317714691162109375 43.068317413330078125 43.370361328125 44.1511993408203125 44.1501922607421875 43.647998809814453125 43.49929046630859375 43.6807403564453125 43.7534637451171875 43.74120330810546875 43.442180633544921875 43.011386871337890625 42.99747467041015625 43.19820404052734375 43.400714874267578125 43.226993560791015625 43.03997802734375 43.06690216064453125 43.6705169677734375 44.253574371337890625
43.796649932861328125 43.238800048828125 42.896877288818359375 42.449268341064453125 42.2923583984375 42.4000244140625 42.3444061279296875 42.20247650146484375 42.154590606689453125 42.33568572998046875 42.80336761474609375 43.314037322998046875 43.6071929931640625 43.516223907470703125 43.448978424072265625 43.4927520751953125 43.570484161376953125 43.479339599609375 43.3270721435546875 43.489353179931640625 43.409374237060546875 43.555011749267578125 43.7770843505859375 43.91522979736328125 43.81609344482421875 43.659328460693359375 43.65720367431640625 43.739727020263671875 43.625270843505859375 43.416614532470703125 43.49228668212890625 43.9115142822265625 44.353786468505859375 43.9795379638671875 43.444316864013671875 43.304538726806640625 43.454380035400390625 43.619205474853515625 43.726772308349609375 43.465576171875 43.07251739501953125 43.093936920166015625 43.410076141357421875 43.401744842529296875 43.1129150390625 43.088253021240234375 43.328105926513671875 43.92777252197265625 44.46292877197265625
