data/isotherm.asc
ncols        384
nrows        480
xllcorner    138.000000000000
yllcorner    -29.000000000000
cellsize     0.041666666667
NODATA_value -9999
[rows 418 to 439 of 480, columns 294 to 342 of 384]
48.32403564453125 48.342838287353515625 48.41884613037109375 48.50778961181640625 48.356563568115234375 48.173274993896484375 47.9272613525390625 47.86911773681640625 47.7944183349609375 47.741252899169921875 47.763347625732421875 47.7984466552734375 47.837520599365234375 47.999637603759765625 48.1036834716796875 47.876461029052734375 47.857105255126953125 47.97145843505859375 48.624584197998046875 49.330322265625 50.276279449462890625 50.746471405029296875 50.6119232177734375 50.53150177001953125 50.66475677490234375 50.916423797607421875 51.141117095947265625 51.33026123046875 51.1858673095703125 50.538867950439453125 49.97843170166015625 49.673069000244140625 49.687808990478515625 50.5739898681640625 51.025859832763671875 50.7766571044921875 51.2043304443359375 52.004085540771484375 52.05957794189453125 51.449626922607421875 50.68624114990234375 50.648845672607421875 51.006572723388671875 51.51862335205078125 51.27130126953125 51.345424652099609375 51.114910125732421875 50.894901275634765625 50.1656494140625
48.728832244873046875 48.759944915771484375 48.997341156005859375 49.355709075927734375 48.76132965087890625 48.643871307373046875 48.4029541015625 48.196186065673828125 47.912525177001953125 47.783050537109375 47.875614166259765625 48.066921234130859375 48.130756378173828125 48.502841949462890625 48.655338287353515625 48.23339080810546875 47.86637115478515625 48.465389251708984375 49.43308258056640625 50.22701263427734375 50.41968536376953125 50.708843231201171875 49.901653289794921875 48.933475494384765625 49.62879180908203125 50.819416046142578125 51.17755126953125 51.330966949462890625 51.2542877197265625 50.827907562255859375 50.472469329833984375 50.257175445556640625 49.994586944580078125 50.28064727783203125 50.7311553955078125 50.641834259033203125 51.112506866455078125 51.676959991455078125 51.712978363037109375 51.445522308349609375 50.610149383544921875 50.53253936767578125 51.021915435791015625 51.62197113037109375 50.90869903564453125 50.46511077880859375 49.163112640380859375 48.66005706787109375 48.438365936279296875
49.261783599853515625 49.119113922119140625 49.251949310302734375 49.899539947509765625 49.3957977294921875 49.374755859375 49.2704620361328125 49.06110382080078125 48.5949554443359375 48.23011016845703125 48.550670623779296875 49.22306060791015625 49.3570709228515625 49.32083892822265625 49.555538177490234375 49.486675262451171875 48.767669677734375 48.859355926513671875 49.214984893798828125 50.040134429931640625 50.2947845458984375 50.43538665771484375 49.591747283935546875 48.4672088623046875 48.9795379638671875 50.174137115478515625 50.554584503173828125 50.634670257568359375 50.757694244384765625 50.56764984130859375 50.3206634521484375 49.817798614501953125 49.501956939697265625 49.844463348388671875 50.373016357421875 50.605434417724609375 51.172119140625 51.599018096923828125 51.683544158935546875 51.65695953369140625 50.954692840576171875 50.585971832275390625 51.0237884521484375 51.44493865966796875 50.85683441162109375 50.4492645263671875 48.656055450439453125 47.33780670166015625 47.754451751708984375
49.182651519775390625 49.24398040771484375 49.75145721435546875 50.36127471923828125 50.38570404052734375 50.372257232666015625 49.967193603515625 49.699398040771484375 49.31967926025390625 49.33113861083984375 50.063762664794921875 50.57186126708984375 50.5040283203125 50.357540130615234375 50.07695770263671875 49.610683441162109375 48.6192626953125 48.178310394287109375 48.041217803955078125 48.47232818603515625 48.955570220947265625 49.063938140869140625 49.15122222900390625 48.712230682373046875 48.279140472412109375 49.209346771240234375 50.38861846923828125 50.886272430419921875 50.672359466552734375 50.217517852783203125 50.206951141357421875 49.814136505126953125 49.424205780029296875 49.90050506591796875 50.53900146484375 50.894130706787109375 51.174724578857421875 51.47211456298828125 51.646579742431640625 51.418033599853515625 50.5542755126953125 50.75757598876953125 50.841335296630859375 50.72510528564453125 50.368587493896484375 50.118572235107421875 49.116031646728515625 48.16744232177734375 48.205059051513671875
49.53433990478515625 49.502849578857421875 49.634185791015625 50.1744384765625 51.077396392822265625 50.98604583740234375 50.069477081298828125 49.469390869140625 49.082149505615234375 49.414157867431640625 50.281879425048828125 50.85723114013671875 50.87223052978515625 50.6295166015625 50.0341339111328125 49.420291900634765625 48.504573822021484375 47.987457275390625 47.7156829833984375 47.96219635009765625 48.92481231689453125 49.17766571044921875 49.51352691650390625 49.52925872802734375 48.67827606201171875 48.372989654541015625 49.52587127685546875 51.020954132080078125 50.930614471435546875 50.4943389892578125 49.96506500244140625 49.820323944091796875 50.267871856689453125 50.801433563232421875 51.15477752685546875 51.472431182861328125 51.360942840576171875 51.323169708251953125 51.625919342041015625 51.343952178955078125 50.56824493408203125 50.912078857421875 51.019382476806640625 50.570629119873046875 50.19402313232421875 49.774356842041015625 49.62537384033203125 49.08535003662109375 48.7271575927734375
49.720432281494140625 50.002399444580078125 50.03693389892578125 50.290008544921875 50.980800628662109375 50.924884796142578125 50.400592803955078125 49.65454864501953125 49.61905670166015625 49.969844818115234375 50.394893646240234375 50.823589324951171875 50.937408447265625 50.749568939208984375 50.49613189697265625 50.55522918701171875 49.960338592529296875 49.697521209716796875 49.235179901123046875 49.288822174072265625 49.730770111083984375 50 50.370342254638671875 50.59222412109375 50.08123779296875 49.49994659423828125 49.95116424560546875 51.066356658935546875 51.446170806884765625 50.954776763916015625 50.516712188720703125 50.144001007080078125 50.731990814208984375 51.31195831298828125 51.445606231689453125 51.451137542724609375 51.203617095947265625 51.1689605712890625 51.49251556396484375 51.246128082275390625 50.840213775634765625 50.972530364990234375 50.941287994384765625 50.342914581298828125 49.15293121337890625 49.02734375 49.695224761962890625 49.459148406982421875 49.2292938232421875
49.54217529296875 49.918792724609375 50.128185272216796875 50.673915863037109375 50.932769775390625 50.70174407958984375 50.39825439453125 49.876453399658203125 50.180999755859375 50.596340179443359375 50.552776336669921875 50.8268890380859375 50.924468994140625 51.07232666015625 51.242298126220703125 51.345733642578125 51.347316741943359375 51.585475921630859375 51.288242340087890625 50.63236236572265625 50.346649169921875 50.485256195068359375 50.648372650146484375 50.746776580810546875 50.617328643798828125 50.28014373779296875 50.542957305908203125 51.198482513427734375 51.41724395751953125 51.059070587158203125 50.843814849853515625 50.758426666259765625 51.34612274169921875 51.709201812744140625 51.602268218994140625 51.458271026611328125 50.87062835693359375 50.799457550048828125 51.36948394775390625 50.98459625244140625 50.461849212646484375 50.432277679443359375 50.402591705322265625 49.409671783447265625 48.860858917236328125 48.869709014892578125 49.99723052978515625 49.756793975830078125 49.2085418701171875
50.097118377685546875 50.325897216796875 50.70025634765625 51.0175018310546875 50.925403594970703125 50.71598052978515625 50.272747039794921875 50.00726318359375 50.3307037353515625 50.740818023681640625 51.194183349609375 51.46208953857421875 51.514400482177734375 51.5716400146484375 51.684070587158203125 51.66808319091796875 51.811695098876953125 52.042510986328125 51.862361907958984375 51.056835174560546875 50.4486236572265625 50.342498779296875 50.65825653076171875 50.717998504638671875 50.503330230712890625 50.4802398681640625 50.594860076904296875 51.13751983642578125 51.391368865966796875 51.21417236328125 51.209415435791015625 51.4811248779296875 51.753902435302734375 51.815273284912109375 51.693439483642578125 51.71306610107421875 51.22383880615234375 50.755367279052734375 50.701198577880859375 50.5427093505859375 50.55046844482421875 50.250152587890625 50.114551544189453125 49.379688262939453125 49.1449737548828125 49.550533294677734375 50.2801361083984375 50.23220062255859375 49.40648651123046875
50.892696380615234375 51.230762481689453125 51.468288421630859375 51.186313629150390625 50.713779449462890625 50.593799591064453125 50.4630279541015625 50.68358612060546875 50.84465789794921875 50.954334259033203125 51.440906524658203125 51.861415863037109375 52.0649566650390625 52.095638275146484375 52.046451568603515625 52.064212799072265625 51.918979644775390625 51.982997894287109375 51.823883056640625 51.5357208251953125 51.261474609375 51.22216033935546875 51.271831512451171875 51.052814483642578125 50.71717071533203125 50.661376953125 50.782466888427734375 51.142948150634765625 51.142742156982421875 50.378787994384765625 49.119617462158203125 49.284358978271484375 50.177154541015625 50.90773773193359375 51.28574371337890625 51.631534576416015625 51.072711944580078125 50.136341094970703125 49.708370208740234375 49.390453338623046875 49.678554534912109375 50.28191375732421875 50.198772430419921875 49.998622894287109375 49.518024444580078125 49.20607757568359375 48.933773040771484375 49.6759796142578125 50.012477874755859375
51.0064239501953125 51.1617431640625 51.26905059814453125 51.17382049560546875 50.770885467529296875 50.585887908935546875 50.8340301513671875 51.384654998779296875 51.73331451416015625 51.65895843505859375 51.47660064697265625 51.53759002685546875 51.81359100341796875 52.1088409423828125 52.190643310546875 52.3804473876953125 52.087177276611328125 52.1180572509765625 52.06041717529296875 51.941802978515625 51.9566802978515625 51.861602783203125 51.657501220703125 51.302764892578125 51.052398681640625 50.953128814697265625 51.04956817626953125 51.146007537841796875 51.014766693115234375 50.023273468017578125 47.219738006591796875 45.75916290283203125 47.0893402099609375 49.15655517578125 50.814556121826171875 51.480255126953125 50.903400421142578125 49.7603302001953125 48.88771820068359375 48.43076324462890625 48.840602874755859375 49.9606781005859375 50.034526824951171875 50.402957916259765625 49.986026763916015625 48.9814300537109375 47.81668853759765625 49.1206512451171875 50.130664825439453125
50.030857086181640625 49.82282257080078125 50.0202178955078125 50.735225677490234375 50.89929962158203125 50.674114227294921875 50.458110809326171875 50.87786865234375 51.78604888916015625 52.0540313720703125 51.48636627197265625 51.015033721923828125 51.226718902587890625 51.784870147705078125 52.1787109375 52.218311309814453125 52.12522125244140625 52.22309112548828125 52.340312957763671875 52.0718994140625 51.99053955078125 51.9798583984375 51.765171051025390625 51.44806671142578125 51.093456268310546875 51.1092987060546875 51.409320831298828125 51.59264373779296875 51.459259033203125 51.043972015380859375 48.97727203369140625 45.836414337158203125 45.12701416015625 46.66635894775390625 48.931324005126953125 50.8247833251953125 51.011669158935546875 50.101490020751953125 49.0594024658203125 49.133403778076171875 49.4391021728515625 49.724552154541015625 50.0646209716796875 50.560699462890625 50.174167633056640625 48.785709381103515625 47.822811126708984375 48.892330169677734375 50.185245513916015625
48.913791656494140625 48.5771484375 48.9782257080078125 50.02231597900390625 50.56781005859375 50.3202362060546875 49.360565185546875 49.31104278564453125 50.703510284423828125 51.508037567138671875 50.863063812255859375 50.19189453125 50.63274383544921875 51.378124237060546875 51.99153900146484375 51.974552154541015625 52.0030364990234375 52.267734527587890625 52.537746429443359375 52.347537994384765625 52.532329559326171875 52.729824066162109375 52.51172637939453125 51.813289642333984375 51.149723052978515625 51.125263214111328125 51.672016143798828125 52.198818206787109375 51.978099822998046875 51.5143280029296875 50.5576019287109375 48.16269683837890625 45.8325653076171875 45.548374176025390625 46.459674835205078125 49.143314361572265625 50.55002593994140625 50.205169677734375 49.909267425537109375 50.468776702880859375 50.282932281494140625 49.773273468017578125 49.757476806640625 49.928844451904296875 49.909687042236328125 48.23177337646484375 47.90550994873046875 49.38829803466796875 50.566158294677734375
48.460968017578125 48.3249359130859375 48.945301055908203125 49.84234619140625 50.174488067626953125 50.027191162109375 49.040618896484375 48.452098846435546875 49.63385772705078125 50.446765899658203125 49.754611968994140625 48.9769134521484375 49.304622650146484375 50.144252777099609375 51.317386627197265625 51.606906890869140625 51.76926422119140625 52.1385955810546875 52.61734771728515625 52.7249298095703125 52.842746734619140625 52.95752716064453125 52.762660980224609375 52.114681243896484375 51.463680267333984375 51.3011932373046875 51.558979034423828125 52.051883697509765625 51.81865692138671875 51.437885284423828125 50.5475311279296875 49.529022216796875 48.786327362060546875 48.031642913818359375 47.271244049072265625 48.58275604248046875 49.689167022705078125 49.910198211669921875 50.179492950439453125 50.3489532470703125 50.582866668701171875 49.554107666015625 48.375591278076171875 49.20023345947265625 49.6002197265625 48.5080718994140625 48.3647003173828125 49.9755859375 51.283824920654296875
48.511333465576171875 48.1486968994140625 48.46343994140625 49.19269561767578125 49.534259796142578125 49.530277252197265625 48.8011322021484375 48.136814117431640625 48.820362091064453125 49.32300567626953125 48.735561370849609375 48.3733367919921875 48.5347137451171875 48.776668548583984375 49.758758544921875 50.5785675048828125 51.114898681640625 51.482311248779296875 51.996280670166015625 52.392635345458984375 52.6853179931640625 52.86476898193359375 52.82585906982421875 52.41240692138671875 51.854969024658203125 51.7425689697265625 51.76752471923828125 51.800525665283203125 51.630382537841796875 51.401580810546875 50.76721954345703125 50.247119903564453125 50.219928741455078125 50.074634552001953125 49.32515716552734375 49.813739776611328125 50.391010284423828125 50.56737518310546875 50.415767669677734375 50.240936279296875 49.461803436279296875 48.704166412353515625 48.68758392333984375 49.406726837158203125 49.697673797607421875 50.01293182373046875 49.76613616943359375 50.640918731689453125 51.234821319580078125
49.32445526123046875 48.196414947509765625 47.82062530517578125 47.845661163330078125 47.908977508544921875 48.31201934814453125 48.0898895263671875 47.943492889404296875 48.260890960693359375 48.586032867431640625 48.66565704345703125 48.541919708251953125 48.326473236083984375 48.009395599365234375 48.361919403076171875 49.001605987548828125 49.576671600341796875 51.104373931884765625 51.76146697998046875 52.07227325439453125 52.5001220703125 52.7765960693359375 53.00023651123046875 52.862796783447265625 52.37457275390625 51.8123931884765625 51.622669219970703125 51.9050445556640625 52.00594329833984375 51.60675811767578125 50.913242340087890625 50.398769378662109375 50.644565582275390625 50.558055877685546875 50.327114105224609375 50.150493621826171875 50.63809967041015625 50.868114471435546875 50.215541839599609375 49.083568572998046875 48.065639495849609375 48.9092559814453125 50.060344696044921875 50.68511962890625 50.294872283935546875 50.268310546875 49.782733917236328125 50.026142120361328125 50.5657196044921875
50.334117889404296875 49.186054229736328125 48.238842010498046875 48.03863525390625 47.86014556884765625 47.924106597900390625 47.778781890869140625 47.76059722900390625 47.9453582763671875 48.106914520263671875 48.389892578125 48.58769989013671875 48.427455902099609375 48.0028839111328125 48.101718902587890625 47.932765960693359375 48.24161529541015625 50.37415313720703125 51.75881195068359375 51.977359771728515625 52.307987213134765625 52.674285888671875 52.866153717041015625 52.56511688232421875 51.878070831298828125 51.435810089111328125 51.771392822265625 52.1521759033203125 52.167247772216796875 51.861927032470703125 51.4518585205078125 51.05164337158203125 51.0034637451171875 51.066181182861328125 50.856472015380859375 50.076995849609375 50.37306976318359375 50.72272491455078125 50.274234771728515625 49.398342132568359375 49.010623931884765625 50.4534759521484375 51.1649169921875 51.18083953857421875 50.902873992919921875 51.041839599609375 50.359405517578125 50.055118560791015625 49.633533477783203125
50.177158355712890625 49.261905670166015625 49.04476165771484375 49.2835235595703125 48.447589874267578125 47.792205810546875 47.59441375732421875 47.975727081298828125 48.3562164306640625 48.503482818603515625 48.58071136474609375 48.651721954345703125 48.79561614990234375 48.294384002685546875 48.42769622802734375 48.386932373046875 48.13338470458984375 49.753658294677734375 51.230106353759765625 51.667400360107421875 51.77953338623046875 52.124847412109375 52.322223663330078125 52.201755523681640625 52.067958831787109375 52.009578704833984375 52.14820098876953125 52.048442840576171875 51.91692352294921875 51.559539794921875 51.45934295654296875 51.1750335693359375 51.2416534423828125 51.19620513916015625 50.95207977294921875 50.49779510498046875 49.93646240234375 50.03487396240234375 50.781681060791015625 51.168453216552734375 50.992095947265625 50.953205108642578125 50.391872406005859375 50.5718536376953125 51.091587066650390625 51.497135162353515625 51.355724334716796875 50.82379150390625 50.069919586181640625
50.31048583984375 50.11069488525390625 50.129970550537109375 50.28983306884765625 49.726665496826171875 48.65485382080078125 47.975994110107421875 48.322559356689453125 48.6725006103515625 48.52325439453125 48.224704742431640625 48.246417999267578125 48.66481781005859375 48.802501678466796875 48.711513519287109375 48.02361297607421875 47.719844818115234375 49.14244842529296875 50.7183685302734375 51.91811370849609375 51.93373870849609375 51.590213775634765625 51.655750274658203125 51.62392425537109375 51.82450103759765625 52.13724517822265625 52.17259979248046875 52.0256500244140625 52.060985565185546875 51.89354705810546875 51.702938079833984375 51.44671630859375 51.28331756591796875 51.0783843994140625 51.049251556396484375 50.912937164306640625 50.356830596923828125 49.95215606689453125 50.13468170166015625 50.59374237060546875 50.78673553466796875 50.092990875244140625 49.7939300537109375 50.432331085205078125 51.3269195556640625 51.938629150390625 51.78316497802734375 51.70743560791015625 51.071529388427734375
50.392261505126953125 50.503780364990234375 50.473247528076171875 50.427825927734375 50.2230072021484375 49.68593597412109375 49.14605712890625 48.8699951171875 48.25859832763671875 47.735736846923828125 47.995624542236328125 48.295513153076171875 48.085086822509765625 48.0609283447265625 47.83969879150390625 47.444911956787109375 47.66144561767578125 48.929332733154296875 50.471378326416015625 51.6960601806640625 52.038753509521484375 51.706272125244140625 51.48137664794921875 51.24108123779296875 51.25682830810546875 51.86980438232421875 52.000484466552734375 52.054462432861328125 52.13158416748046875 51.964099884033203125 51.74030303955078125 51.59508514404296875 51.557826995849609375 51.520599365234375 51.67425537109375 51.373569488525390625 50.651943206787109375 50.157779693603515625 50.207386016845703125 51.08840179443359375 51.325473785400390625 50.80185699462890625 50.495410919189453125 50.0328216552734375 50.272857666015625 51.547176361083984375 51.881809234619140625 51.491851806640625 50.832614898681640625
50.077487945556640625 50.15718841552734375 50.19074249267578125 50.136249542236328125 50.077022552490234375 50.028942108154296875 49.467708587646484375 48.508045196533203125 47.906147003173828125 47.758510589599609375 48.035724639892578125 48.28394317626953125 47.6346435546875 47.541278839111328125 47.73661041259765625 47.4098052978515625 47.91350555419921875 48.9098663330078125 50.288280487060546875 51.475658416748046875 51.999095916748046875 51.947784423828125 51.855228424072265625 51.531040191650390625 51.310169219970703125 51.72130584716796875 52.111454010009765625 52.209217071533203125 52.22019195556640625 52.24768829345703125 51.949859619140625 51.964275360107421875 52.151214599609375 52.12220001220703125 52.006336212158203125 51.518535614013671875 50.558502197265625 50.072711944580078125 50.463573455810546875 50.804424285888671875 51.0737762451171875 50.802837371826171875 50.76262664794921875 49.51647186279296875 48.95070648193359375 50.779178619384765625 51.1818695068359375 49.69774627685546875 49.644031524658203125
50.10196685791015625 50.120361328125 50.151660919189453125 50.087917327880859375 49.994258880615234375 49.904895782470703125 49.333858489990234375 48.123798370361328125 47.641605377197265625 47.642124176025390625 47.78778839111328125 47.894565582275390625 47.83148956298828125 48.199565887451171875 48.17676544189453125 47.696475982666015625 48.077022552490234375 48.951511383056640625 50.048748016357421875 50.993274688720703125 51.56121826171875 51.9096221923828125 52.0211639404296875 51.962429046630859375 51.972721099853515625 52.02286529541015625 52.059444427490234375 52.18719482421875 52.385829925537109375 52.700130462646484375 52.53505706787109375 52.325061798095703125 52.4084014892578125 52.432826995849609375 52.27614593505859375 51.75153350830078125 50.493755340576171875 49.783641815185546875 50.27841949462890625 50.46794891357421875 50.570430755615234375 50.30869293212890625 50.65804290771484375 49.742420196533203125 48.546138763427734375 49.56337738037109375 50.099758148193359375 48.969600677490234375 48.28924560546875
50.193851470947265625 50.23715972900390625 50.216640472412109375 50.2112884521484375 50.13251495361328125 50.078334808349609375 49.7603302001953125 48.9000091552734375 47.887500762939453125 47.49298858642578125 47.927608489990234375 48.507572174072265625 48.8418121337890625 49.147991180419921875 48.83472442626953125 48.122814178466796875 48.236812591552734375 48.781795501708984375 49.46923828125 50.510456085205078125 51.272609710693359375 51.706256866455078125 51.844402313232421875 51.9824981689453125 52.170352935791015625 52.170024871826171875 52.005401611328125 52.325237274169921875 52.60821533203125 52.9018402099609375 53.024311065673828125 52.706607818603515625 52.374706268310546875 52.345195770263671875 52.14797210693359375 51.895633697509765625 51.11908721923828125 50.40268707275390625 50.464679718017578125 50.38463592529296875 50.21926116943359375 50.00281524658203125 50.011383056640625 49.05401611328125 48.305110931396484375 48.37258148193359375 48.47782135009765625 47.445709228515625 47.71689605712890625
