data/maxtemp.asc
ncols        384
nrows        480
xllcorner    138.000000000000
yllcorner    -29.000000000000
cellsize     0.041666666667
NODATA_value -9999
[rows 264 to 285 of 480, columns 50 to 99 of 384]
37.7519989013671875 37.88800048828125 37.852001190185546875 37.712001800537109375 37.796001434326171875 37.94000244140625 38 38.020000457763671875 38.12400054931640625 38.1959991455078125 38.200000762939453125 38.184001922607421875 38.131999969482421875 38.220001220703125 38.327999114990234375 38.271999359130859375 38.215999603271484375 38.200000762939453125 38.200000762939453125 38.2480010986328125 38.2760009765625 38.299999237060546875 38.175998687744140625 38.063999176025390625 38.144001007080078125 38.26399993896484375 38.228000640869140625 38.411998748779296875 38.34799957275390625 38.287998199462890625 38.392002105712890625 38.40399932861328125 38.34400177001953125 38.259998321533203125 38.2239990234375 38.259998321533203125 38.200000762939453125 38.200000762939453125 38.1920013427734375 38.15599822998046875 38.055999755859375 37.948001861572265625 37.98400115966796875 38.020000457763671875 37.976001739501953125 37.944000244140625 38.01200103759765625 38.159999847412109375 38.172000885009765625 38.0800018310546875
37.65599822998046875 37.827999114990234375 37.771999359130859375 37.631999969482421875 37.672000885009765625 37.88800048828125 38 38.0279998779296875 38.175998687744140625 38.299999237060546875 38.268001556396484375 38.200000762939453125 38.200000762939453125 38.1959991455078125 38.2239990234375 38.29599761962890625 38.268001556396484375 38.231998443603515625 38.20800018310546875 38.12799835205078125 38.0839996337890625 38.15200042724609375 38.05999755859375 37.976001739501953125 38.076000213623046875 38.1399993896484375 38.1920013427734375 38.340000152587890625 38.3040008544921875 38.231998443603515625 38.26399993896484375 38.420001983642578125 38.4680023193359375 38.327999114990234375 38.2519989013671875 38.324001312255859375 38.2760009765625 38.240001678466796875 38.215999603271484375 38.175998687744140625 38.09999847412109375 38.091999053955078125 38.12400054931640625 38.231998443603515625 38.268001556396484375 38.115997314453125 38.107997894287109375 38.2480010986328125 38.40000152587890625 38.380001068115234375
37.73600006103515625 37.9160003662109375 37.768001556396484375 37.5879974365234375 37.700000762939453125 37.944000244140625 38.051998138427734375 38.06800079345703125 38.172000885009765625 38.2480010986328125 38.279998779296875 38.1959991455078125 38.1920013427734375 38.20800018310546875 38.200000762939453125 38.215999603271484375 38.327999114990234375 38.26399993896484375 38.135997772216796875 38.0319976806640625 37.936000823974609375 37.951999664306640625 37.964000701904296875 38.020000457763671875 38.28800201416015625 38.40399932861328125 38.368000030517578125 38.364002227783203125 38.33599853515625 38.355998992919921875 38.312000274658203125 38.340000152587890625 38.37200164794921875 38.3040008544921875 38.299999237060546875 38.33599853515625 38.40000152587890625 38.395999908447265625 38.355998992919921875 38.203998565673828125 38.1399993896484375 38.1399993896484375 38.119998931884765625 38.240001678466796875 38.299999237060546875 38.220001220703125 38.12400054931640625 38.243999481201171875 38.4120025634765625 38.4120025634765625
37.759998321533203125 37.93199920654296875 37.66400146484375 37.551998138427734375 37.779998779296875 38.04000091552734375 38.1399993896484375 38.187999725341796875 38.200000762939453125 38.212001800537109375 38.284000396728515625 38.2239990234375 38.220001220703125 38.271999359130859375 38.259998321533203125 38.271999359130859375 38.34799957275390625 38.200000762939453125 38.09600067138671875 38.12400054931640625 38.023998260498046875 37.93199920654296875 37.87599945068359375 37.95999908447265625 38.279998779296875 38.479999542236328125 38.43199920654296875 38.380001068115234375 38.40000152587890625 38.368000030517578125 38.38800048828125 38.34400177001953125 38.299999237060546875 38.299999237060546875 38.340000152587890625 38.355998992919921875 38.34799957275390625 38.299999237060546875 38.37200164794921875 38.37200164794921875 38.299999237060546875 38.332000732421875 38.259998321533203125 38.268001556396484375 38.268001556396484375 38.256000518798828125 38.215999603271484375 38.368000030517578125 38.5279998779296875 38.5
37.720001220703125 37.799999237060546875 37.6399993896484375 37.62799835205078125 37.812000274658203125 37.920001983642578125 38.051998138427734375 38.12400054931640625 38.16400146484375 38.20400238037109375 38.268001556396484375 38.332000732421875 38.299999237060546875 38.299999237060546875 38.384002685546875 38.392002105712890625 38.395999908447265625 38.215999603271484375 38.11199951171875 38.107997894287109375 38.04000091552734375 37.944000244140625 37.895999908447265625 38.01200103759765625 38.23600006103515625 38.45999908447265625 38.56800079345703125 38.548000335693359375 38.48799896240234375 38.38800048828125 38.420001983642578125 38.4680023193359375 38.44000244140625 38.37200164794921875 38.315998077392578125 38.40000152587890625 38.327999114990234375 38.299999237060546875 38.315998077392578125 38.404003143310546875 38.392002105712890625 38.45600128173828125 38.423999786376953125 38.3079986572265625 38.220001220703125 38.200000762939453125 38.2760009765625 38.37200164794921875 38.5 38.5
37.756000518798828125 37.535999298095703125 37.619998931884765625 37.615997314453125 37.672000885009765625 37.779998779296875 37.920001983642578125 38.004001617431640625 38.12799835205078125 38.200000762939453125 38.212001800537109375 38.2760009765625 38.299999237060546875 38.29199981689453125 38.31999969482421875 38.368000030517578125 38.380001068115234375 38.203998565673828125 38.05999755859375 38.055999755859375 38.04000091552734375 38.020000457763671875 38.007999420166015625 38.023998260498046875 38.159999847412109375 38.40399932861328125 38.579998016357421875 38.576000213623046875 38.48400115966796875 38.464000701904296875 38.4680023193359375 38.548000335693359375 38.59600067138671875 38.51200103759765625 38.384002685546875 38.33599853515625 38.327999114990234375 38.380001068115234375 38.327999114990234375 38.38800048828125 38.423999786376953125 38.48400115966796875 38.43199920654296875 38.4120025634765625 38.37200164794921875 38.299999237060546875 38.332000732421875 38.48400115966796875 38.5 38.4160003662109375
37.6920013427734375 37.548000335693359375 37.6920013427734375 37.6920013427734375 37.756000518798828125 37.852001190185546875 37.95600128173828125 38 38.09999847412109375 38.131999969482421875 38.200000762939453125 38.200000762939453125 38.203998565673828125 38.284000396728515625 38.299999237060546875 38.279998779296875 38.271999359130859375 38.167999267578125 38.004001617431640625 38.020000457763671875 38.15599822998046875 38.200000762939453125 38.05999755859375 38 38.159999847412109375 38.420001983642578125 38.5839996337890625 38.54399871826171875 38.44000244140625 38.48400115966796875 38.4720001220703125 38.5319976806640625 38.604000091552734375 38.576000213623046875 38.4680023193359375 38.40000152587890625 38.40000152587890625 38.43199920654296875 38.40000152587890625 38.44000244140625 38.420001983642578125 38.495998382568359375 38.5 38.45999908447265625 38.40000152587890625 38.256000518798828125 38.2480010986328125 38.392002105712890625 38.43199920654296875 38.395999908447265625
37.520000457763671875 37.644001007080078125 37.712001800537109375 37.65599822998046875 37.6399993896484375 37.799999237060546875 37.92800140380859375 38.01200103759765625 38.09999847412109375 38.15200042724609375 38.200000762939453125 38.175998687744140625 38.06800079345703125 38.2239990234375 38.215999603271484375 38.116001129150390625 38.079998016357421875 38.104000091552734375 38.12799835205078125 38.172000885009765625 38.231998443603515625 38.215999603271484375 38.159999847412109375 38.175998687744140625 38.26399993896484375 38.368000030517578125 38.555999755859375 38.5879974365234375 38.523998260498046875 38.5 38.448001861572265625 38.5 38.59999847412109375 38.563999176025390625 38.5 38.479999542236328125 38.479999542236328125 38.5 38.43199920654296875 38.408000946044921875 38.40000152587890625 38.476001739501953125 38.563999176025390625 38.4720001220703125 38.40000152587890625 38.26399993896484375 38.15599822998046875 38.26399993896484375 38.33599853515625 38.312000274658203125
37.576000213623046875 37.5879974365234375 37.507999420166015625 37.576000213623046875 37.68000030517578125 37.87599945068359375 37.98799896240234375 37.995998382568359375 38.091999053955078125 38.200000762939453125 38.1399993896484375 38.187999725341796875 38.11199951171875 38.215999603271484375 38.1959991455078125 38.095996856689453125 38.007999420166015625 37.995998382568359375 38.01599884033203125 38.035999298095703125 38.09999847412109375 38.1959991455078125 38.26399993896484375 38.352001190185546875 38.420001983642578125 38.40399932861328125 38.579998016357421875 38.68000030517578125 38.6399993896484375 38.615997314453125 38.51599884033203125 38.495998382568359375 38.5319976806640625 38.535999298095703125 38.54000091552734375 38.535999298095703125 38.5 38.5 38.5 38.48400115966796875 38.44000244140625 38.48400115966796875 38.54399871826171875 38.495998382568359375 38.408000946044921875 38.271999359130859375 38.104000091552734375 38.159999847412109375 38.2480010986328125 38.271999359130859375
37.48799896240234375 37.408000946044921875 37.408000946044921875 37.523998260498046875 37.62799835205078125 37.787998199462890625 37.9720001220703125 38.091999053955078125 38.1959991455078125 38.200000762939453125 38.175998687744140625 38.12799835205078125 38.055999755859375 38.088001251220703125 38.091999053955078125 38.0879974365234375 38.007999420166015625 37.923999786376953125 37.864002227783203125 37.9160003662109375 38.076000213623046875 38.200000762939453125 38.23600006103515625 38.268001556396484375 38.464000701904296875 38.591999053955078125 38.66400146484375 38.68000030517578125 38.6399993896484375 38.635997772216796875 38.579998016357421875 38.563999176025390625 38.54000091552734375 38.576000213623046875 38.6399993896484375 38.619998931884765625 38.551998138427734375 38.507999420166015625 38.535999298095703125 38.495998382568359375 38.4160003662109375 38.48799896240234375 38.5 38.5 38.420001983642578125 38.279998779296875 38.0879974365234375 38.091999053955078125 38.1920013427734375 38.15599822998046875
37.12799835205078125 37.20800018310546875 37.324001312255859375 37.392002105712890625 37.619998931884765625 37.855998992919921875 37.98400115966796875 38.104000091552734375 38.18000030517578125 38.1399993896484375 38.18000030517578125 38.16400146484375 38.01599884033203125 38 38.007999420166015625 38.0879974365234375 38.0879974365234375 37.93199920654296875 37.799999237060546875 37.87200164794921875 38.0279998779296875 38.16400146484375 38.256000518798828125 38.327999114990234375 38.520000457763671875 38.667999267578125 38.62400054931640625 38.59999847412109375 38.595996856689453125 38.675998687744140625 38.7239990234375 38.731998443603515625 38.720001220703125 38.720001220703125 38.700000762939453125 38.700000762939453125 38.675998687744140625 38.615997314453125 38.59999847412109375 38.608001708984375 38.619998931884765625 38.57199859619140625 38.5 38.5 38.45999908447265625 38.336002349853515625 38.2519989013671875 38.23600006103515625 38.187999725341796875 38.11199951171875
36.5240020751953125 36.98400115966796875 37.184001922607421875 37.28800201416015625 37.700000762939453125 37.9120025634765625 37.911998748779296875 37.967998504638671875 38.091999053955078125 38.091999053955078125 38.09600067138671875 38.147998809814453125 38.007999420166015625 38 38 38.076000213623046875 38.107997894287109375 38.023998260498046875 37.923999786376953125 38 38.09600067138671875 38.187999725341796875 38.31999969482421875 38.44000244140625 38.576000213623046875 38.59999847412109375 38.59999847412109375 38.607997894287109375 38.55999755859375 38.644001007080078125 38.703998565673828125 38.73600006103515625 38.79199981689453125 38.8079986572265625 38.787998199462890625 38.731998443603515625 38.703998565673828125 38.6399993896484375 38.700000762939453125 38.784000396728515625 38.743999481201171875 38.659999847412109375 38.535999298095703125 38.51200103759765625 38.451999664306640625 38.448001861572265625 38.495998382568359375 38.4120025634765625 38.284000396728515625 38.1959991455078125
36.48400115966796875 37.04000091552734375 37.119998931884765625 37.324001312255859375 37.768001556396484375 37.908000946044921875 37.784000396728515625 37.87200164794921875 38.01200103759765625 37.992000579833984375 37.9680023193359375 38.04000091552734375 37.9720001220703125 38 38 38.0319976806640625 38.091999053955078125 38.107997894287109375 38.12799835205078125 38.175998687744140625 38.2480010986328125 38.3600006103515625 38.4160003662109375 38.520000457763671875 38.595996856689453125 38.59999847412109375 38.59999847412109375 38.675998687744140625 38.644001007080078125 38.591999053955078125 38.54399871826171875 38.59999847412109375 38.7239990234375 38.799999237060546875 38.79599761962890625 38.73600006103515625 38.68000030517578125 38.607997894287109375 38.65200042724609375 38.7760009765625 38.720001220703125 38.675998687744140625 38.65200042724609375 38.595996856689453125 38.551998138427734375 38.57199859619140625 38.563999176025390625 38.48799896240234375 38.40399932861328125 38.240001678466796875
37.051998138427734375 36.98400115966796875 36.944000244140625 37.34400177001953125 37.73600006103515625 37.855998992919921875 37.79199981689453125 37.855998992919921875 37.895999908447265625 37.9160003662109375 37.944000244140625 38 38 38.063999176025390625 38.091999053955078125 38.1399993896484375 38.18000030517578125 38.228000640869140625 38.284000396728515625 38.327999114990234375 38.37599945068359375 38.48799896240234375 38.59999847412109375 38.607997894287109375 38.604000091552734375 38.59999847412109375 38.59999847412109375 38.659999847412109375 38.740001678466796875 38.644001007080078125 38.5279998779296875 38.579998016357421875 38.743999481201171875 38.8040008544921875 38.759998321533203125 38.6920013427734375 38.65599822998046875 38.619998931884765625 38.619998931884765625 38.759998321533203125 38.771999359130859375 38.647998809814453125 38.684001922607421875 38.615997314453125 38.59999847412109375 38.579998016357421875 38.56800079345703125 38.55999755859375 38.5279998779296875 38.355998992919921875
36.840000152587890625 36.815998077392578125 37.18399810791015625 37.44000244140625 37.5839996337890625 37.70800018310546875 37.779998779296875 37.731998443603515625 37.87200164794921875 37.95999908447265625 38.004001617431640625 38.063999176025390625 38.1399993896484375 38.095996856689453125 38.12799835205078125 38.184001922607421875 38.23600006103515625 38.299999237060546875 38.37599945068359375 38.4720001220703125 38.5319976806640625 38.51599884033203125 38.5879974365234375 38.6399993896484375 38.672000885009765625 38.59999847412109375 38.563999176025390625 38.619998931884765625 38.715999603271484375 38.667999267578125 38.59999847412109375 38.647998809814453125 38.743999481201171875 38.815998077392578125 38.743999481201171875 38.62400054931640625 38.5879974365234375 38.5279998779296875 38.591999053955078125 38.73600006103515625 38.8079986572265625 38.6959991455078125 38.700000762939453125 38.667999267578125 38.595996856689453125 38.48400115966796875 38.479999542236328125 38.5879974365234375 38.555999755859375 38.451999664306640625
36.6959991455078125 36.756000518798828125 37.21199798583984375 37.271999359130859375 37.3079986572265625 37.5279998779296875 37.644001007080078125 37.672000885009765625 37.84799957275390625 37.87200164794921875 38.0319976806640625 38.159999847412109375 38.0839996337890625 37.908000946044921875 37.9160003662109375 38.1399993896484375 38.2480010986328125 38.29599761962890625 38.327999114990234375 38.4120025634765625 38.495998382568359375 38.555999755859375 38.57199859619140625 38.66400146484375 38.667999267578125 38.59999847412109375 38.54399871826171875 38.59999847412109375 38.59999847412109375 38.59999847412109375 38.61199951171875 38.619998931884765625 38.687999725341796875 38.7239990234375 38.700000762939453125 38.61199951171875 38.59999847412109375 38.59999847412109375 38.59999847412109375 38.659999847412109375 38.700000762939453125 38.700000762939453125 38.68000030517578125 38.61199951171875 38.604000091552734375 38.5 38.4720001220703125 38.5839996337890625 38.548000335693359375 38.495998382568359375
36.667999267578125 36.90000152587890625 37.119998931884765625 36.87200164794921875 36.995998382568359375 37.243999481201171875 37.51200103759765625 37.728000640869140625 37.759998321533203125 37.728000640869140625 37.944000244140625 37.868000030517578125 37.743999481201171875 37.715999603271484375 37.936000823974609375 38.1920013427734375 38.1920013427734375 38.2480010986328125 38.299999237060546875 38.315998077392578125 38.451999664306640625 38.523998260498046875 38.520000457763671875 38.591999053955078125 38.59999847412109375 38.59999847412109375 38.59999847412109375 38.59999847412109375 38.59999847412109375 38.604000091552734375 38.604000091552734375 38.59999847412109375 38.684001922607421875 38.700000762939453125 38.65200042724609375 38.59999847412109375 38.59999847412109375 38.59999847412109375 38.59999847412109375 38.59999847412109375 38.6399993896484375 38.70400238037109375 38.700000762939453125 38.619998931884765625 38.65599822998046875 38.62400054931640625 38.576000213623046875 38.59999847412109375 38.59999847412109375 38.5279998779296875
36.83599853515625 37.04399871826171875 37.007999420166015625 36.936000823974609375 36.95600128173828125 37.06800079345703125 37.3600006103515625 37.6399993896484375 37.667999267578125 37.712001800537109375 37.824001312255859375 37.7239990234375 37.65200042724609375 37.675998687744140625 37.787998199462890625 37.98799896240234375 38.095996856689453125 38.220001220703125 38.31999969482421875 38.327999114990234375 38.340000152587890625 38.4720001220703125 38.5 38.520000457763671875 38.61199951171875 38.595996856689453125 38.59999847412109375 38.59999847412109375 38.615997314453125 38.672000885009765625 38.65599822998046875 38.684001922607421875 38.687999725341796875 38.667999267578125 38.635997772216796875 38.59999847412109375 38.59999847412109375 38.6399993896484375 38.591999053955078125 38.591999053955078125 38.59999847412109375 38.6399993896484375 38.615997314453125 38.619998931884765625 38.6959991455078125 38.6399993896484375 38.59999847412109375 38.607997894287109375 38.68000030517578125 38.6399993896484375
37 37.023998260498046875 36.911998748779296875 36.779998779296875 36.687999725341796875 36.796001434326171875 37.1360015869140625 37.48799896240234375 37.59600067138671875 37.883998870849609375 38.01599884033203125 37.93199920654296875 37.495998382568359375 37.492000579833984375 37.6959991455078125 37.979999542236328125 38.09999847412109375 38.271999359130859375 38.40000152587890625 38.34400177001953125 38.34400177001953125 38.5 38.5 38.51599884033203125 38.591999053955078125 38.51599884033203125 38.65200042724609375 38.684001922607421875 38.595996856689453125 38.555999755859375 38.59999847412109375 38.6920013427734375 38.687999725341796875 38.65599822998046875 38.68000030517578125 38.65599822998046875 38.647998809814453125 38.66400146484375 38.5279998779296875 38.523998260498046875 38.535999298095703125 38.576000213623046875 38.59999847412109375 38.59999847412109375 38.6399993896484375 38.700000762939453125 38.65599822998046875 38.59999847412109375 38.65599822998046875 38.700000762939453125
36.880001068115234375 36.675998687744140625 36.555999755859375 36.6399993896484375 36.703998565673828125 36.70800018310546875 36.992000579833984375 37.368000030517578125 37.436000823974609375 37.743999481201171875 37.840000152587890625 37.5839996337890625 37.420001983642578125 37.451999664306640625 37.607997894287109375 37.84799957275390625 38.055999755859375 38.271999359130859375 38.3600006103515625 38.380001068115234375 38.42800140380859375 38.495998382568359375 38.464000701904296875 38.5 38.504001617431640625 38.51599884033203125 38.659999847412109375 38.62799835205078125 38.5279998779296875 38.54399871826171875 38.619998931884765625 38.731998443603515625 38.73600006103515625 38.700000762939453125 38.731998443603515625 38.73600006103515625 38.76399993896484375 38.768001556396484375 38.684001922607421875 38.59999847412109375 38.59999847412109375 38.59999847412109375 38.59999847412109375 38.59999847412109375 38.672000885009765625 38.743999481201171875 38.740001678466796875 38.700000762939453125 38.700000762939453125 38.700000762939453125
36.84799957275390625 36.68399810791015625 36.675998687744140625 36.68000030517578125 36.995998382568359375 37.147998809814453125 37.1399993896484375 37.368000030517578125 37.54000091552734375 37.840000152587890625 37.88800048828125 37.607997894287109375 37.5279998779296875 37.507999420166015625 37.720001220703125 37.852001190185546875 37.976001739501953125 38.135997772216796875 38.268001556396484375 38.287998199462890625 38.355998992919921875 38.40399932861328125 38.332000732421875 38.395999908447265625 38.45600128173828125 38.555999755859375 38.604000091552734375 38.555999755859375 38.44000244140625 38.548000335693359375 38.65599822998046875 38.73600006103515625 38.73600006103515625 38.76399993896484375 38.880001068115234375 38.8600006103515625 38.812000274658203125 38.79599761962890625 38.715999603271484375 38.619998931884765625 38.675998687744140625 38.607997894287109375 38.59999847412109375 38.59999847412109375 38.61199951171875 38.659999847412109375 38.700000762939453125 38.700000762939453125 38.700000762939453125 38.700000762939453125
36.7760009765625 36.728000640869140625 36.7760009765625 36.992000579833984375 37.220001220703125 37.380001068115234375 37.34799957275390625 37.61199951171875 37.759998321533203125 37.852001190185546875 37.54000091552734375 37.299999237060546875 37.368000030517578125 37.40000152587890625 37.560001373291015625 37.756000518798828125 37.84400177001953125 38.032001495361328125 38.20800018310546875 38.284000396728515625 38.287998199462890625 38.243999481201171875 38.231998443603515625 38.29199981689453125 38.40000152587890625 38.45600128173828125 38.45999908447265625 38.45600128173828125 38.40000152587890625 38.51599884033203125 38.59999847412109375 38.635997772216796875 38.644001007080078125 38.731998443603515625 38.90000152587890625 38.855998992919921875 38.743999481201171875 38.715999603271484375 38.644001007080078125 38.59999847412109375 38.687999725341796875 38.6399993896484375 38.59999847412109375 38.631999969482421875 38.644001007080078125 38.687999725341796875 38.700000762939453125 38.700000762939453125 38.700000762939453125 38.700000762939453125
