data/maxtemp.asc
ncols        384
nrows        480
xllcorner    138.000000000000
yllcorner    -29.000000000000
cellsize     0.041666666667
NODATA_value -9999
[rows 418 to 439 of 480, columns 50 to 99 of 384]
38.9720001220703125 39.023998260498046875 39.0879974365234375 39.11199951171875 39.1920013427734375 39.220001220703125 39.15200042724609375 39.020000457763671875 38.8079986572265625 38.62400054931640625 38.4680023193359375 38.5839996337890625 38.48799896240234375 38.42800140380859375 38.352001190185546875 38.21199798583984375 38.119998931884765625 38.3079986572265625 38.340000152587890625 38.116001129150390625 38.023998260498046875 38.271999359130859375 38.535999298095703125 38.619998931884765625 38.84400177001953125 39.15599822998046875 39.20400238037109375 39.048000335693359375 38.908000946044921875 39.0319976806640625 38.9759979248046875 38.51200103759765625 38.2519989013671875 38.588001251220703125 38.923999786376953125 38.796001434326171875 38.644001007080078125 39.048000335693359375 38.976001739501953125 38.635997772216796875 38.6399993896484375 38.891998291015625 38.920001983642578125 38.936000823974609375 39.144001007080078125 39.2239990234375 39.18000030517578125 39.16400146484375 39.159999847412109375 39.167999267578125
39.107997894287109375 39.144001007080078125 39.15599822998046875 39.200000762939453125 39.240001678466796875 39.299999237060546875 39.256000518798828125 39.09999847412109375 38.868000030517578125 38.672000885009765625 38.59999847412109375 38.731998443603515625 38.631999969482421875 38.551998138427734375 38.44000244140625 38.4160003662109375 38.368000030517578125 38.3040008544921875 38.21199798583984375 38.107997894287109375 38.131999969482421875 38.26399993896484375 38.48799896240234375 38.659999847412109375 39.004001617431640625 39.215999603271484375 39.287998199462890625 39.187999725341796875 39.035999298095703125 39.0879974365234375 39.135997772216796875 38.979999542236328125 38.936000823974609375 39.187999725341796875 39.312000274658203125 39.131999969482421875 38.979999542236328125 39.172000885009765625 39.175998687744140625 38.65200042724609375 38.523998260498046875 38.532001495361328125 38.62799835205078125 38.923999786376953125 39.159999847412109375 39.20400238037109375 39.220001220703125 39.2760009765625 39.268001556396484375 39.200000762939453125
39.299999237060546875 39.3600006103515625 39.284000396728515625 39.20400238037109375 39.20400238037109375 39.279998779296875 39.287998199462890625 39.144001007080078125 38.9160003662109375 38.7760009765625 38.756000518798828125 38.8600006103515625 38.827999114990234375 38.6920013427734375 38.532001495361328125 38.33599853515625 38.1920013427734375 38.051998138427734375 38.079998016357421875 38.200000762939453125 38.268001556396484375 38.31600189208984375 38.555999755859375 38.768001556396484375 39.18399810791015625 39.352001190185546875 39.37599945068359375 39.287998199462890625 39.167999267578125 39.18000030517578125 39.159999847412109375 39.16400146484375 39.259998321533203125 39.38800048828125 39.408000946044921875 39.268001556396484375 39.107997894287109375 39.220001220703125 39.271999359130859375 38.964000701904296875 38.464000701904296875 38.268001556396484375 38.619998931884765625 39.007999420166015625 39.212001800537109375 39.203998565673828125 39.212001800537109375 39.29599761962890625 39.212001800537109375 39.12400054931640625
39.299999237060546875 39.299999237060546875 39.2480010986328125 39.212001800537109375 39.20800018310546875 39.200000762939453125 39.175998687744140625 39.023998260498046875 38.779998779296875 38.65200042724609375 38.59999847412109375 38.5240020751953125 38.5 38.451999664306640625 38.37200164794921875 38.144001007080078125 38.048000335693359375 38.079998016357421875 38.268001556396484375 38.315998077392578125 38.395999908447265625 38.40399932861328125 38.635997772216796875 38.951999664306640625 39.2239990234375 39.37599945068359375 39.40000152587890625 39.34799957275390625 39.228000640869140625 39.18000030517578125 39.104000091552734375 39.063999176025390625 39.107997894287109375 39.231998443603515625 39.284000396728515625 39.18399810791015625 39.0279998779296875 39.076000213623046875 39.1920013427734375 39.1360015869140625 38.631999969482421875 38.231998443603515625 38.6920013427734375 39.12400054931640625 39.200000762939453125 39.200000762939453125 39.20400238037109375 39.2239990234375 39.200000762939453125 39.23600006103515625
39.20800018310546875 39.2239990234375 39.20400238037109375 39.1959991455078125 39.184001922607421875 39.167999267578125 39.172000885009765625 38.992000579833984375 38.66400146484375 38.59999847412109375 38.420001983642578125 38.380001068115234375 38.384002685546875 38.40399932861328125 38.420001983642578125 38.231998443603515625 38.228000640869140625 38.296001434326171875 38.40000152587890625 38.45999908447265625 38.4680023193359375 38.5 38.7480010986328125 39.1360015869140625 39.268001556396484375 39.33599853515625 39.404003143310546875 39.340000152587890625 39.243999481201171875 39.12799835205078125 39.0279998779296875 39.023998260498046875 39.095996856689453125 39.15599822998046875 39.187999725341796875 39.055999755859375 38.852001190185546875 38.855998992919921875 38.9720001220703125 39.04399871826171875 38.855998992919921875 38.29199981689453125 38.728000640869140625 39.172000885009765625 39.15599822998046875 39.1399993896484375 39.15599822998046875 39.15200042724609375 39.212001800537109375 39.256000518798828125
39.16400146484375 39.091999053955078125 39.05999755859375 39.05999755859375 39.131999969482421875 39.2480010986328125 39.26399993896484375 39.11199951171875 38.84400177001953125 38.66400146484375 38.476001739501953125 38.408000946044921875 38.520000457763671875 38.563999176025390625 38.423999786376953125 38.364002227783203125 38.40000152587890625 38.476001739501953125 38.5 38.548000335693359375 38.59600067138671875 38.548000335693359375 38.812000274658203125 39.167999267578125 39.2760009765625 39.29599761962890625 39.384002685546875 39.33599853515625 39.2519989013671875 39.076000213623046875 38.92800140380859375 38.948001861572265625 39.020000457763671875 39.048000335693359375 39.09999847412109375 39.0319976806640625 38.743999481201171875 38.712001800537109375 38.756000518798828125 38.8040008544921875 38.95999908447265625 38.675998687744140625 38.8639984130859375 39.15599822998046875 39.104000091552734375 39.0839996337890625 39.1920013427734375 39.1920013427734375 39.200000762939453125 39.200000762939453125
38.979999542236328125 39.004001617431640625 38.979999542236328125 38.98799896240234375 39.09999847412109375 39.2480010986328125 39.240001678466796875 39.007999420166015625 38.715999603271484375 38.607997894287109375 38.548000335693359375 38.555999755859375 38.61199951171875 38.647998809814453125 38.523998260498046875 38.5319976806640625 38.535999298095703125 38.615997314453125 38.6920013427734375 38.703998565673828125 38.703998565673828125 38.6399993896484375 38.81999969482421875 39.079998016357421875 39.1959991455078125 39.284000396728515625 39.332000732421875 39.29199981689453125 39.18000030517578125 38.979999542236328125 38.920001983642578125 38.95999908447265625 38.920001983642578125 38.95600128173828125 39.079998016357421875 39.020000457763671875 38.720001220703125 38.672000885009765625 38.57199859619140625 38.551998138427734375 38.88800048828125 38.8600006103515625 38.908000946044921875 39.09999847412109375 39.063999176025390625 39.11199951171875 39.159999847412109375 39.079998016357421875 39.107997894287109375 39.119998931884765625
38.728000640869140625 38.84799957275390625 38.87200164794921875 38.908000946044921875 39.048000335693359375 39.1399993896484375 39.12799835205078125 39.020000457763671875 38.864002227783203125 38.731998443603515625 38.756000518798828125 38.812000274658203125 38.812000274658203125 38.8079986572265625 38.824001312255859375 38.73600006103515625 38.667999267578125 38.768001556396484375 38.83599853515625 38.88800048828125 38.923999786376953125 38.840000152587890625 38.84799957275390625 39.063999176025390625 39.187999725341796875 39.2239990234375 39.256000518798828125 39.2760009765625 39.15599822998046875 39.0279998779296875 39.020000457763671875 38.979999542236328125 38.90000152587890625 38.92800140380859375 39.0279998779296875 38.88800048828125 38.616001129150390625 38.647998809814453125 38.448001861572265625 38.408000946044921875 38.65200042724609375 38.88800048828125 39.004001617431640625 39.15599822998046875 39.091999053955078125 39.1399993896484375 39.12799835205078125 38.98799896240234375 39.04000091552734375 39.104000091552734375
38.796001434326171875 38.756000518798828125 38.83599853515625 38.976001739501953125 39.035999298095703125 39.104000091552734375 39.144001007080078125 39.1959991455078125 39.16400146484375 38.9720001220703125 38.964000701904296875 39.055999755859375 39.116001129150390625 39.119998931884765625 39.15599822998046875 39.088001251220703125 39.032001495361328125 39.0800018310546875 39.12799835205078125 39.18000030517578125 39.2239990234375 39.212001800537109375 39.212001800537109375 39.28800201416015625 39.2480010986328125 39.228000640869140625 39.184001922607421875 39.159999847412109375 39.187999725341796875 39.18399810791015625 39.159999847412109375 39.04000091552734375 38.87599945068359375 38.81600189208984375 38.836002349853515625 38.659999847412109375 38.479999542236328125 38.51200103759765625 38.495998382568359375 38.548000335693359375 38.6360015869140625 38.8079986572265625 38.9720001220703125 39.144001007080078125 39.076000213623046875 39.09999847412109375 39.09600067138671875 38.9720001220703125 39.04399871826171875 39.055999755859375
38.98799896240234375 38.8600006103515625 38.908000946044921875 39 39.055999755859375 39.147998809814453125 39.20400238037109375 39.2519989013671875 39.299999237060546875 39.243999481201171875 39.18399810791015625 39.243999481201171875 39.332000732421875 39.384002685546875 39.420001983642578125 39.364002227783203125 39.312000274658203125 39.355998992919921875 39.404003143310546875 39.43199920654296875 39.479999542236328125 39.507999420166015625 39.5 39.45600128173828125 39.352001190185546875 39.279998779296875 39.1399993896484375 39.104000091552734375 39.2239990234375 39.315998077392578125 39.312000274658203125 39.16400146484375 38.95600128173828125 38.76399993896484375 38.712001800537109375 38.5839996337890625 38.520000457763671875 38.476001739501953125 38.616001129150390625 38.939998626708984375 38.8639984130859375 38.832000732421875 38.944000244140625 39.04399871826171875 39.0839996337890625 39.09600067138671875 39.035999298095703125 38.98799896240234375 38.995998382568359375 38.87599945068359375
38.8600006103515625 38.908000946044921875 38.9720001220703125 39 39.076000213623046875 39.1399993896484375 39.15599822998046875 39.15200042724609375 39.256000518798828125 39.380001068115234375 39.31999969482421875 39.299999237060546875 39.37599945068359375 39.40000152587890625 39.479999542236328125 39.476001739501953125 39.40000152587890625 39.404003143310546875 39.5 39.576000213623046875 39.631999969482421875 39.604000091552734375 39.535999298095703125 39.448001861572265625 39.37200164794921875 39.2480010986328125 39.131999969482421875 39.159999847412109375 39.268001556396484375 39.384002685546875 39.40000152587890625 39.340000152587890625 39.18000030517578125 39.01599884033203125 38.880001068115234375 38.591999053955078125 38.5879974365234375 38.520000457763671875 38.84799957275390625 39.05999755859375 39.0839996337890625 38.95600128173828125 38.964000701904296875 38.9160003662109375 39.07199859619140625 39.104000091552734375 39 39 38.95600128173828125 38.6959991455078125
38.815998077392578125 38.827999114990234375 38.81600189208984375 38.852001190185546875 38.95600128173828125 38.992000579833984375 39.04000091552734375 39.09999847412109375 39.16400146484375 39.287998199462890625 39.299999237060546875 39.312000274658203125 39.31999969482421875 39.364002227783203125 39.451999664306640625 39.48400115966796875 39.40000152587890625 39.45600128173828125 39.57199859619140625 39.647998809814453125 39.700000762939453125 39.65599822998046875 39.563999176025390625 39.451999664306640625 39.299999237060546875 39.16400146484375 39.115997314453125 39.23600006103515625 39.395999908447265625 39.4680023193359375 39.504001617431640625 39.5 39.43199920654296875 39.299999237060546875 39.076000213623046875 38.66400146484375 38.464000701904296875 38.40399932861328125 38.78800201416015625 39.007999420166015625 39.007999420166015625 38.967998504638671875 38.799999237060546875 38.8040008544921875 38.95600128173828125 39.079998016357421875 39.09999847412109375 39.023998260498046875 38.892002105712890625 38.700000762939453125
38.700000762939453125 38.535999298095703125 38.167999267578125 38.23600006103515625 38.576000213623046875 38.759998321533203125 38.911998748779296875 39.079998016357421875 39.15599822998046875 39.200000762939453125 39.240001678466796875 39.299999237060546875 39.299999237060546875 39.324001312255859375 39.4160003662109375 39.404003143310546875 39.40000152587890625 39.504001617431640625 39.59999847412109375 39.604000091552734375 39.62400054931640625 39.563999176025390625 39.495998382568359375 39.380001068115234375 39.172000885009765625 39.07199859619140625 39.15599822998046875 39.327999114990234375 39.504001617431640625 39.59999847412109375 39.59999847412109375 39.59999847412109375 39.5319976806640625 39.444000244140625 39.268001556396484375 38.895999908447265625 38.444000244140625 38.343997955322265625 38.659999847412109375 38.923999786376953125 38.895999908447265625 38.832000732421875 38.796001434326171875 38.8040008544921875 38.855998992919921875 39 39.0879974365234375 38.90000152587890625 38.591999053955078125 38.408000946044921875
38.26399993896484375 38.04399871826171875 37.3639984130859375 37.56800079345703125 38.34400177001953125 38.588001251220703125 38.604000091552734375 38.83599853515625 39.04399871826171875 39.15599822998046875 39.1920013427734375 39.2480010986328125 39.220001220703125 39.29199981689453125 39.33599853515625 39.3600006103515625 39.395999908447265625 39.451999664306640625 39.54000091552734375 39.5279998779296875 39.51599884033203125 39.45600128173828125 39.380001068115234375 39.312000274658203125 39.15599822998046875 39.095996856689453125 39.172000885009765625 39.2239990234375 39.3600006103515625 39.327999114990234375 39.3639984130859375 39.51599884033203125 39.56800079345703125 39.5 39.43199920654296875 39.116001129150390625 38.560001373291015625 38.352001190185546875 38.616001129150390625 38.815998077392578125 38.720001220703125 38.779998779296875 38.855998992919921875 38.76399993896484375 38.715999603271484375 38.936000823974609375 39.09999847412109375 38.908000946044921875 38.507999420166015625 38.228000640869140625
38.447998046875 38.6360015869140625 38.40399932861328125 38.51200103759765625 38.68399810791015625 38.368000030517578125 38.09999847412109375 38.40000152587890625 38.951999664306640625 39.076000213623046875 39.09999847412109375 39.119998931884765625 39.115997314453125 39.1959991455078125 39.2480010986328125 39.29199981689453125 39.324001312255859375 39.3600006103515625 39.395999908447265625 39.420001983642578125 39.40000152587890625 39.395999908447265625 39.299999237060546875 39.243999481201171875 39.131999969482421875 39.119998931884765625 39.200000762939453125 39.187999725341796875 39.09999847412109375 38.812000274658203125 38.87599945068359375 39.3040008544921875 39.51599884033203125 39.507999420166015625 39.51599884033203125 39.26000213623046875 38.672000885009765625 38.42800140380859375 38.62400054931640625 38.824001312255859375 38.892002105712890625 38.8639984130859375 38.8040008544921875 38.895999908447265625 39.007999420166015625 39.116001129150390625 39.091999053955078125 38.920001983642578125 38.647998809814453125 38.296001434326171875
38.687999725341796875 38.740001678466796875 38.507999420166015625 38.607997894287109375 38.812000274658203125 38.832000732421875 38.852001190185546875 38.92800140380859375 39.0839996337890625 39.09999847412109375 39.09999847412109375 39.09999847412109375 39.09999847412109375 39.09999847412109375 39.119998931884765625 39.228000640869140625 39.299999237060546875 39.29599761962890625 39.2480010986328125 39.1959991455078125 39.172000885009765625 39.271999359130859375 39.284000396728515625 39.284000396728515625 39.18000030517578125 39.1920013427734375 39.200000762939453125 39.200000762939453125 39.187999725341796875 39.172000885009765625 39.259998321533203125 39.384002685546875 39.45600128173828125 39.507999420166015625 39.54000091552734375 39.279998779296875 38.712001800537109375 38.4120025634765625 38.48799896240234375 38.6959991455078125 38.92800140380859375 39.11199951171875 38.908000946044921875 38.84400177001953125 39.172000885009765625 39.296001434326171875 39.147998809814453125 38.911998748779296875 38.608001708984375 38.31999969482421875
38.700000762939453125 38.61199951171875 37.979999542236328125 38.21199798583984375 38.895999908447265625 39.055999755859375 39.079998016357421875 39.091999053955078125 39.09999847412109375 39.095996856689453125 39.09999847412109375 39.09999847412109375 39.09999847412109375 39.09999847412109375 39.09999847412109375 39.215999603271484375 39.312000274658203125 39.315998077392578125 39.203998565673828125 38.995998382568359375 38.8600006103515625 38.92800140380859375 39.079998016357421875 39.240001678466796875 39.29599761962890625 39.26399993896484375 39.187999725341796875 39.200000762939453125 39.2519989013671875 39.299999237060546875 39.364002227783203125 39.368000030517578125 39.34799957275390625 39.408000946044921875 39.448001861572265625 39.26399993896484375 38.731998443603515625 38.451999664306640625 38.42800140380859375 38.548000335693359375 38.868000030517578125 39.200000762939453125 38.868000030517578125 38.799999237060546875 39.108001708984375 39.37599945068359375 39.324001312255859375 39.032001495361328125 38.631999969482421875 38.368000030517578125
38.756000518798828125 38.66400146484375 38.259998321533203125 37.98799896240234375 38.467998504638671875 39.095996856689453125 39.09999847412109375 39.0839996337890625 39.095996856689453125 39.09999847412109375 39.09999847412109375 39.09999847412109375 39.09999847412109375 39.09999847412109375 39.11199951171875 39.200000762939453125 39.268001556396484375 39.299999237060546875 39.243999481201171875 39.048000335693359375 38.81999969482421875 38.712001800537109375 38.812000274658203125 38.979999542236328125 39.1360015869140625 39.18000030517578125 39.115997314453125 39.187999725341796875 39.20400238037109375 39.256000518798828125 39.287998199462890625 39.203998565673828125 39.12799835205078125 39.200000762939453125 39.327999114990234375 39.299999237060546875 38.88800048828125 38.591999053955078125 38.48799896240234375 38.591999053955078125 38.920001983642578125 39.147998809814453125 39.0319976806640625 39.04399871826171875 39.16400146484375 39.37200164794921875 39.4680023193359375 39.243999481201171875 38.8639984130859375 38.576000213623046875
38.815998077392578125 38.37599945068359375 37.548000335693359375 37.551998138427734375 38.448001861572265625 39.04000091552734375 39.0839996337890625 39.07199859619140625 39.035999298095703125 39.12400054931640625 39.167999267578125 39.09999847412109375 39.09999847412109375 39.09999847412109375 39.147998809814453125 39.220001220703125 39.29599761962890625 39.243999481201171875 39.135997772216796875 38.98400115966796875 38.796001434326171875 38.507999420166015625 38.467998504638671875 38.62799835205078125 38.880001068115234375 39 38.98799896240234375 39.048000335693359375 39.09999847412109375 39.079998016357421875 39.107997894287109375 39.048000335693359375 39.004001617431640625 39.144001007080078125 39.31999969482421875 39.33599853515625 39.0839996337890625 38.7519989013671875 38.520000457763671875 38.423999786376953125 38.700000762939453125 38.976001739501953125 39.04399871826171875 39.11199951171875 39.220001220703125 39.40399932861328125 39.4680023193359375 39.284000396728515625 38.98799896240234375 38.667999267578125
38.812000274658203125 38.62799835205078125 38.352001190185546875 38.439998626708984375 38.812000274658203125 39.01599884033203125 39.063999176025390625 39.063999176025390625 39.0879974365234375 39.09999847412109375 39.09999847412109375 39.09999847412109375 39.104000091552734375 39.18000030517578125 39.215999603271484375 39.287998199462890625 39.299999237060546875 39.104000091552734375 38.90399932861328125 38.6959991455078125 38.48400115966796875 38.312000274658203125 38.21199798583984375 38.284000396728515625 38.54000091552734375 38.667999267578125 38.667999267578125 38.700000762939453125 38.7519989013671875 38.743999481201171875 38.667999267578125 38.68000030517578125 38.796001434326171875 39.035999298095703125 39.324001312255859375 39.352001190185546875 39.167999267578125 38.923999786376953125 38.644001007080078125 38.48400115966796875 38.555999755859375 38.824001312255859375 38.892002105712890625 38.995998382568359375 39.203998565673828125 39.4720001220703125 39.579998016357421875 39.391998291015625 38.995998382568359375 38.492000579833984375
38.79199981689453125 38.799999237060546875 38.852001190185546875 38.895999908447265625 38.964000701904296875 39.06800079345703125 39.079998016357421875 39.0879974365234375 39.091999053955078125 39.09999847412109375 39.091999053955078125 39.09999847412109375 39.09999847412109375 39.12799835205078125 39.159999847412109375 39.215999603271484375 39.1959991455078125 38.967998504638671875 38.672000885009765625 38.436000823974609375 38.2519989013671875 38.07199859619140625 37.908000946044921875 37.939998626708984375 38.048000335693359375 38.07199859619140625 38.147998809814453125 38.200000762939453125 38.200000762939453125 38.203998565673828125 38.1399993896484375 38.284000396728515625 38.62799835205078125 39.01599884033203125 39.355998992919921875 39.4120025634765625 39.336002349853515625 39.212001800537109375 38.9160003662109375 38.68000030517578125 38.61199951171875 38.768001556396484375 38.768001556396484375 38.768001556396484375 39.104000091552734375 39.45999908447265625 39.59999847412109375 39.464000701904296875 39.131999969482421875 38.83599853515625
38.787998199462890625 38.824001312255859375 38.884002685546875 38.880001068115234375 38.95600128173828125 39.076000213623046875 39.079998016357421875 39.091999053955078125 39.095996856689453125 39.091999053955078125 39.07199859619140625 39.09999847412109375 39.131999969482421875 39.167999267578125 39.11199951171875 39.076000213623046875 39.0279998779296875 38.812000274658203125 38.54399871826171875 38.332000732421875 38.07199859619140625 37.83599853515625 37.720001220703125 37.663997650146484375 37.61199951171875 37.6920013427734375 37.84799957275390625 37.951999664306640625 37.95999908447265625 37.923999786376953125 38.035999298095703125 38.215999603271484375 38.62799835205078125 39.0800018310546875 39.368000030517578125 39.495998382568359375 39.492000579833984375 39.42800140380859375 39.271999359130859375 39.079998016357421875 38.840000152587890625 38.784000396728515625 38.779998779296875 38.659999847412109375 38.840000152587890625 39.231998443603515625 39.548000335693359375 39.451999664306640625 39.18399810791015625 39.020000457763671875
