data/maxtemp.asc
ncols        384
nrows        480
xllcorner    138.000000000000
yllcorner    -29.000000000000
cellsize     0.041666666667
NODATA_value -9999
[rows 220 to 241 of 480, columns 50 to 99 of 384]
36.79199981689453125 36.799999237060546875 36.731998443603515625 36.87200164794921875 36.979999542236328125 36.923999786376953125 36.79199981689453125 36.675998687744140625 36.796001434326171875 36.98400115966796875 37.004001617431640625 37.004001617431640625 36.892002105712890625 36.720001220703125 36.76399993896484375 36.8040008544921875 36.8079986572265625 36.936000823974609375 37.079998016357421875 37 36.948001861572265625 36.9680023193359375 36.93199920654296875 36.84400177001953125 37.076000213623046875 37.12799835205078125 37.15599822998046875 37.200000762939453125 37.200000762939453125 37.184001922607421875 37.107997894287109375 37.05999755859375 37.07199859619140625 37.119998931884765625 37.16400146484375 37.095996856689453125 37.04000091552734375 36.995998382568359375 37 37.07199859619140625 37.023998260498046875 36.948001861572265625 36.87599945068359375 36.883998870849609375 36.944000244140625 36.944000244140625 36.92800140380859375 37.007999420166015625 37.1959991455078125 37.40000152587890625
36.796001434326171875 36.84400177001953125 36.8040008544921875 36.964000701904296875 36.908000946044921875 36.667999267578125 36.7480010986328125 36.84400177001953125 36.9720001220703125 37.187999725341796875 37.284000396728515625 37.2519989013671875 37.172000885009765625 36.81600189208984375 36.868000030517578125 36.840000152587890625 36.768001556396484375 36.98799896240234375 37.18399810791015625 37.15599822998046875 37.175998687744140625 37.11199951171875 37.09999847412109375 37.06800079345703125 37.1920013427734375 37.200000762939453125 37.228000640869140625 37.324001312255859375 37.287998199462890625 37.284000396728515625 37.215999603271484375 37.215999603271484375 37.1959991455078125 37.159999847412109375 37.167999267578125 37.159999847412109375 37.215999603271484375 37.18399810791015625 37.107997894287109375 37.104000091552734375 37.15599822998046875 37.159999847412109375 37.119998931884765625 37.131999969482421875 37.200000762939453125 37.220001220703125 37.220001220703125 37.26399993896484375 37.31600189208984375 37.408000946044921875
36.979999542236328125 36.98400115966796875 37.06800079345703125 37.15200042724609375 36.90000152587890625 36.615997314453125 36.743999481201171875 36.880001068115234375 37.15200042724609375 37.392002105712890625 37.40000152587890625 37.4120025634765625 37.336002349853515625 36.951999664306640625 37.032001495361328125 36.9160003662109375 36.799999237060546875 37.104000091552734375 37.355998992919921875 37.380001068115234375 37.3079986572265625 37.1959991455078125 37.2480010986328125 37.231998443603515625 37.271999359130859375 37.3079986572265625 37.31999969482421875 37.368000030517578125 37.33599853515625 37.3040008544921875 37.296001434326171875 37.299999237060546875 37.29599761962890625 37.23600006103515625 37.259998321533203125 37.299999237060546875 37.43199920654296875 37.420001983642578125 37.33599853515625 37.2760009765625 37.38800048828125 37.408000946044921875 37.368000030517578125 37.3600006103515625 37.436000823974609375 37.45600128173828125 37.444000244140625 37.45600128173828125 37.4680023193359375 37.5279998779296875
37.200000762939453125 37.259998321533203125 37.352001190185546875 37.315998077392578125 36.9720001220703125 36.7480010986328125 36.79599761962890625 36.812000274658203125 36.98400115966796875 37.340000152587890625 37.4160003662109375 37.451999664306640625 37.29199981689453125 37.04000091552734375 37.167999267578125 37.007999420166015625 36.880001068115234375 37.18000030517578125 37.40000152587890625 37.33599853515625 37.231998443603515625 37.203998565673828125 37.29199981689453125 37.37599945068359375 37.37599945068359375 37.40000152587890625 37.40000152587890625 37.40000152587890625 37.420001983642578125 37.4160003662109375 37.45999908447265625 37.43199920654296875 37.34400177001953125 37.3600006103515625 37.423999786376953125 37.51599884033203125 37.631999969482421875 37.644001007080078125 37.65200042724609375 37.59600067138671875 37.6399993896484375 37.5279998779296875 37.448001861572265625 37.479999542236328125 37.5839996337890625 37.604000091552734375 37.59999847412109375 37.563999176025390625 37.54399871826171875 37.631999969482421875
37.15200042724609375 37.09999847412109375 37.1920013427734375 37.332000732421875 37.147998809814453125 36.95999908447265625 36.8600006103515625 36.8040008544921875 36.936000823974609375 37.18000030517578125 37.259998321533203125 37.34799957275390625 37.3040008544921875 37.243999481201171875 37.31999969482421875 37.200000762939453125 37.091999053955078125 37.23999786376953125 37.40000152587890625 37.420001983642578125 37.420001983642578125 37.408000946044921875 37.40000152587890625 37.495998382568359375 37.48400115966796875 37.448001861572265625 37.4120025634765625 37.4120025634765625 37.5 37.5879974365234375 37.607997894287109375 37.548000335693359375 37.51200103759765625 37.579998016357421875 37.61199951171875 37.720001220703125 37.9160003662109375 37.948001861572265625 37.87200164794921875 37.84799957275390625 37.79199981689453125 37.7480010986328125 37.62400054931640625 37.504001617431640625 37.535999298095703125 37.55999755859375 37.55999755859375 37.56800079345703125 37.591999053955078125 37.6959991455078125
37.11199951171875 37.16400146484375 37.212001800537109375 37.18000030517578125 37.167999267578125 37.15200042724609375 37.023998260498046875 36.9160003662109375 37.020000457763671875 37.0839996337890625 37.11199951171875 37.23600006103515625 37.3040008544921875 37.279998779296875 37.38800048828125 37.368000030517578125 37.259998321533203125 37.37599945068359375 37.523998260498046875 37.579998016357421875 37.59999847412109375 37.555999755859375 37.451999664306640625 37.5319976806640625 37.6399993896484375 37.59600067138671875 37.51599884033203125 37.448001861572265625 37.423999786376953125 37.5839996337890625 37.68000030517578125 37.5879974365234375 37.504001617431640625 37.523998260498046875 37.56800079345703125 37.65599822998046875 37.79199981689453125 37.855998992919921875 37.87200164794921875 37.90000152587890625 37.8040008544921875 37.73600006103515625 37.579998016357421875 37.444000244140625 37.404003143310546875 37.444000244140625 37.45600128173828125 37.44000244140625 37.51599884033203125 37.607997894287109375
37.104000091552734375 37.18000030517578125 37.200000762939453125 37.1959991455078125 37.20800018310546875 37.15599822998046875 37.0279998779296875 36.92800140380859375 37.01200103759765625 37.115997314453125 37.095996856689453125 37.184001922607421875 37.284000396728515625 37.23600006103515625 37.40000152587890625 37.423999786376953125 37.45600128173828125 37.535999298095703125 37.6959991455078125 37.759998321533203125 37.59999847412109375 37.563999176025390625 37.619998931884765625 37.615997314453125 37.759998321533203125 37.7239990234375 37.65599822998046875 37.56800079345703125 37.4720001220703125 37.54000091552734375 37.5839996337890625 37.591999053955078125 37.595996856689453125 37.595996856689453125 37.62799835205078125 37.70400238037109375 37.65200042724609375 37.7239990234375 37.787998199462890625 37.87599945068359375 37.771999359130859375 37.65200042724609375 37.56800079345703125 37.48799896240234375 37.45999908447265625 37.464000701904296875 37.448001861572265625 37.44000244140625 37.476001739501953125 37.535999298095703125
37.1920013427734375 37.135997772216796875 37.187999725341796875 37.279998779296875 37.18399810791015625 37.0839996337890625 37.172000885009765625 37.09999847412109375 37.007999420166015625 37.020000457763671875 37.12799835205078125 37.287998199462890625 37.3079986572265625 37.38800048828125 37.51200103759765625 37.647998809814453125 37.756000518798828125 37.687999725341796875 37.715999603271484375 37.827999114990234375 37.687999725341796875 37.631999969482421875 37.70400238037109375 37.73600006103515625 37.824001312255859375 37.787998199462890625 37.619998931884765625 37.51200103759765625 37.5 37.54399871826171875 37.504001617431640625 37.54399871826171875 37.59999847412109375 37.520000457763671875 37.48799896240234375 37.595996856689453125 37.6399993896484375 37.66400146484375 37.7519989013671875 37.768001556396484375 37.62400054931640625 37.591999053955078125 37.59999847412109375 37.591999053955078125 37.595996856689453125 37.65599822998046875 37.66400146484375 37.62799835205078125 37.54399871826171875 37.48799896240234375
37.279998779296875 37.240001678466796875 37.284000396728515625 37.408000946044921875 37.312000274658203125 37.172000885009765625 37.287998199462890625 37.34400177001953125 37.159999847412109375 37.119998931884765625 37.23600006103515625 37.38800048828125 37.40000152587890625 37.476001739501953125 37.57199859619140625 37.684001922607421875 37.784000396728515625 37.66400146484375 37.65200042724609375 37.787998199462890625 37.81999969482421875 37.759998321533203125 37.771999359130859375 37.84799957275390625 37.92800140380859375 37.93199920654296875 37.663997650146484375 37.555999755859375 37.54399871826171875 37.6399993896484375 37.51599884033203125 37.520000457763671875 37.631999969482421875 37.61199951171875 37.54000091552734375 37.59999847412109375 37.5879974365234375 37.555999755859375 37.631999969482421875 37.5879974365234375 37.51200103759765625 37.495998382568359375 37.548000335693359375 37.5879974365234375 37.631999969482421875 37.728000640869140625 37.771999359130859375 37.659999847412109375 37.59999847412109375 37.523998260498046875
37.3079986572265625 37.34400177001953125 37.38800048828125 37.479999542236328125 37.380001068115234375 37.200000762939453125 37.18000030517578125 37.144001007080078125 37.144001007080078125 37.256000518798828125 37.444000244140625 37.504001617431640625 37.535999298095703125 37.436000823974609375 37.40399932861328125 37.591999053955078125 37.759998321533203125 37.7480010986328125 37.7480010986328125 37.8079986572265625 37.799999237060546875 37.812000274658203125 37.799999237060546875 37.784000396728515625 37.84799957275390625 37.8600006103515625 37.756000518798828125 37.65599822998046875 37.667999267578125 37.6959991455078125 37.555999755859375 37.59600067138671875 37.7239990234375 37.667999267578125 37.555999755859375 37.5279998779296875 37.48400115966796875 37.420001983642578125 37.44000244140625 37.4680023193359375 37.5 37.436000823974609375 37.436000823974609375 37.44000244140625 37.54000091552734375 37.659999847412109375 37.6920013427734375 37.631999969482421875 37.523998260498046875 37.444000244140625
37.448001861572265625 37.4720001220703125 37.42800140380859375 37.45600128173828125 37.4120025634765625 37.220001220703125 37.051998138427734375 36.92800140380859375 37.0319976806640625 37.220001220703125 37.476001739501953125 37.631999969482421875 37.7480010986328125 37.687999725341796875 37.4720001220703125 37.607997894287109375 37.6920013427734375 37.6920013427734375 37.855998992919921875 37.964000701904296875 37.8600006103515625 37.948001861572265625 37.883998870849609375 37.799999237060546875 37.799999237060546875 37.73600006103515625 37.667999267578125 37.55999755859375 37.57199859619140625 37.631999969482421875 37.495998382568359375 37.532001495361328125 37.731998443603515625 37.827999114990234375 37.70800018310546875 37.54000091552734375 37.4160003662109375 37.40000152587890625 37.436000823974609375 37.495998382568359375 37.5 37.479999542236328125 37.479999542236328125 37.464000701904296875 37.5 37.55999755859375 37.563999176025390625 37.548000335693359375 37.535999298095703125 37.451999664306640625
37.551998138427734375 37.5879974365234375 37.4720001220703125 37.48799896240234375 37.5319976806640625 37.40399932861328125 37.187999725341796875 37.032001495361328125 37.06800079345703125 37.215999603271484375 37.520000457763671875 37.7480010986328125 37.812000274658203125 37.76399993896484375 37.675998687744140625 37.59600067138671875 37.548000335693359375 37.604000091552734375 37.855998992919921875 38.007999420166015625 37.948001861572265625 38.055999755859375 38.079998016357421875 37.939998626708984375 37.864002227783203125 37.787998199462890625 37.759998321533203125 37.631999969482421875 37.6399993896484375 37.55999755859375 37.43199920654296875 37.476001739501953125 37.6920013427734375 37.799999237060546875 37.647998809814453125 37.448001861572265625 37.384002685546875 37.352001190185546875 37.4120025634765625 37.4720001220703125 37.520000457763671875 37.507999420166015625 37.5 37.520000457763671875 37.5319976806640625 37.576000213623046875 37.576000213623046875 37.5 37.504001617431640625 37.420001983642578125
37.504001617431640625 37.5879974365234375 37.62400054931640625 37.6399993896484375 37.631999969482421875 37.5279998779296875 37.4120025634765625 37.37599945068359375 37.31600189208984375 37.383998870849609375 37.59999847412109375 37.923999786376953125 37.95999908447265625 37.964000701904296875 37.840000152587890625 37.715999603271484375 37.66400146484375 37.6959991455078125 37.87200164794921875 38.079998016357421875 38.09999847412109375 38.079998016357421875 38.12400054931640625 38.07199859619140625 37.95600128173828125 37.908000946044921875 37.884002685546875 37.768001556396484375 37.76399993896484375 37.563999176025390625 37.404003143310546875 37.51200103759765625 37.712001800537109375 37.8040008544921875 37.6920013427734375 37.444000244140625 37.40000152587890625 37.40000152587890625 37.37200164794921875 37.364002227783203125 37.44000244140625 37.495998382568359375 37.5 37.55999755859375 37.59999847412109375 37.59999847412109375 37.59999847412109375 37.59999847412109375 37.576000213623046875 37.555999755859375
37.423999786376953125 37.647998809814453125 37.84799957275390625 37.8600006103515625 37.715999603271484375 37.535999298095703125 37.523998260498046875 37.595996856689453125 37.57199859619140625 37.635997772216796875 37.868000030517578125 38.06800079345703125 38.09999847412109375 37.964000701904296875 37.88800048828125 37.84799957275390625 37.87599945068359375 37.827999114990234375 37.90000152587890625 38.15200042724609375 38.172000885009765625 37.9680023193359375 37.964000701904296875 38.063999176025390625 38.048000335693359375 37.9160003662109375 37.8600006103515625 37.880001068115234375 37.7760009765625 37.535999298095703125 37.395999908447265625 37.551998138427734375 37.84799957275390625 38.04399871826171875 38.007999420166015625 37.799999237060546875 37.68000030517578125 37.555999755859375 37.40399932861328125 37.3040008544921875 37.384002685546875 37.479999542236328125 37.4720001220703125 37.448001861572265625 37.479999542236328125 37.520000457763671875 37.54399871826171875 37.548000335693359375 37.619998931884765625 37.700000762939453125
37.43199920654296875 37.715999603271484375 37.93199920654296875 37.923999786376953125 37.8079986572265625 37.731998443603515625 37.62400054931640625 37.579998016357421875 37.579998016357421875 37.81999969482421875 38.11199951171875 38.11199951171875 38.15200042724609375 37.9160003662109375 37.840000152587890625 37.9120025634765625 37.979999542236328125 37.88800048828125 37.951999664306640625 38.1399993896484375 38.09600067138671875 37.796001434326171875 37.771999359130859375 37.908000946044921875 38 37.892002105712890625 37.892002105712890625 37.95999908447265625 37.687999725341796875 37.45600128173828125 37.34799957275390625 37.51200103759765625 37.908000946044921875 38.2239990234375 38.268001556396484375 38.135997772216796875 37.995998382568359375 37.78800201416015625 37.588001251220703125 37.476001739501953125 37.54000091552734375 37.56800079345703125 37.51200103759765625 37.436000823974609375 37.380001068115234375 37.420001983642578125 37.479999542236328125 37.48799896240234375 37.5279998779296875 37.591999053955078125
37.548000335693359375 37.703998565673828125 37.79199981689453125 37.812000274658203125 37.84799957275390625 37.8040008544921875 37.7480010986328125 37.588001251220703125 37.535999298095703125 37.90399932861328125 38.2239990234375 38.200000762939453125 38.184001922607421875 37.979999542236328125 37.90000152587890625 37.95999908447265625 37.95600128173828125 37.94000244140625 38 38.048000335693359375 37.95600128173828125 37.6920013427734375 37.644001007080078125 37.779998779296875 37.868000030517578125 37.944000244140625 38.063999176025390625 37.951999664306640625 37.631999969482421875 37.4720001220703125 37.38800048828125 37.495998382568359375 37.799999237060546875 38.12799835205078125 38.256000518798828125 38.184001922607421875 38.051998138427734375 37.87200164794921875 37.73600006103515625 37.59999847412109375 37.644001007080078125 37.700000762939453125 37.647998809814453125 37.59999847412109375 37.548000335693359375 37.520000457763671875 37.54000091552734375 37.548000335693359375 37.476001739501953125 37.436000823974609375
37.83599853515625 37.84799957275390625 37.768001556396484375 37.779998779296875 37.8040008544921875 37.84400177001953125 37.84400177001953125 37.720001220703125 37.70800018310546875 37.98799896240234375 38.21199798583984375 38.1399993896484375 38.0839996337890625 37.9720001220703125 37.904003143310546875 37.944000244140625 37.892002105712890625 37.90399932861328125 37.95999908447265625 37.979999542236328125 37.87599945068359375 37.675998687744140625 37.644001007080078125 37.796001434326171875 37.87599945068359375 37.948001861572265625 38.12799835205078125 37.88800048828125 37.684001922607421875 37.576000213623046875 37.535999298095703125 37.61199951171875 37.76399993896484375 37.98400115966796875 38.184001922607421875 38.18000030517578125 38.0279998779296875 37.83599853515625 37.7239990234375 37.6399993896484375 37.687999725341796875 37.6399993896484375 37.59999847412109375 37.66400146484375 37.700000762939453125 37.659999847412109375 37.607997894287109375 37.59999847412109375 37.555999755859375 37.48400115966796875
38.095996856689453125 37.964000701904296875 37.87599945068359375 37.895999908447265625 37.9120025634765625 37.90000152587890625 37.90000152587890625 37.855998992919921875 37.8079986572265625 37.83599853515625 37.9720001220703125 37.951999664306640625 37.920001983642578125 37.95600128173828125 37.87200164794921875 37.81999969482421875 37.87599945068359375 37.948001861572265625 37.9680023193359375 37.908000946044921875 37.7760009765625 37.715999603271484375 37.712001800537109375 37.884002685546875 37.95600128173828125 37.920001983642578125 38.107997894287109375 37.911998748779296875 37.7760009765625 37.684001922607421875 37.667999267578125 37.6959991455078125 37.771999359130859375 37.883998870849609375 38.07199859619140625 38.15200042724609375 38.055999755859375 37.923999786376953125 37.827999114990234375 37.740001678466796875 37.66400146484375 37.579998016357421875 37.595996856689453125 37.66400146484375 37.700000762939453125 37.700000762939453125 37.700000762939453125 37.684001922607421875 37.65599822998046875 37.6399993896484375
38.12799835205078125 38.06800079345703125 38.12400054931640625 38.09999847412109375 38 37.951999664306640625 37.892002105712890625 37.90000152587890625 37.852001190185546875 37.784000396728515625 37.9720001220703125 38.035999298095703125 37.93199920654296875 37.98799896240234375 37.93199920654296875 37.812000274658203125 37.79599761962890625 37.827999114990234375 37.8079986572265625 37.712001800537109375 37.619998931884765625 37.555999755859375 37.731998443603515625 37.976001739501953125 38 38.020000457763671875 38.200000762939453125 38.023998260498046875 37.83599853515625 37.787998199462890625 37.740001678466796875 37.700000762939453125 37.70400238037109375 37.76399993896484375 37.90000152587890625 38.063999176025390625 38.0319976806640625 37.95999908447265625 37.908000946044921875 37.832000732421875 37.715999603271484375 37.520000457763671875 37.563999176025390625 37.715999603271484375 37.740001678466796875 37.70400238037109375 37.700000762939453125 37.7519989013671875 37.784000396728515625 37.768001556396484375
38.063999176025390625 38.15599822998046875 38.33599853515625 38.2239990234375 37.9680023193359375 37.9160003662109375 37.98799896240234375 38.091999053955078125 37.908000946044921875 37.675998687744140625 37.88800048828125 38.12799835205078125 38.04399871826171875 38.035999298095703125 38.063999176025390625 37.9680023193359375 37.81999969482421875 37.79599761962890625 37.740001678466796875 37.70400238037109375 37.675998687744140625 37.631999969482421875 37.81999969482421875 37.979999542236328125 38 38 38.1399993896484375 38.04399871826171875 37.87200164794921875 37.81999969482421875 37.79599761962890625 37.70400238037109375 37.659999847412109375 37.68000030517578125 37.8040008544921875 37.951999664306640625 37.951999664306640625 37.84400177001953125 37.88800048828125 37.840000152587890625 37.787998199462890625 37.667999267578125 37.684001922607421875 37.700000762939453125 37.700000762939453125 37.6959991455078125 37.672000885009765625 37.700000762939453125 37.700000762939453125 37.700000762939453125
38.079998016357421875 38.115997314453125 38.1399993896484375 38.048000335693359375 38 38.035999298095703125 38.15200042724609375 38.15599822998046875 37.891998291015625 37.55999755859375 37.812000274658203125 38.131999969482421875 38.1399993896484375 38.167999267578125 38.12400054931640625 38 37.83599853515625 37.824001312255859375 37.8079986572265625 37.768001556396484375 37.855998992919921875 37.840000152587890625 37.88800048828125 37.951999664306640625 38 38 38.076000213623046875 37.939998626708984375 37.79199981689453125 37.768001556396484375 37.743999481201171875 37.65599822998046875 37.59999847412109375 37.619998931884765625 37.743999481201171875 37.892002105712890625 37.90000152587890625 37.90000152587890625 37.812000274658203125 37.703998565673828125 37.70800018310546875 37.700000762939453125 37.65200042724609375 37.6959991455078125 37.700000762939453125 37.659999847412109375 37.59999847412109375 37.631999969482421875 37.66400146484375 37.631999969482421875
38.107997894287109375 37.98799896240234375 38.020000457763671875 37.979999542236328125 37.992000579833984375 38.091999053955078125 38.12400054931640625 38.055999755859375 37.852001190185546875 37.684001922607421875 37.883998870849609375 38.15200042724609375 38.200000762939453125 38.200000762939453125 38.144001007080078125 38 37.796001434326171875 37.8600006103515625 37.9160003662109375 37.88800048828125 37.90000152587890625 37.884002685546875 37.812000274658203125 37.87599945068359375 37.9680023193359375 38.063999176025390625 37.95600128173828125 37.8040008544921875 37.65599822998046875 37.667999267578125 37.6920013427734375 37.59999847412109375 37.563999176025390625 37.59999847412109375 37.68000030517578125 37.799999237060546875 37.799999237060546875 37.81999969482421875 37.83599853515625 37.768001556396484375 37.700000762939453125 37.700000762939453125 37.700000762939453125 37.700000762939453125 37.700000762939453125 37.631999969482421875 37.59999847412109375 37.619998931884765625 37.631999969482421875 37.579998016357421875
