data/maxtemp.asc
ncols        384
nrows        480
xllcorner    138.000000000000
yllcorner    -29.000000000000
cellsize     0.041666666667
NODATA_value -9999
[rows 154 to 175 of 480, columns 150 to 199 of 384]
34.90000152587890625 34.84400177001953125 34.731998443603515625 34.5279998779296875 34.40000152587890625 34.395999908447265625 34.31999969482421875 34.09600067138671875 33.880001068115234375 33.464000701904296875 33.51599884033203125 33.45999908447265625 32.799999237060546875 32.5800018310546875 32.548000335693359375 32.175998687744140625 32.40000152587890625 32.5800018310546875 32.01200103759765625 31.567998886108398438 31.968000411987304688 31.879999160766601563 31.6399993896484375 31.257143020629882813 -9999 -9999 -9999 -9999 -9999 -9999 -9999 -9999 -9999 -9999 -9999 -9999 -9999 -9999 -9999 -9999 -9999 -9999 -9999 -9999 -9999 -9999 -9999 -9999 -9999 -9999
34.827999114990234375 34.87200164794921875 34.700000762939453125 34.616001129150390625 34.476001739501953125 34.40000152587890625 34.38800048828125 34.12400054931640625 33.83599853515625 33.451999664306640625 33.4160003662109375 33.299999237060546875 32.672000885009765625 32.26399993896484375 32.40000152587890625 32.2239990234375 32.51200103759765625 32.5839996337890625 31.851999282836914063 31.384000778198242188 32.1399993896484375 32.31600189208984375 31.996000289916992188 31.483333587646484375 30.984615325927734375 -9999 -9999 -9999 -9999 -9999 -9999 -9999 -9999 -9999 -9999 -9999 -9999 -9999 -9999 -9999 -9999 -9999 -9999 -9999 -9999 -9999 -9999 -9999 -9999 -9999
34.743999481201171875 34.864002227783203125 34.743999481201171875 34.65599822998046875 34.492000579833984375 34.31999969482421875 34.091999053955078125 33.951999664306640625 33.81600189208984375 33.3040008544921875 32.976001739501953125 33.091999053955078125 32.71199798583984375 32.34400177001953125 32.45600128173828125 32.368000030517578125 32.504001617431640625 32.92800140380859375 32.84400177001953125 32.687999725341796875 32.560001373291015625 32.45600128173828125 32.1399993896484375 31.940000534057617188 31.53333282470703125 -9999 -9999 -9999 -9999 -9999 -9999 -9999 -9999 -9999 -9999 -9999 -9999 -9999 -9999 -9999 -9999 -9999 -9999 -9999 -9999 -9999 -9999 -9999 -9999 -9999
34.8600006103515625 34.815998077392578125 34.70400238037109375 34.644001007080078125 34.523998260498046875 34.21199798583984375 33.895999908447265625 33.76399993896484375 33.408000946044921875 33.144001007080078125 32.687999725341796875 32.57199859619140625 32.59999847412109375 32.088001251220703125 32.175998687744140625 32.391998291015625 32.131999969482421875 32.45600128173828125 32.604000091552734375 32.700000762939453125 32.68000030517578125 32.65200042724609375 32.54399871826171875 32.26399993896484375 31.808694839477539063 31.363636016845703125 -9999 -9999 -9999 -9999 -9999 -9999 -9999 -9999 -9999 -9999 -9999 -9999 -9999 -9999 -9999 -9999 -9999 -9999 -9999 -9999 -9999 -9999 -9999 -9999
34.8040008544921875 34.864002227783203125 34.759998321533203125 34.635997772216796875 34.48400115966796875 34.28800201416015625 33.700000762939453125 33.532001495361328125 33.40399932861328125 33.116001129150390625 32.743999481201171875 32.436000823974609375 32.340000152587890625 31.895999908447265625 31.851999282836914063 32.287998199462890625 32.4199981689453125 32.34799957275390625 32.504001617431640625 32.33599853515625 32.332000732421875 32.299999237060546875 32.551998138427734375 32.172000885009765625 31.715999603271484375 31.34444427490234375 -9999 -9999 -9999 -9999 -9999 -9999 -9999 -9999 -9999 -9999 -9999 -9999 -9999 -9999 -9999 -9999 -9999 -9999 -9999 -9999 -9999 -9999 -9999 -9999
34.768001556396484375 34.78800201416015625 34.607997894287109375 34.5839996337890625 34.464000701904296875 34.2239990234375 33.90000152587890625 33.720001220703125 33.51599884033203125 33.119998931884765625 32.68000030517578125 32.327999114990234375 32 31.780000686645507813 31.412000656127929688 32.228000640869140625 32.62799835205078125 32.59999847412109375 32.56800079345703125 32.31999969482421875 32.01599884033203125 31.975999832153320313 32.16400146484375 32.079998016357421875 31.488000869750976563 30.899999618530273438 -9999 -9999 -9999 -9999 -9999 -9999 -9999 -9999 -9999 -9999 -9999 -9999 -9999 -9999 -9999 -9999 -9999 -9999 -9999 -9999 -9999 -9999 -9999 -9999
34.659999847412109375 34.591999053955078125 34.479999542236328125 34.5279998779296875 34.1399993896484375 33.951999664306640625 33.90000152587890625 33.37599945068359375 33.720001220703125 33.1360015869140625 33.200000762939453125 33.020000457763671875 32.332000732421875 31.4720001220703125 31.34799957275390625 32.20800018310546875 32.667999267578125 32.712001800537109375 32.8040008544921875 32.8600006103515625 32.507999420166015625 32.299999237060546875 32.0279998779296875 31.544000625610351563 30.427999496459960938 29.743999481201171875 30.420000076293945313 -9999 -9999 -9999 -9999 -9999 -9999 -9999 -9999 -9999 -9999 -9999 -9999 -9999 -9999 -9999 -9999 -9999 -9999 -9999 -9999 -9999 -9999 -9999
34.551998138427734375 34.220001220703125 34.119998931884765625 34.01599884033203125 33.992000579833984375 33.840000152587890625 33.787998199462890625 33.45999908447265625 33.840000152587890625 33.768001556396484375 33.908000946044921875 33.700000762939453125 33.3600006103515625 32.3079986572265625 31.864000320434570313 32.395999908447265625 32.68399810791015625 32.7480010986328125 32.76799774169921875 32.6920013427734375 32.43199920654296875 32.352001190185546875 32.020000457763671875 31.224000930786132813 29.73600006103515625 29.148000717163085938 29.149999618530273438 -9999 -9999 -9999 -9999 -9999 -9999 -9999 -9999 -9999 -9999 -9999 -9999 -9999 -9999 -9999 -9999 -9999 -9999 -9999 -9999 -9999 -9999 -9999
34.368000030517578125 33.939998626708984375 33.779998779296875 33.43199920654296875 33.520000457763671875 33.68399810791015625 33.563999176025390625 33.523998260498046875 33.532001495361328125 33.551998138427734375 33.92800140380859375 33.784000396728515625 33.51200103759765625 33.01200103759765625 32.591999053955078125 32.88800048828125 32.911998748779296875 32.832000732421875 32.7760009765625 32.768001556396484375 32.315998077392578125 31.823999404907226563 31.34799957275390625 30.843999862670898438 29.704000473022460938 29.048000335693359375 29.56842041015625 -9999 -9999 -9999 -9999 -9999 -9999 -9999 -9999 -9999 -9999 -9999 -9999 -9999 -9999 -9999 -9999 -9999 -9999 -9999 -9999 -9999 -9999 -9999
33.799999237060546875 33.672000885009765625 33.34400177001953125 32.911998748779296875 32.647998809814453125 33.048000335693359375 33.231998443603515625 32.964000701904296875 32.812000274658203125 33.0839996337890625 33.6920013427734375 33.759998321533203125 33.371997833251953125 33.0839996337890625 32.8639984130859375 32.944000244140625 32.90399932861328125 32.94000244140625 32.619998931884765625 32.71199798583984375 32.299999237060546875 31.252000808715820313 30.148000717163085938 30.455999374389648438 28.788000106811523438 28.784000396728515625 29.6857147216796875 -9999 -9999 -9999 -9999 -9999 -9999 -9999 -9999 -9999 -9999 -9999 -9999 -9999 -9999 -9999 -9999 -9999 -9999 -9999 -9999 -9999 -9999 -9999
33.420001983642578125 33.4160003662109375 33.035999298095703125 32.59600067138671875 32.48400115966796875 32.352001190185546875 32.495998382568359375 32.243999481201171875 32.007999420166015625 32.023998260498046875 33.003997802734375 33.243999481201171875 33.231998443603515625 33.147998809814453125 32.98799896240234375 32.703998565673828125 32.687999725341796875 32.768001556396484375 32.34400177001953125 32.116001129150390625 31.947999954223632813 30.81999969482421875 29.40399932861328125 29.38800048828125 29.024000167846679688 29.719999313354492188 30.413637161254882813 -9999 -9999 -9999 -9999 -9999 -9999 -9999 -9999 -9999 -9999 -9999 -9999 -9999 -9999 -9999 -9999 -9999 -9999 -9999 -9999 -9999 -9999 -9999
33.520000457763671875 33.38800048828125 33.035999298095703125 32.81999969482421875 32.65599822998046875 32.37599945068359375 32.40399932861328125 32.228000640869140625 31.968000411987304688 31.7239990234375 31.684000015258789063 31.98799896240234375 32.79199981689453125 33.107997894287109375 32.852001190185546875 32.464000701904296875 32.523998260498046875 32.548000335693359375 32.172000885009765625 31.62400054931640625 30.936000823974609375 29.936000823974609375 28.951999664306640625 28.427999496459960938 29.159999847412109375 30.407999038696289063 30.926666259765625 -9999 -9999 -9999 -9999 -9999 -9999 -9999 -9999 -9999 -9999 -9999 -9999 -9999 -9999 -9999 -9999 -9999 -9999 -9999 -9999 -9999 -9999 -9999
34.279998779296875 33.79199981689453125 33.37200164794921875 33.2519989013671875 33.159999847412109375 32.787998199462890625 32.45999908447265625 32.1399993896484375 32.131999969482421875 32.055999755859375 32.279998779296875 32.259998321533203125 32.15599822998046875 32.784000396728515625 32.62400054931640625 32.560001373291015625 32.16400146484375 32.395999908447265625 32.299999237060546875 31.70800018310546875 30.176000595092773438 28.947999954223632813 29.56800079345703125 29.40399932861328125 30.044000625610351563 30.620000839233398438 30.575000762939453125 30.083333969116210938 -9999 -9999 -9999 -9999 -9999 -9999 -9999 -9999 -9999 -9999 -9999 -9999 -9999 -9999 -9999 -9999 -9999 -9999 -9999 -9999 -9999 -9999
34.551998138427734375 34.57199859619140625 34.4160003662109375 33.784000396728515625 33.108001708984375 32.6399993896484375 32.31999969482421875 32.007999420166015625 32.439998626708984375 32.880001068115234375 32.827999114990234375 32.560001373291015625 32.284000396728515625 31.983999252319335938 32.3079986572265625 32.42800140380859375 31.808000564575195313 31.219999313354492188 32.063999176025390625 31.775999069213867188 31.007999420166015625 30.392000198364257813 30.4720001220703125 30.256000518798828125 30.579999923706054688 30.371999740600585938 29.62400054931640625 29.600000381469726563 30.183332443237304688 -9999 -9999 -9999 -9999 -9999 -9999 -9999 -9999 -9999 -9999 -9999 -9999 -9999 -9999 -9999 -9999 -9999 -9999 -9999 -9999 -9999
34.995998382568359375 34.799999237060546875 34.3040008544921875 33.604000091552734375 33.231998443603515625 33.296001434326171875 33.51599884033203125 33.051998138427734375 33.167999267578125 33.004001617431640625 32.855998992919921875 32.740001678466796875 32.504001617431640625 32.1920013427734375 31.951999664306640625 32.007999420166015625 31.54000091552734375 30.76399993896484375 31.524000167846679688 31.715999603271484375 31.267999649047851563 31.092000961303710938 30.535999298095703125 30.40399932861328125 30.447999954223632813 29.492000579833984375 28.45999908447265625 28.328001022338867188 29.755001068115234375 30.399999618530273438 -9999 -9999 -9999 -9999 -9999 -9999 -9999 -9999 -9999 -9999 -9999 -9999 -9999 -9999 -9999 -9999 -9999 -9999 -9999 -9999
35.12799835205078125 35.007999420166015625 34.672000885009765625 34.26399993896484375 33.81999969482421875 33.73600006103515625 33.548000335693359375 33.284000396728515625 32.87200164794921875 32.731998443603515625 32.76000213623046875 32.976001739501953125 32.836002349853515625 32.43199920654296875 31.944000244140625 31.843999862670898438 31.648000717163085938 31.204000473022460938 31.76399993896484375 31.399999618530273438 30.871999740600585938 30.964000701904296875 30.275999069213867188 30.020000457763671875 29.815999984741210938 29.747999191284179688 28.6959991455078125 28.176000595092773438 28.856000900268554688 30.25 -9999 -9999 -9999 -9999 -9999 -9999 -9999 -9999 -9999 -9999 -9999 -9999 -9999 -9999 -9999 -9999 -9999 -9999 -9999 -9999
35.055999755859375 34.95600128173828125 34.659999847412109375 34.215999603271484375 33.852001190185546875 33.467998504638671875 33.279998779296875 33.159999847412109375 32.84799957275390625 32.504001617431640625 32.65200042724609375 32.92800140380859375 32.944000244140625 32.552001953125 31.864000320434570313 31.615999221801757813 31.011999130249023438 29.827999114990234375 30.455999374389648438 30.243999481201171875 30.4720001220703125 30.648000717163085938 30.239999771118164063 30.2519989013671875 30.007999420166015625 29.7239990234375 28.072000503540039063 28.148000717163085938 29.035999298095703125 30.600000381469726563 -9999 -9999 -9999 -9999 -9999 -9999 -9999 -9999 -9999 -9999 -9999 -9999 -9999 -9999 -9999 -9999 -9999 -9999 -9999 -9999
34.868000030517578125 34.644001007080078125 34.40399932861328125 34.048000335693359375 33.7519989013671875 33.324001312255859375 33.0839996337890625 33.091999053955078125 32.70800018310546875 32.51200103759765625 32.48400115966796875 32.8040008544921875 32.84400177001953125 32.7760009765625 32.104000091552734375 31.260000228881835938 29.332000732421875 27.76399993896484375 27.899999618530273438 28.715999603271484375 29.808000564575195313 30.468000411987304688 29.940000534057617188 30.048000335693359375 30.535999298095703125 30.379999160766601563 27.907999038696289063 28.780000686645507813 30.026315689086914063 -9999 -9999 -9999 -9999 -9999 -9999 -9999 -9999 -9999 -9999 -9999 -9999 -9999 -9999 -9999 -9999 -9999 -9999 -9999 -9999 -9999
34.61199951171875 34.2239990234375 33.840000152587890625 33.712001800537109375 33.79199981689453125 33.4720001220703125 32.756000518798828125 32.895999908447265625 32.93199920654296875 32.675998687744140625 32.552001953125 32.715999603271484375 32.62400054931640625 32.48400115966796875 31.799999237060546875 30.43199920654296875 27.70800018310546875 26.591999053955078125 26.356000900268554688 27.243999481201171875 27.704000473022460938 29.587999343872070313 29.879999160766601563 29.9720001220703125 30.591999053955078125 30.59600067138671875 29.743999481201171875 29.732000350952148438 30.652940750122070313 -9999 -9999 -9999 -9999 -9999 -9999 -9999 -9999 -9999 -9999 -9999 -9999 -9999 -9999 -9999 -9999 -9999 -9999 -9999 -9999 -9999
34.352001190185546875 33.703998565673828125 33.3079986572265625 33.11199951171875 33.3040008544921875 33.231998443603515625 31.732000350952148438 31.831998825073242188 32.7239990234375 32.771999359130859375 32.840000152587890625 32.647998809814453125 31.275999069213867188 32.167999267578125 31.704000473022460938 30.851999282836914063 28.11199951171875 26.663999557495117188 26.09600067138671875 26.784000396728515625 27.468000411987304688 28.795999526977539063 29.775999069213867188 29.672000885009765625 30.463998794555664063 31.06800079345703125 30.76399993896484375 30.628000259399414063 30.544000625610351563 30.399999618530273438 -9999 -9999 -9999 -9999 -9999 -9999 -9999 -9999 -9999 -9999 -9999 -9999 -9999 -9999 -9999 -9999 -9999 -9999 -9999 -9999
34.296001434326171875 33.98400115966796875 33.62799835205078125 33.203998565673828125 33.11199951171875 33.108001708984375 32.555999755859375 31.364000320434570313 32.467998504638671875 32.7519989013671875 32.83599853515625 32.31999969482421875 30.788000106811523438 31.90399932861328125 31.600000381469726563 31.072000503540039063 28.767999649047851563 26.70800018310546875 26.436000823974609375 26.700000762939453125 27.56800079345703125 28.840000152587890625 29.128000259399414063 29.475999832153320313 30.408000946044921875 31.12400054931640625 30.880001068115234375 31.275999069213867188 31.008333206176757813 30.5 -9999 -9999 -9999 -9999 -9999 -9999 -9999 -9999 -9999 -9999 -9999 -9999 -9999 -9999 -9999 -9999 -9999 -9999 -9999 -9999
34.31999969482421875 34.1399993896484375 33.92800140380859375 33.5 33.26399993896484375 33.051998138427734375 32.79199981689453125 32.411998748779296875 32.703998565673828125 32.756000518798828125 32.771999359130859375 32.31999969482421875 30.4160003662109375 31.143999099731445313 31.288000106811523438 30.9160003662109375 29.79199981689453125 27.663999557495117188 27.4160003662109375 28.048000335693359375 29.232000350952148438 28.760000228881835938 26.884000778198242188 27.947999954223632813 29.879999160766601563 30.775999069213867188 30.395999908447265625 30.979999542236328125 31.1833343505859375 30.700000762939453125 -9999 -9999 -9999 -9999 -9999 -9999 -9999 -9999 -9999 -9999 -9999 -9999 -9999 -9999 -9999 -9999 -9999 -9999 -9999 -9999
