data/mintemp.asc
ncols        384
nrows        480
xllcorner    138.000000000000
yllcorner    -29.000000000000
cellsize     0.041666666667
NODATA_value -9999
[rows 330 to 351 of 480, columns 147 to 195 of 384]
7.3800001144409179688 7.4000000953674316406 7.4359998703002929688 7.4159998893737792969 7.4679999351501464844 7.73600006103515625 8.0880002975463867188 8.3839998245239257813 8.5080003738403320313 8.2239999771118164063 7.7880001068115234375 7.6159996986389160156 7.7280001640319824219 7.76399993896484375 7.5479998588562011719 7.2560000419616699219 7.1399998664855957031 7.2519998550415039063 7.1760001182556152344 7.0440001487731933594 7.2160000801086425781 7.5279998779296875 7.8880000114440917969 8.3159999847412109375 8.0679998397827148438 7.659999847412109375 7.4879999160766601563 7.6480002403259277344 7.8600001335144042969 7.6399998664855957031 7.4800000190734863281 8.0199995040893554688 8.5360002517700195313 8.4200000762939453125 8.2200002670288085938 8.0399999618530273438 7.8640003204345703125 7.687999725341796875 7.6759996414184570313 7.5840001106262207031 7.5959997177124023438 7.6799998283386230469 7.6719999313354492188 7.6199998855590820313 7.4559998512268066406 7.4240002632141113281 7.5159997940063476563 7.6159996986389160156 7.5999999046325683594
7.3800001144409179688 7.4159998893737792969 7.4800000190734863281 7.4320001602172851563 7.4679999351501464844 7.7119998931884765625 7.9600000381469726563 8.1680002212524414063 8.18000030517578125 8.1079998016357421875 7.8840003013610839844 7.6399998664855957031 7.6279997825622558594 7.604000091552734375 7.3080000877380371094 7.1399998664855957031 7.0920000076293945313 7.340000152587890625 7.23600006103515625 6.9359998703002929688 7.1799998283386230469 7.5840001106262207031 7.6760001182556152344 7.6719999313354492188 7.4279999732971191406 7.1640000343322753906 7.0999999046325683594 7.1679997444152832031 7.159999847412109375 7.1079998016357421875 7.2319998741149902344 7.9200000762939453125 8.5799999237060546875 8.5240001678466796875 8.2119998931884765625 8.131999969482421875 7.9120001792907714844 7.6240000724792480469 7.555999755859375 7.4959998130798339844 7.4879999160766601563 7.5959997177124023438 7.5840001106262207031 7.444000244140625 7.3359999656677246094 7.3000001907348632813 7.4159998893737792969 7.395999908447265625 7.395999908447265625
7.3600001335144042969 7.340000152587890625 7.368000030517578125 7.4679999351501464844 7.5799999237060546875 7.5840001106262207031 7.576000213623046875 7.8039999008178710938 7.9920001029968261719 8.2880001068115234375 8.1960000991821289063 7.7480001449584960938 7.5440001487731933594 7.3880000114440917969 7.2239999771118164063 7.2039999961853027344 7.1960000991821289063 7.3280000686645507813 7.1919999122619628906 7.0279998779296875 7.4120001792907714844 7.8280000686645507813 7.6760001182556152344 7.3920001983642578125 7.1999998092651367188 7.1199998855590820313 7.1399998664855957031 7.104000091552734375 7.0999999046325683594 7.2719998359680175781 7.6999998092651367188 8.1120004653930664063 8.4159994125366210938 8.4639997482299804688 8.2480001449584960938 8.1400003433227539063 7.9360003471374511719 7.604000091552734375 7.5 7.4879999160766601563 7.4320001602172851563 7.5079998970031738281 7.5599999427795410156 7.5359997749328613281 7.4359998703002929688 7.3840003013610839844 7.29199981689453125 7.1519999504089355469 7.1999998092651367188
7.3080000877380371094 7.2960000038146972656 7.2519998550415039063 7.3280000686645507813 7.3920001983642578125 7.3200001716613769531 7.2439999580383300781 7.5079998970031738281 8.048000335693359375 8.4040002822875976563 8.2399997711181640625 7.7160000801086425781 7.4079999923706054688 7.3720002174377441406 7.3639998435974121094 7.3600001335144042969 7.3880000114440917969 7.2560000419616699219 7.0799999237060546875 7.1680002212524414063 7.6519999504089355469 7.9720001220703125 7.8159999847412109375 7.5240001678466796875 7.1640000343322753906 7.2319998741149902344 7.2680001258850097656 7.2079997062683105469 7.2560000419616699219 7.6760001182556152344 8.1280002593994140625 8.2760000228881835938 8.2959995269775390625 8.4359998703002929688 8.4119997024536132813 8.2200002670288085938 7.9920001029968261719 7.6519999504089355469 7.5399999618530273438 7.4800000190734863281 7.4240002632141113281 7.3320002555847167969 7.368000030517578125 7.4200000762939453125 7.4600000381469726563 7.4400000572204589844 7.2839999198913574219 6.9600000381469726563 6.9679999351501464844
7.3880000114440917969 7.4079999923706054688 7.1679997444152832031 7.0199999809265136719 7.0759997367858886719 7.187999725341796875 7.3359999656677246094 7.6360001564025878906 7.9800000190734863281 7.9840002059936523438 7.8920001983642578125 7.6760001182556152344 7.6399998664855957031 7.6960000991821289063 7.8159999847412109375 7.6880002021789550781 7.5640001296997070313 7.4000000953674316406 7.3039999008178710938 7.5120000839233398438 7.7880001068115234375 7.8520002365112304688 7.8800001144409179688 7.6479997634887695313 7.3640003204345703125 7.4000000953674316406 7.3880000114440917969 7.2839999198913574219 7.5320000648498535156 8.048000335693359375 8.2480001449584960938 8.20800018310546875 8.2519998550415039063 8.4040002822875976563 8.3839998245239257813 8.1719999313354492188 7.9800000190734863281 7.7480001449584960938 7.5840001106262207031 7.3600001335144042969 7.2839999198913574219 7.0920000076293945313 7.0199999809265136719 7.0799999237060546875 7.2519998550415039063 7.444000244140625 7.3439998626708984375 6.9520001411437988281 6.895999908447265625
7.4600000381469726563 7.3759999275207519531 7.1359996795654296875 7 7.0440001487731933594 7.187999725341796875 7.3920001983642578125 7.6799998283386230469 7.9120001792907714844 7.9000000953674316406 7.8600001335144042969 7.8720002174377441406 7.9279999732971191406 8.0799999237060546875 8.26399993896484375 8.0279998779296875 7.8880000114440917969 7.8239998817443847656 7.8359999656677246094 7.9960002899169921875 7.9800000190734863281 7.73600006103515625 7.7079997062683105469 7.5920000076293945313 7.555999755859375 7.6279997825622558594 7.6079998016357421875 7.6640000343322753906 7.9000000953674316406 8.1079998016357421875 8.0399999618530273438 8.1999998092651367188 8.4840002059936523438 8.5039997100830078125 8.395999908447265625 8.1999998092651367188 7.9240002632141113281 7.6999998092651367188 7.5999999046325683594 7.3520002365112304688 7.2600002288818359375 7.0640001296997070313 6.9359998703002929688 7.0359997749328613281 7.2560000419616699219 7.4559998512268066406 7.3759999275207519531 7.1119999885559082031 7.0079998970031738281
7.4800000190734863281 7.2719998359680175781 7.0599999427795410156 7 7.0679998397827148438 7.2800002098083496094 7.5240001678466796875 7.7199997901916503906 7.9079999923706054688 8.1560001373291015625 8.15200042724609375 8.0120000839233398438 8.1000003814697265625 8.1759996414184570313 8.2279996871948242188 8.0080003738403320313 7.9920001029968261719 8.048000335693359375 8.0600004196166992188 8.0360002517700195313 7.8000001907348632813 7.5640001296997070313 7.5279998779296875 7.4279999732971191406 7.4520001411437988281 7.5240001678466796875 7.555999755859375 7.604000091552734375 7.7399997711181640625 7.944000244140625 8.0240001678466796875 8.2399997711181640625 8.395999908447265625 8.3240003585815429688 8.3439998626708984375 8.2559995651245117188 7.840000152587890625 7.6279997825622558594 7.5320000648498535156 7.4120001792907714844 7.26399993896484375 7.0799999237060546875 6.9520001411437988281 6.9359998703002929688 7.1240000724792480469 7.2480001449584960938 7.2880001068115234375 7.26399993896484375 7.0840001106262207031
7.5040001869201660156 7.2760000228881835938 7.0720000267028808594 6.9679999351501464844 7.0679998397827148438 7.4400000572204589844 7.7399997711181640625 7.687999725341796875 7.9040002822875976563 8.2200002670288085938 8.0920000076293945313 7.7839999198913574219 7.9120001792907714844 7.9760003089904785156 8.0279998779296875 7.9959998130798339844 7.9079999923706054688 7.8039999008178710938 7.7960000038146972656 7.8559999465942382813 7.6719999313354492188 7.5 7.5 7.444000244140625 7.340000152587890625 7.3840003013610839844 7.3320002555847167969 7.5159997940063476563 7.6640000343322753906 7.8280000686645507813 8.0279998779296875 8.1360006332397460938 8.1999998092651367188 8.3159999847412109375 8.4119997024536132813 8.2679996490478515625 7.8839998245239257813 7.5599999427795410156 7.4759998321533203125 7.4159998893737792969 7.2839999198913574219 7.1399998664855957031 6.9920001029968261719 6.9200000762939453125 6.9920001029968261719 7.1919999122619628906 7.3200001716613769531 7.3320002555847167969 7.2119998931884765625
7.5 7.4120001792907714844 7.2519998550415039063 7.1719999313354492188 7.3280000686645507813 7.631999969482421875 7.73600006103515625 7.4159998893737792969 7.2519998550415039063 7.4000000953674316406 7.5159997940063476563 7.4000000953674316406 7.5520000457763671875 7.76399993896484375 7.9400000572204589844 8 7.9120001792907714844 7.6760001182556152344 7.6199998855590820313 7.7839999198913574219 7.7480001449584960938 7.5599999427795410156 7.4959998130798339844 7.3759999275207519531 7.2399997711181640625 7.2760000228881835938 7.3000001907348632813 7.4520001411437988281 7.5640001296997070313 7.7039999961853027344 7.9240002632141113281 8.0399999618530273438 8.1120004653930664063 8.2880001068115234375 8.3999996185302734375 8.312000274658203125 7.9079999923706054688 7.4520001411437988281 7.3640003204345703125 7.3159999847412109375 7.2239999771118164063 7.1159996986389160156 7.0879998207092285156 7.0640001296997070313 7.0399999618530273438 7.1640000343322753906 7.4120001792907714844 7.5440001487731933594 7.4000000953674316406
7.5040001869201660156 7.4000000953674316406 7.3359999656677246094 7.4840002059936523438 7.6719999313354492188 7.8880000114440917969 7.840000152587890625 7.2719998359680175781 6.9320001602172851563 6.8639998435974121094 6.9559998512268066406 6.9800000190734863281 7.104000091552734375 7.340000152587890625 7.6119999885559082031 7.8480000495910644531 7.8840003013610839844 7.6479997634887695313 7.4879999160766601563 7.6560001373291015625 7.8320002555847167969 7.7280001640319824219 7.4600000381469726563 7.395999908447265625 7.3280000686645507813 7.2920002937316894531 7.2319998741149902344 7.3280000686645507813 7.3000001907348632813 7.5399999618530273438 7.8000001907348632813 7.8440003395080566406 8.0159997940063476563 8.3080005645751953125 8.3559999465942382813 8.2239999771118164063 7.8000001907348632813 7.3840003013610839844 7.3640003204345703125 7.3480000495910644531 7.1760001182556152344 7.0479998588562011719 7.0279998779296875 7.0279998779296875 7.0959997177124023438 7.2680001258850097656 7.4040002822875976563 7.4040002822875976563 7.368000030517578125
7.5240001678466796875 7.5959997177124023438 7.8159999847412109375 8.0439996719360351563 7.9159998893737792969 7.7239999771118164063 7.5560002326965332031 7.131999969482421875 6.8559999465942382813 6.7560000419616699219 6.8520002365112304688 6.9079999923706054688 7.0120000839233398438 7.1399998664855957031 7.3000001907348632813 7.5240001678466796875 7.6440000534057617188 7.4840002059936523438 7.340000152587890625 7.5759997367858886719 7.8640003204345703125 7.79199981689453125 7.4559998512268066406 7.3800001144409179688 7.3520002365112304688 7.2800002098083496094 7.1959996223449707031 7.2039999961853027344 7.23600006103515625 7.5640001296997070313 7.7319998741149902344 7.7920002937316894531 7.9840002059936523438 8.2600002288818359375 8.3000001907348632813 8.1280002593994140625 7.6640000343322753906 7.4159998893737792969 7.3720002174377441406 7.3600001335144042969 7.2600002288818359375 7.0679998397827148438 6.9479999542236328125 6.9759998321533203125 7.1559996604919433594 7.3040003776550292969 7.4840002059936523438 7.5399999618530273438 7.3280000686645507813
7.9159998893737792969 8.0080003738403320313 8.15200042724609375 8.187999725341796875 7.7880001068115234375 7.4000000953674316406 7.1560001373291015625 6.9000000953674316406 6.8080000877380371094 6.8000001907348632813 6.8840003013610839844 6.9279999732971191406 7 7.0199999809265136719 7.0799999237060546875 7.1519999504089355469 7.26399993896484375 7.3240003585815429688 7.3800001144409179688 7.5599999427795410156 7.7839999198913574219 7.5840001106262207031 7.2319998741149902344 7.104000091552734375 7.1640000343322753906 7.2079997062683105469 7.131999969482421875 7.104000091552734375 7.2280001640319824219 7.4359998703002929688 7.6440000534057617188 7.8240003585815429688 8.0279998779296875 8.1840000152587890625 8.2399997711181640625 8.0880002975463867188 7.6279997825622558594 7.2880001068115234375 7.2519998550415039063 7.3440003395080566406 7.2800002098083496094 7.0279998779296875 6.9000000953674316406 7.0359997749328613281 7.2600002288818359375 7.3800001144409179688 7.555999755859375 7.631999969482421875 7.3439998626708984375
8.1079998016357421875 8.0520000457763671875 8.0640001296997070313 7.9240002632141113281 7.5840001106262207031 7.2800002098083496094 7.0720000267028808594 6.9759998321533203125 6.8720002174377441406 6.8280000686645507813 6.8920001983642578125 6.8800001144409179688 6.9320001602172851563 6.9959998130798339844 7 7.0120000839233398438 7.1079998016357421875 7.2680001258850097656 7.4159998893737792969 7.5640001296997070313 7.6240000724792480469 7.2960000038146972656 6.9479999542236328125 6.9240002632141113281 7.0599999427795410156 7.1119999885559082031 7.0959997177124023438 7.1519999504089355469 7.2880001068115234375 7.3000001907348632813 7.5 7.8239998817443847656 8.1120004653930664063 8.3000001907348632813 8.3280000686645507813 8.1079998016357421875 7.6399998664855957031 7.2399997711181640625 7.1840000152587890625 7.2760000228881835938 7.2239999771118164063 7.0399999618530273438 6.9559998512268066406 7.0399999618530273438 7.1840000152587890625 7.3359999656677246094 7.4920001029968261719 7.4400000572204589844 7.312000274658203125
7.8280000686645507813 7.7960000038146972656 7.7880001068115234375 7.6519999504089355469 7.5079998970031738281 7.4520001411437988281 7.3759999275207519531 7.2039999961853027344 6.9320001602172851563 6.9000000953674316406 6.8520002365112304688 6.8200001716613769531 6.895999908447265625 6.9279999732971191406 6.9079999923706054688 6.9159998893737792969 6.9920001029968261719 7.0679998397827148438 7.1719999313354492188 7.3920001983642578125 7.3759999275207519531 7.0920000076293945313 6.8800001144409179688 6.8640003204345703125 7.0079998970031738281 7.0720000267028808594 7.0159997940063476563 7.1679997444152832031 7.2680001258850097656 7.1799998283386230469 7.2839999198913574219 7.73600006103515625 8.1359996795654296875 8.2799997329711914063 8.29199981689453125 8.0880002975463867188 7.7280001640319824219 7.4520001411437988281 7.2760000228881835938 7.2719998359680175781 7.1999998092651367188 7.1159996986389160156 6.9720001220703125 6.9359998703002929688 7.0799999237060546875 7.2239999771118164063 7.2399997711181640625 7.2119998931884765625 7.2960000038146972656
7.5120000839233398438 7.5359997749328613281 7.5320000648498535156 7.4320001602172851563 7.4000000953674316406 7.5159997940063476563 7.5359997749328613281 7.29199981689453125 6.8800001144409179688 6.840000152587890625 6.7839999198913574219 6.8080000877380371094 6.840000152587890625 6.895999908447265625 6.812000274658203125 6.8200001716613769531 6.9400000572204589844 6.8759999275207519531 6.9359998703002929688 7.2439999580383300781 7.3840003013610839844 7.2560000419616699219 7.104000091552734375 6.9879999160766601563 7.0199999809265136719 7.0679998397827148438 7.0679998397827148438 7.2519998550415039063 7.3520002365112304688 7.1760001182556152344 7.1159996986389160156 7.5599999427795410156 8.0120000839233398438 8.12400054931640625 8.1960000991821289063 8.020000457763671875 7.6359996795654296875 7.555999755859375 7.3440003395080566406 7.2319998741149902344 7.1479997634887695313 7.1159996986389160156 6.9520001411437988281 6.8559999465942382813 6.9520001411437988281 7.0240001678466796875 7.055999755859375 7.1719999313354492188 7.2199997901916503906
7.3080000877380371094 7.3000001907348632813 7.312000274658203125 7.2839999198913574219 7.2600002288818359375 7.2480001449584960938 7.20800018310546875 7.076000213623046875 6.7160000801086425781 6.6719999313354492188 6.6559996604919433594 6.7199997901916503906 6.8200001716613769531 6.9040002822875976563 6.9159998893737792969 6.9320001602172851563 6.9479999542236328125 6.9079999923706054688 6.9879999160766601563 7.2880001068115234375 7.5520000457763671875 7.5959997177124023438 7.4879999160766601563 7.2719998359680175781 7.20800018310546875 7.2160000801086425781 7.2039999961853027344 7.444000244140625 7.5920000076293945313 7.3559999465942382813 7.0679998397827148438 7.3600001335144042969 7.8320002555847167969 8.0640001296997070313 8.2239999771118164063 7.9960002899169921875 7.631999969482421875 7.5079998970031738281 7.2880001068115234375 7.0879998207092285156 7.0640001296997070313 7.0999999046325683594 7.0079998970031738281 6.8840003013610839844 6.8159999847412109375 6.8720002174377441406 7.0679998397827148438 7.3080000877380371094 7.2719998359680175781
7.1640000343322753906 7.0879998207092285156 7.0840001106262207031 7.1960000991821289063 7.23600006103515625 7.0999999046325683594 6.9600000381469726563 6.8280000686645507813 6.6279997825622558594 6.5840001106262207031 6.5879998207092285156 6.7079997062683105469 6.8720002174377441406 6.9879999160766601563 6.9720001220703125 6.9559998512268066406 6.9159998893737792969 6.9000000953674316406 7.0960001945495605469 7.3840003013610839844 7.5399999618530273438 7.6719999313354492188 7.7399997711181640625 7.5759997367858886719 7.4400000572204589844 7.3080000877380371094 7.2399997711181640625 7.4279999732971191406 7.5999999046325683594 7.4759998321533203125 7.2199997901916503906 7.4000000953674316406 7.8080000877380371094 8.0399999618530273438 8.15200042724609375 7.9360003471374511719 7.7160000801086425781 7.6440000534057617188 7.4359998703002929688 7.2239999771118164063 7.1919999122619628906 7.0879998207092285156 7.0120000839233398438 6.9520001411437988281 6.8520002365112304688 6.8559999465942382813 7.0879998207092285156 7.368000030517578125 7.2800002098083496094
7.2960000038146972656 7.0999999046325683594 6.9920001029968261719 7.0720000267028808594 7.1199998855590820313 7.0879998207092285156 7.0159997940063476563 6.9000000953674316406 6.8039999008178710938 6.7680001258850097656 6.8320002555847167969 6.8800001144409179688 7.0040001869201660156 7.0640001296997070313 7.0240001678466796875 7.0199999809265136719 6.9400000572204589844 6.9520001411437988281 7.1799998283386230469 7.4359998703002929688 7.5279998779296875 7.6359996795654296875 7.631999969482421875 7.5799999237060546875 7.3759999275207519531 7.104000091552734375 7.1119999885559082031 7.2239999771118164063 7.4120001792907714844 7.5159997940063476563 7.6279997825622558594 7.7719998359680175781 7.9679999351501464844 8.1120004653930664063 8.0120000839233398438 7.73600006103515625 7.7600002288818359375 7.76399993896484375 7.5479998588562011719 7.2800002098083496094 7.1399998664855957031 6.9879999160766601563 7 6.9479999542236328125 6.8320002555847167969 6.8080000877380371094 6.9240002632141113281 7.1640000343322753906 7.1799998283386230469
7.23600006103515625 7.2119998931884765625 7.1719999313354492188 7.0799999237060546875 7.0640001296997070313 7.0799999237060546875 7.0679998397827148438 7.1640000343322753906 7.2199997901916503906 7.2280001640319824219 7.1519999504089355469 7.0640001296997070313 7.1199998855590820313 7.2160000801086425781 7.3440003395080566406 7.3159999847412109375 7.1079998016357421875 7.0759997367858886719 7.26399993896484375 7.4040002822875976563 7.4200000762939453125 7.4359998703002929688 7.4479999542236328125 7.444000244140625 7.0599999427795410156 6.9200000762939453125 7.104000091552734375 7.3480000495910644531 7.6919999122619628906 7.7760000228881835938 7.9040002822875976563 7.9879999160766601563 8.0439996719360351563 8.076000213623046875 7.8200001716613769531 7.5920000076293945313 7.5759997367858886719 7.5999999046325683594 7.4079999923706054688 7.0240001678466796875 6.9200000762939453125 6.9840002059936523438 7.0640001296997070313 7.0679998397827148438 6.9159998893737792969 6.7399997711181640625 6.7480001449584960938 6.8800001144409179688 6.9120001792907714844
7.0759997367858886719 7.0920000076293945313 7.1440000534057617188 7.0920000076293945313 7 6.9720001220703125 6.9800000190734863281 7.2239999771118164063 7.395999908447265625 7.395999908447265625 7.368000030517578125 7.340000152587890625 7.3080000877380371094 7.2480001449584960938 7.3440003395080566406 7.340000152587890625 7.2319998741149902344 7.1919999122619628906 7.2960000038146972656 7.3759999275207519531 7.3520002365112304688 7.3559999465942382813 7.3640003204345703125 7.3480000495910644531 7 7.0079998970031738281 7.5040001869201660156 7.9200000762939453125 8.0679998397827148438 7.9840002059936523438 7.8759999275207519531 7.8720002174377441406 7.8759999275207519531 7.7880001068115234375 7.7039999961853027344 7.5879998207092285156 7.4559998512268066406 7.4520001411437988281 7.3200001716613769531 7.1159996986389160156 7.1479997634887695313 7.3080000877380371094 7.3280000686645507813 7.2480001449584960938 7.0640001296997070313 6.7839999198913574219 6.6440000534057617188 6.7039999961853027344 6.8319997787475585938
7.0440001487731933594 7.0479998588562011719 7.0959997177124023438 7.0999999046325683594 7.0720000267028808594 7.0520000457763671875 7.1199998855590820313 7.26399993896484375 7.4000000953674316406 7.4120001792907714844 7.4879999160766601563 7.4600000381469726563 7.4279999732971191406 7.4479999542236328125 7.4000000953674316406 7.4000000953674316406 7.3640003204345703125 7.1440000534057617188 7.0279998779296875 7.0840001106262207031 7.1559996604919433594 7.2199997901916503906 7.2160000801086425781 7.1719999313354492188 7.1440000534057617188 7.4000000953674316406 7.9159998893737792969 8.0799999237060546875 8.055999755859375 7.9240002632141113281 7.7439999580383300781 7.7239999771118164063 7.8880000114440917969 7.8759999275207519531 7.6640000343322753906 7.5999999046325683594 7.5279998779296875 7.4279999732971191406 7.3000001907348632813 7.3600001335144042969 7.659999847412109375 7.7319998741149902344 7.5199999809265136719 7.2800002098083496094 7.0520000457763671875 6.8000001907348632813 6.6159996986389160156 6.5959997177124023438 6.8239998817443847656
7.0120000839233398438 7.0399999618530273438 7.0840001106262207031 7.1079998016357421875 7.2119998931884765625 7.2960000038146972656 7.4200000762939453125 7.3600001335144042969 7.3240003585815429688 7.3559999465942382813 7.5 7.5 7.5 7.4879999160766601563 7.3920001983642578125 7.3239998817443847656 7.187999725341796875 7.0320000648498535156 6.9279999732971191406 7.0120000839233398438 7.1359996795654296875 7.2480001449584960938 7.2319998741149902344 7.2319998741149902344 7.3320002555847167969 7.6719999313354492188 8.0320005416870117188 8.1719999313354492188 8.1160001754760742188 7.8800001144409179688 7.8080000877380371094 7.944000244140625 8.0080003738403320313 7.868000030517578125 7.6919999122619628906 7.5879998207092285156 7.5399999618530273438 7.4040002822875976563 7.3080000877380371094 7.444000244140625 7.6399998664855957031 7.7199997901916503906 7.4959998130798339844 7.2880001068115234375 7.055999755859375 6.8359999656677246094 6.5320000648498535156 6.3800001144409179688 6.5920000076293945313
