data/mintemp.asc
ncols        384
nrows        480
xllcorner    138.000000000000
yllcorner    -29.000000000000
cellsize     0.041666666667
NODATA_value -9999
[rows 374 to 395 of 480, columns 294 to 342 of 384]
6.3359999656677246094 6.76399993896484375 6.79199981689453125 6.7760000228881835938 6.3239998817443847656 6.055999755859375 6.2600002288818359375 6.3759999275207519531 6.1119999885559082031 5.9759998321533203125 5.6240000724792480469 5.659999847412109375 5.9200000762939453125 6.0640001296997070313 5.9800000190734863281 5.8439998626708984375 5.8239998817443847656 6.0720000267028808594 5.9079999923706054688 5.8280000686645507813 5.9840002059936523438 6.0640001296997070313 6.2239999771118164063 6.5120000839233398438 6.5599999427795410156 7.0240001678466796875 7.1119999885559082031 7.1560001373291015625 7.2039999961853027344 7.6479997634887695313 7.812000274658203125 8.4639997482299804688 8.5520000457763671875 8.3240003585815429688 8.8559999465942382813 9.4479999542236328125 9.3159999847412109375 9.0039997100830078125 9.2119998931884765625 9.3999996185302734375 9.7279996871948242188 10.128000259399414063 10.147999763488769531 10.364000320434570313 10.777273178100585938 10.966666221618652344 -9999 -9999 -9999
6.0720000267028808594 6.6279997825622558594 6.7160000801086425781 6.6160001754760742188 6.4159998893737792969 5.9600000381469726563 5.9800000190734863281 6.1919999122619628906 5.7199997901916503906 5.4359998703002929688 5.3280000686645507813 5.2279996871948242188 5.3159999847412109375 5.7039999961853027344 5.9840002059936523438 5.895999908447265625 6.1240000724792480469 6.3639998435974121094 5.8840003013610839844 5.7480001449584960938 5.7800002098083496094 5.9359998703002929688 5.9079999923706054688 6.1680002212524414063 6.340000152587890625 6.4559998512268066406 6.6640000343322753906 6.7719998359680175781 7.0799999237060546875 7.5320000648498535156 7.8200001716613769531 8.3079996109008789063 8.3999996185302734375 8.3439998626708984375 8.7040004730224609375 8.9040002822875976563 9.26399993896484375 8.84799957275390625 9.1560001373291015625 9.5240001678466796875 10.031999588012695313 10.248000144958496094 10.0279998779296875 10.220000267028808594 10.368000030517578125 10.647826194763183594 10.93000030517578125 11.100000381469726563 -9999
6.076000213623046875 6.4879999160766601563 6.5840001106262207031 6.4720001220703125 6.2439999580383300781 5.8480000495910644531 5.7160000801086425781 5.8639998435974121094 5.4159998893737792969 4.944000244140625 5.0079998970031738281 5.1199998855590820313 5.0479998588562011719 5.23600006103515625 5.7480001449584960938 5.7800002098083496094 6.0199999809265136719 6.1799998283386230469 5.8759999275207519531 5.7760000228881835938 5.8480000495910644531 5.7439999580383300781 5.4920001029968261719 5.73600006103515625 5.6119999885559082031 5.7960000038146972656 6.4959998130798339844 6.7160000801086425781 7.0599999427795410156 7.4800000190734863281 7.6479997634887695313 8.0920000076293945313 8.2200002670288085938 8.3719997406005859375 8.4320001602172851563 8.7480001449584960938 8.7959995269775390625 8.7119998931884765625 9.0880002975463867188 9.743999481201171875 10.140000343322753906 10.135999679565429688 9.895999908447265625 10.128000259399414063 10.131999969482421875 10.37599945068359375 10.68000030517578125 10.96315765380859375 11.050000190734863281
6.1999998092651367188 6.3720002174377441406 6.5759997367858886719 6.3759999275207519531 5.9400000572204589844 5.7280001640319824219 5.6199998855590820313 5.5599999427795410156 5.1440000534057617188 4.8559999465942382813 4.9079999923706054688 4.9359998703002929688 4.8800001144409179688 5.0840001106262207031 5.4920001029968261719 5.7239999771118164063 6.0079998970031738281 6.0520000457763671875 5.7199997901916503906 5.7600002288818359375 5.8920001983642578125 5.6560001373291015625 5.1479997634887695313 5.3200001716613769531 5.631999969482421875 5.9959998130798339844 6.4120001792907714844 6.6399998664855957031 6.9520001411437988281 7.3000001907348632813 7.4959998130798339844 7.70800018310546875 7.9959998130798339844 8.3920001983642578125 8.4800004959106445313 8.784000396728515625 8.7440004348754882813 8.812000274658203125 9.2119998931884765625 9.5679998397827148438 9.7880001068115234375 9.8920001983642578125 9.8439998626708984375 9.951999664306640625 10.015999794006347656 10.220000267028808594 10.272000312805175781 10.411999702453613281 10.517391204833984375
6.3759999275207519531 6.3880000114440917969 6.6799998283386230469 6.5599999427795410156 6.076000213623046875 5.5799999237060546875 5.4400000572204589844 5.4400000572204589844 5.1360001564025878906 4.9279999732971191406 5.0199999809265136719 5.0599999427795410156 5.0599999427795410156 4.9720001220703125 5.23600006103515625 5.6519999504089355469 5.840000152587890625 5.6440000534057617188 5.5320000648498535156 5.6560001373291015625 5.7600002288818359375 5.5359997749328613281 5.0640001296997070313 5.1880002021789550781 5.5 5.7719998359680175781 6.1919999122619628906 6.4679999351501464844 6.8600001335144042969 7.23600006103515625 7.3320002555847167969 7.2480001449584960938 7.3319997787475585938 7.7280001640319824219 8.1920003890991210938 8.6479997634887695313 8.9720001220703125 9.1680002212524414063 8.9840002059936523438 8.9879999160766601563 9.2720003128051757813 9.6960000991821289063 9.7880001068115234375 9.7600002288818359375 9.8719997406005859375 10.072000503540039063 10.147999763488769531 10.20800018310546875 10.279999732971191406
6.4959998130798339844 6.4200000762939453125 6.5 6.4120001792907714844 5.9159998893737792969 5.5679998397827148438 5.5079998970031738281 5.5799999237060546875 5.2719998359680175781 5.0479998588562011719 5.0159997940063476563 5.1399998664855957031 5.2160000801086425781 5.1279997825622558594 5.3439998626708984375 5.8200001716613769531 5.8600001335144042969 5.8639998435974121094 5.8759999275207519531 5.6960000991821289063 5.5120000839233398438 5.3559999465942382813 4.9200000762939453125 5.1960000991821289063 5.4759998321533203125 5.7960000038146972656 6.0640001296997070313 6.1919999122619628906 6.73600006103515625 7.23600006103515625 7.3239998817443847656 7.3639998435974121094 7.2519998550415039063 7.4759998321533203125 7.7319998741149902344 7.8639998435974121094 8.9560003280639648438 9.6759996414184570313 8.784000396728515625 8.5679998397827148438 9.1719999313354492188 9.6999998092651367188 9.659999847412109375 9.5640001296997070313 9.6960000991821289063 9.9159994125366210938 10.0279998779296875 10.048000335693359375 10.140000343322753906
6.395999908447265625 6.4120001792907714844 6.3840003013610839844 6.1480002403259277344 5.7199997901916503906 5.555999755859375 5.6399998664855957031 5.8239998817443847656 5.4039998054504394531 4.9640002250671386719 4.9240002632141113281 5.0079998970031738281 5.0520000457763671875 5.1640000343322753906 5.4279999732971191406 5.812000274658203125 5.7760000228881835938 5.9279999732971191406 6.1079998016357421875 6.0040001869201660156 5.6160001754760742188 5.3759999275207519531 5.1360001564025878906 5.26399993896484375 5.5879998207092285156 5.6999998092651367188 5.76399993896484375 5.8520002365112304688 6.29199981689453125 6.7960000038146972656 6.9279999732971191406 7.2680001258850097656 7.6279997825622558594 7.7199997901916503906 7.5879998207092285156 7.5799999237060546875 8.7399997711181640625 9.5920000076293945313 8.9040002822875976563 8.5 9.0080003738403320313 9.4759998321533203125 9.3920001983642578125 9.2959995269775390625 9.4079999923706054688 9.7679996490478515625 9.9560003280639648438 9.9759998321533203125 10.060000419616699219
6.5120000839233398438 6.3880000114440917969 6.23600006103515625 5.9559998512268066406 5.7599997520446777344 5.7039999961853027344 5.7079997062683105469 5.8200001716613769531 5.5640001296997070313 5.0240001678466796875 4.9320001602172851563 5.0840001106262207031 5.1519999504089355469 5.3200001716613769531 5.6519999504089355469 5.840000152587890625 5.9359998703002929688 6.104000091552734375 6.312000274658203125 6.2119998931884765625 5.6719999313354492188 5.2800002098083496094 5.1560001373291015625 5.444000244140625 5.5679998397827148438 5.5599999427795410156 5.7239999771118164063 5.9759998321533203125 6.2519998550415039063 6.4800000190734863281 6.6680002212524414063 7.0199999809265136719 7.6360001564025878906 7.8000001907348632813 7.6399998664855957031 7.5679998397827148438 8.2679996490478515625 8.8000001907348632813 8.5279998779296875 8.4279994964599609375 8.6759996414184570313 8.9759998321533203125 9.1719999313354492188 9.3439998626708984375 9.4279994964599609375 9.6400003433227539063 9.7440004348754882813 9.8879995346069335938 10.095999717712402344
6.4479999542236328125 6.1240000724792480469 6.0320000648498535156 5.9840002059936523438 5.8359999656677246094 5.7800002098083496094 5.8159999847412109375 5.8559999465942382813 5.5720000267028808594 5 4.9079999923706054688 5.1479997634887695313 5.2480001449584960938 5.3200001716613769531 5.5720000267028808594 5.659999847412109375 6 6.1479997634887695313 6.4000000953674316406 6.4759998321533203125 5.8200001716613769531 5.1919999122619628906 5.20800018310546875 5.6919999122619628906 5.7039999961853027344 5.7239999771118164063 5.923999786376953125 6.2039999961853027344 6.3600001335144042969 6.4720001220703125 6.6640000343322753906 7.0440001487731933594 7.7439999580383300781 7.840000152587890625 7.6640000343322753906 7.555999755859375 7.76399993896484375 8.1960000991821289063 8.187999725341796875 8.3520002365112304688 8.5679998397827148438 8.7839994430541992188 9.0199995040893554688 9.2679996490478515625 9.3359994888305664063 9.3999996185302734375 9.5799999237060546875 9.8319997787475585938 9.9679994583129882813
6.4759998321533203125 5.9920001029968261719 5.9000000953674316406 6.104000091552734375 5.9720001220703125 5.7039999961853027344 5.6119999885559082031 5.6079998016357421875 5.3480000495910644531 5.0279998779296875 5.0359997749328613281 5.1479997634887695313 5.2480001449584960938 5.2760000228881835938 5.444000244140625 5.631999969482421875 6.0120000839233398438 6.1119999885559082031 6.4120001792907714844 6.5479998588562011719 5.868000030517578125 5.2439999580383300781 5.2760000228881835938 5.895999908447265625 6.0840001106262207031 5.9520001411437988281 6.1279997825622558594 6.2280001640319824219 6.3920001983642578125 6.5440001487731933594 6.7439999580383300781 7.2760000228881835938 7.5360002517700195313 7.6519999504089355469 7.6160001754760742188 7.555999755859375 7.7960000038146972656 8.0839996337890625 8.15200042724609375 8.3159999847412109375 8.4600000381469726563 8.715999603271484375 8.8520002365112304688 9.15200042724609375 9.0719995498657226563 9.1759996414184570313 9.4919996261596679688 9.7720003128051757813 9.90399932861328125
6.6079998016357421875 6.2519998550415039063 5.9920001029968261719 6.0879998207092285156 5.8639998435974121094 5.5040001869201660156 5.5279998779296875 5.4120001792907714844 5.1479997634887695313 5.0359997749328613281 5.2760000228881835938 5.3800001144409179688 5.187999725341796875 5.1560001373291015625 5.3720002174377441406 5.6480002403259277344 6.0440001487731933594 6.2439999580383300781 6.444000244140625 6.3480000495910644531 5.7760000228881835938 5.3520002365112304688 5.3839998245239257813 5.923999786376953125 6.2480001449584960938 6.131999969482421875 6.2079997062683105469 6.3520002365112304688 6.4840002059936523438 6.5520000457763671875 6.5679998397827148438 6.9320001602172851563 7.2200002670288085938 7.4079999923706054688 7.4959998130798339844 7.6999998092651367188 7.8080000877380371094 8.076000213623046875 8.1400003433227539063 8.2519998550415039063 8.3159999847412109375 8.576000213623046875 8.7279996871948242188 9.0640001296997070313 9 9.1680002212524414063 9.4119997024536132813 9.7040004730224609375 9.7720003128051757813
6.6279997825622558594 6.3359999656677246094 5.9600000381469726563 5.6960000991821289063 5.4279999732971191406 5.4120001792907714844 5.4840002059936523438 5.4920001029968261719 5.2119998931884765625 4.9640002250671386719 5.3880000114440917969 5.5520000457763671875 5.2039999961853027344 5.0999999046325683594 5.2960000038146972656 5.5599999427795410156 5.8239998817443847656 6.0679998397827148438 6.0960001945495605469 6.1679997444152832031 6.0199999809265136719 5.9120001792907714844 5.8480000495910644531 6.0720000267028808594 6.1760001182556152344 6.131999969482421875 6.1919999122619628906 6.5399999618530273438 6.7119998931884765625 6.4959998130798339844 6.3600001335144042969 6.4000000953674316406 6.6840000152587890625 7.368000030517578125 7.5240001678466796875 7.9559998512268066406 8.0159997940063476563 8.0080003738403320313 8.1479997634887695313 8.2720003128051757813 8.2760000228881835938 8.4040002822875976563 8.7559995651245117188 9.1199998855590820313 9.2480001449584960938 9.3800001144409179688 9.3240003585815429688 9.3439998626708984375 9.3999996185302734375
6.5120000839233398438 6.395999908447265625 6.0759997367858886719 5.7239999771118164063 5.5279998779296875 5.555999755859375 5.5159997940063476563 5.6519999504089355469 5.3759999275207519531 5.2560000419616699219 5.5720000267028808594 5.5599999427795410156 5.4200000762939453125 5.3200001716613769531 5.3920001983642578125 5.5320000648498535156 5.6760001182556152344 5.8880000114440917969 5.9479999542236328125 6.1640000343322753906 6.2920002937316894531 6.1840000152587890625 5.9600000381469726563 6.0920000076293945313 6.2519998550415039063 6.2199997901916503906 6.2920002937316894531 6.4759998321533203125 6.5560002326965332031 6.3359999656677246094 6.1360001564025878906 6.1279997825622558594 6.5840001106262207031 6.9159998893737792969 7.3720002174377441406 7.7400002479553222656 8.0319995880126953125 8.4359998703002929688 8.4560003280639648438 8.31999969482421875 8.1759996414184570313 8.29199981689453125 8.6920003890991210938 8.9960002899169921875 9.2279996871948242188 9.2200002670288085938 9.18000030517578125 9.0320005416870117188 9.0600004196166992188
6.8639998435974121094 6.7719998359680175781 6.3920001983642578125 5.8280000686645507813 5.7399997711181640625 5.8559999465942382813 5.6240000724792480469 5.5759997367858886719 5.5920000076293945313 5.5320000648498535156 5.5479998588562011719 5.6840000152587890625 5.8200001716613769531 5.7760000228881835938 5.8200001716613769531 6.0240001678466796875 6.1880002021789550781 6.368000030517578125 6.2400002479553222656 6.3039999008178710938 6.4000000953674316406 6.3200001716613769531 6.0040001869201660156 6.1919999122619628906 6.4559998512268066406 6.3080000877380371094 6.2519998550415039063 6.2039999961853027344 6.4159998893737792969 6.4079999923706054688 6.1840000152587890625 6.159999847412109375 6.4720001220703125 6.9520001411437988281 7.2480001449584960938 7.5240001678466796875 7.9240002632141113281 8.423999786376953125 8.3559999465942382813 8.284000396728515625 8.1960000991821289063 8.2760000228881835938 8.520000457763671875 8.7519998550415039063 8.8920001983642578125 8.9479999542236328125 8.9320001602172851563 8.8599996566772460938 8.9600000381469726563
7.0359997749328613281 6.5999999046325683594 6.3119997978210449219 5.7560000419616699219 5.7560000419616699219 5.9359998703002929688 5.8039999008178710938 5.5999999046325683594 5.7680001258850097656 5.6680002212524414063 5.6760001182556152344 5.9720001220703125 6.0520000457763671875 6.0959997177124023438 6.1240000724792480469 6.2319998741149902344 6.4479999542236328125 6.6840000152587890625 6.4400000572204589844 6.3880000114440917969 6.5759997367858886719 6.4279999732971191406 6.2560000419616699219 6.3320002555847167969 6.3520002365112304688 6.3080000877380371094 6.2719998359680175781 6.3320002555847167969 6.5199999809265136719 6.6119999885559082031 6.4959998130798339844 6.5159997940063476563 6.5759997367858886719 7.0720000267028808594 7.3759999275207519531 7.8239998817443847656 7.9600000381469726563 7.895999908447265625 8.1719999313354492188 8.0720005035400390625 8 8.0319995880126953125 8.1560001373291015625 8.5240001678466796875 8.65200042724609375 8.6840000152587890625 8.7440004348754882813 8.6479997634887695313 8.7679996490478515625
6.4679999351501464844 5.8320002555847167969 5.7439999580383300781 5.6999998092651367188 5.8559999465942382813 5.9159998893737792969 5.7199997901916503906 5.4520001411437988281 5.5640001296997070313 5.6159996986389160156 5.8280000686645507813 6.0240001678466796875 5.9400000572204589844 5.9320001602172851563 5.8159999847412109375 5.9720001220703125 6.368000030517578125 6.5640001296997070313 6.4800000190734863281 6.423999786376953125 6.4800000190734863281 6.3159999847412109375 6.2760000228881835938 6.2599997520446777344 6.1799998283386230469 6.3319997787475585938 6.3920001983642578125 6.4079999923706054688 6.4800000190734863281 6.5720000267028808594 6.604000091552734375 6.6479997634887695313 6.7039999961853027344 7.131999969482421875 7.4039998054504394531 7.7600002288818359375 8.076000213623046875 8.0159997940063476563 7.9720001220703125 8.0959997177124023438 8.09600067138671875 7.9560003280639648438 8.048000335693359375 8.31999969482421875 8.4560003280639648438 8.4359998703002929688 8.5520000457763671875 8.6120004653930664063 8.5679998397827148438
6.3200001716613769531 5.7280001640319824219 5.7439999580383300781 5.8359999656677246094 5.9400000572204589844 5.8000001907348632813 5.5999999046325683594 5.3640003204345703125 5.4240002632141113281 5.7199997901916503906 5.9520001411437988281 6 5.9679999351501464844 5.9840002059936523438 5.9920001029968261719 6.0520000457763671875 6.368000030517578125 6.4559998512268066406 6.2480001449584960938 6.1359996795654296875 6.2119998931884765625 6.1479997634887695313 6.4959998130798339844 6.5799999237060546875 6.4200000762939453125 6.4720001220703125 6.4520001411437988281 6.4120001792907714844 6.5679998397827148438 6.6240000724792480469 6.8920001983642578125 7.0479998588562011719 7.2160000801086425781 7.6360001564025878906 7.7680001258850097656 7.8119997978210449219 8.1199998855590820313 7.7760000228881835938 7.9920001029968261719 8.23600006103515625 8.0360002517700195313 7.8840003013610839844 8.0360002517700195313 8.1759996414184570313 8.2519998550415039063 8.2119998931884765625 8.4160003662109375 8.576000213623046875 8.5679998397827148438
6.0640001296997070313 5.8280000686645507813 5.9479999542236328125 5.8480000495910644531 5.8080000877380371094 5.6799998283386230469 5.5920000076293945313 5.4359998703002929688 5.4600000381469726563 5.8159999847412109375 5.9359998703002929688 5.9479999542236328125 5.9959998130798339844 6.131999969482421875 6.2960000038146972656 6.2839999198913574219 6.3359999656677246094 6.2719998359680175781 6.2839999198913574219 6.3320002555847167969 6.4600000381469726563 6.604000091552734375 6.6840000152587890625 6.6160001754760742188 6.5840001106262207031 6.6199998855590820313 6.6799998283386230469 6.7199997901916503906 6.8439998626708984375 6.8359999656677246094 6.944000244140625 7.2719998359680175781 7.604000091552734375 7.8320002555847167969 7.7160000801086425781 7.8759999275207519531 7.8840003013610839844 7.9240002632141113281 8.1680002212524414063 8.2119998931884765625 7.9559998512268066406 7.7399997711181640625 7.9200000762939453125 8.2320003509521484375 8.2720003128051757813 8.1719999313354492188 8.2799997329711914063 8.4600000381469726563 8.59600067138671875
5.9159998893737792969 5.9120001792907714844 5.8840003013610839844 5.7119998931884765625 5.5359997749328613281 5.5959997177124023438 5.6079998016357421875 5.4920001029968261719 5.6479997634887695313 5.9000000953674316406 5.9359998703002929688 6.104000091552734375 6.1719999313354492188 6.2760000228881835938 6.5159997940063476563 6.5920000076293945313 6.631999969482421875 6.5799999237060546875 6.4640002250671386719 6.3159999847412109375 6.5440001487731933594 6.7760000228881835938 6.7160000801086425781 6.5720000267028808594 6.5240001678466796875 6.5320000648498535156 6.5640001296997070313 6.6159996986389160156 6.7319998741149902344 6.8840003013610839844 6.7439999580383300781 6.9600000381469726563 7.4040002822875976563 7.5520000457763671875 7.5720000267028808594 7.7280001640319824219 7.9079999923706054688 8.1759996414184570313 8.3520002365112304688 8.2679996490478515625 7.8039999008178710938 7.5479998588562011719 7.6479997634887695313 7.9800000190734863281 8.20800018310546875 8.187999725341796875 8.3360004425048828125 8.6079998016357421875 8.6759996414184570313
6.1999998092651367188 6.187999725341796875 5.9040002822875976563 5.6960000991821289063 5.5 5.5879998207092285156 5.6759996414184570313 5.5120000839233398438 5.5079998970031738281 5.5679998397827148438 5.6360001564025878906 5.8600001335144042969 6 6.0279998779296875 6.4120001792907714844 6.6479997634887695313 6.7119998931884765625 6.7680001258850097656 6.5479998588562011719 6.1960000991821289063 6.340000152587890625 6.6960000991821289063 6.6360001564025878906 6.5079998970031738281 6.5199999809265136719 6.5159997940063476563 6.3880000114440917969 6.2800002098083496094 6.6199998855590820313 6.7760000228881835938 6.5399999618530273438 6.7680001258850097656 7.2399997711181640625 7.3920001983642578125 7.5759997367858886719 7.6440000534057617188 8.0839996337890625 8.1120004653930664063 8.0679998397827148438 7.7560000419616699219 7.4240002632141113281 7.4200000762939453125 7.5679998397827148438 7.9960002899169921875 8.3800001144409179688 8.2519998550415039063 8.2039995193481445313 8.4040002822875976563 8.5039997100830078125
6.4320001602172851563 6.1999998092651367188 5.8759999275207519531 5.6560001373291015625 5.4240002632141113281 5.4559998512268066406 5.6119999885559082031 5.555999755859375 5.3559999465942382813 5.2680001258850097656 5.4040002822875976563 5.9400000572204589844 6.1359996795654296875 6.0640001296997070313 6.23600006103515625 6.4159998893737792969 6.4720001220703125 6.5879998207092285156 6.3839998245239257813 6.2839999198913574219 6.4559998512268066406 6.5720000267028808594 6.6960000991821289063 6.6719999313354492188 6.5599999427795410156 6.7319998741149902344 6.576000213623046875 6.2160000801086425781 6.5959997177124023438 6.6640000343322753906 6.4159998893737792969 6.6199998855590820313 6.9720001220703125 7.1640000343322753906 7.3320002555847167969 7.3080000877380371094 7.8000001907348632813 7.8200001716613769531 7.6519999504089355469 7.5359997749328613281 7.3559999465942382813 7.2920002937316894531 7.4079999923706054688 7.79199981689453125 8.215999603271484375 8.2440004348754882813 8.1160001754760742188 8.3719997406005859375 8.6759996414184570313
6.4040002822875976563 6.1679997444152832031 5.9800000190734863281 5.7439999580383300781 5.6119999885559082031 5.5279998779296875 5.5679998397827148438 5.6079998016357421875 5.3439998626708984375 5.1119999885559082031 5.3719997406005859375 5.9679999351501464844 6.1919999122619628906 6.1199998855590820313 6.131999969482421875 6.2239999771118164063 6.2199997901916503906 6.4000000953674316406 6.5199999809265136719 6.7480001449584960938 6.7199997901916503906 6.4400000572204589844 6.5799999237060546875 6.6919999122619628906 6.5199999809265136719 6.7519998550415039063 6.8759999275207519531 6.576000213623046875 6.555999755859375 6.4640002250671386719 6.368000030517578125 6.4040002822875976563 6.6360001564025878906 6.8839998245239257813 7.1479997634887695313 7.1799998283386230469 7.3759999275207519531 7.4479999542236328125 7.6360001564025878906 7.6440000534057617188 7.4720001220703125 7.26399993896484375 7.2399997711181640625 7.5599999427795410156 8.1000003814697265625 8.0880002975463867188 8 8.2519998550415039063 8.6239995956420898438
