data/mintemp.asc
ncols        384
nrows        480
xllcorner    138.000000000000
yllcorner    -29.000000000000
cellsize     0.041666666667
NODATA_value -9999
[rows 110 to 131 of 480, columns 98 to 146 of 384]
17.435998916625976563 17.520000457763671875 17.56800079345703125 17.492000579833984375 17.43199920654296875 17.451999664306640625 17.427999496459960938 17.427999496459960938 17.411998748779296875 17.359998703002929688 17.26399993896484375 17.200000762939453125 17.256000518798828125 17.267999649047851563 17.228000640869140625 17.271999359130859375 17.444000244140625 17.588001251220703125 17.524000167846679688 17.503999710083007813 17.3600006103515625 17.176000595092773438 17.232000350952148438 17.38800048828125 17.552000045776367188 17.6920013427734375 17.799999237060546875 17.76399993896484375 17.552000045776367188 16.780000686645507813 17.1399993896484375 17.8600006103515625 17.87599945068359375 18.1959991455078125 18.5 18.924999237060546875 -9999 -9999 -9999 -9999 -9999 -9999 -9999 -9999 -9999 -9999 -9999 -9999 -9999
17.5 17.544000625610351563 17.555999755859375 17.520000457763671875 17.4160003662109375 17.399999618530273438 17.392000198364257813 17.407999038696289063 17.395999908447265625 17.331998825073242188 17.299999237060546875 17.204000473022460938 17.0839996337890625 17.104000091552734375 17.100000381469726563 17.215999603271484375 17.392000198364257813 17.524000167846679688 17.427999496459960938 17.392000198364257813 17.256000518798828125 17.12400054931640625 17.1920013427734375 17.340000152587890625 17.483999252319335938 17.644001007080078125 17.747999191284179688 17.6920013427734375 16.944000244140625 16.531999588012695313 16.579999923706054688 17.252000808715820313 17.26399993896484375 18.11199951171875 18.531999588012695313 18.799999237060546875 -9999 -9999 -9999 20.200000762939453125 -9999 -9999 -9999 -9999 -9999 -9999 -9999 -9999 -9999
17.488000869750976563 17.555999755859375 17.564001083374023438 17.479999542236328125 17.392000198364257813 17.33599853515625 17.38800048828125 17.37599945068359375 17.312000274658203125 17.191999435424804688 17.1399993896484375 17.020000457763671875 16.899999618530273438 16.979999542236328125 17.076000213623046875 17.135999679565429688 17.280000686645507813 17.407999038696289063 17.327999114990234375 17.224000930786132813 17.12400054931640625 17.035999298095703125 17.11199951171875 17.288000106811523438 17.440000534057617188 17.600000381469726563 17.696001052856445313 17.644001007080078125 17.2519989013671875 16.600000381469726563 16.191999435424804688 16.544000625610351563 17.247999191284179688 18.0279998779296875 18.5 18.799999237060546875 -9999 -9999 -9999 -9999 -9999 -9999 -9999 -9999 -9999 -9999 -9999 -9999 -9999
17.479999542236328125 17.4160003662109375 17.407999038696289063 17.399999618530273438 17.368000030517578125 17.315999984741210938 17.280000686645507813 17.184000015258789063 17.055999755859375 16.907999038696289063 16.87599945068359375 16.843999862670898438 16.775999069213867188 16.883998870849609375 16.988000869750976563 17.003999710083007813 17.06800079345703125 17.26399993896484375 17.256000518798828125 17.20800018310546875 17.140001296997070313 17.035999298095703125 17.0839996337890625 17.20800018310546875 17.355998992919921875 17.511999130249023438 17.576000213623046875 17.275999069213867188 16.940000534057617188 15.944000244140625 15.631999969482421875 16.0279998779296875 16.88800048828125 17.895999908447265625 18.456521987915039063 -9999 -9999 -9999 -9999 -9999 -9999 -9999 -9999 -9999 -9999 -9999 -9999 -9999 -9999
17.43199920654296875 17.331998825073242188 17.288000106811523438 17.288000106811523438 17.33599853515625 17.260000228881835938 17.0839996337890625 16.864000320434570313 16.715999603271484375 16.579999923706054688 16.607999801635742188 16.635999679565429688 16.672000885009765625 16.823999404907226563 16.955999374389648438 16.871999740600585938 16.864000320434570313 17.076000213623046875 17.156000137329101563 17.196001052856445313 17.120000839233398438 17.044000625610351563 17.055999755859375 17.107999801635742188 17.20800018310546875 17.228000640869140625 16.672000885009765625 15.987999916076660156 15.328000068664550781 14.696000099182128906 14.940000534057617188 15.699999809265136719 16.979999542236328125 17.79199981689453125 18.399999618530273438 -9999 -9999 -9999 -9999 -9999 -9999 -9999 -9999 -9999 -9999 -9999 -9999 -9999 -9999
17.38800048828125 17.364000320434570313 17.252000808715820313 17.211999893188476563 17.224000930786132813 17.176000595092773438 17.052000045776367188 16.88800048828125 16.687999725341796875 16.511999130249023438 16.420000076293945313 16.451999664306640625 16.524000167846679688 16.592000961303710938 16.799999237060546875 16.859998703002929688 16.831998825073242188 16.940000534057617188 17.044000625610351563 17.059999465942382813 17.016000747680664063 17 16.996000289916992188 17.0279998779296875 17.140001296997070313 17.036001205444335938 16.143999099731445313 15.427999496459960938 14.939999580383300781 14.460000038146972656 15.024000167846679688 15.935999870300292969 17.115999221801757813 17.656000137329101563 18.128000259399414063 18.477777481079101563 -9999 -9999 -9999 -9999 -9999 -9999 -9999 -9999 -9999 -9999 -9999 -9999 -9999
17.331998825073242188 17.260000228881835938 17.196001052856445313 17.131999969482421875 17.16400146484375 17.116001129150390625 17.044000625610351563 16.93199920654296875 16.892000198364257813 16.711999893188476563 16.635999679565429688 16.440000534057617188 16.33599853515625 16.492000579833984375 16.803998947143554688 16.90399932861328125 16.79199981689453125 16.752000808715820313 16.895999908447265625 16.90399932861328125 16.93199920654296875 16.9160003662109375 16.899999618530273438 17 17.003999710083007813 16.840000152587890625 16.5279998779296875 15.776000022888183594 15.048000335693359375 14.491999626159667969 15.283999443054199219 16.856000900268554688 17.200000762939453125 17.576000213623046875 17.90399932861328125 18.325000762939453125 18.53333282470703125 -9999 -9999 19.299999237060546875 -9999 -9999 -9999 -9999 -9999 -9999 -9999 -9999 -9999
17.299999237060546875 17.275999069213867188 17.1920013427734375 17.15200042724609375 17.100000381469726563 17.048000335693359375 16.947999954223632813 16.899999618530273438 16.864000320434570313 16.70800018310546875 16.684000015258789063 16.407999038696289063 16.196001052856445313 16.327999114990234375 16.635999679565429688 16.859998703002929688 16.775999069213867188 16.704000473022460938 16.79199981689453125 16.823999404907226563 16.83599853515625 16.831998825073242188 16.851999282836914063 16.923999786376953125 16.940000534057617188 16.427999496459960938 16.492000579833984375 16.163999557495117188 15.279999732971191406 14.932000160217285156 15.907999992370605469 17.168001174926757813 17.26399993896484375 17.464000701904296875 17.691999435424804688 18.031999588012695313 18.3727264404296875 -9999 -9999 -9999 -9999 -9999 -9999 -9999 -9999 -9999 -9999 -9999 -9999
17.31999969482421875 17.215999603271484375 17.107999801635742188 17.107999801635742188 17.0279998779296875 16.923999786376953125 16.899999618530273438 16.892000198364257813 16.83599853515625 16.724000930786132813 16.672000885009765625 16.3600006103515625 16.09600067138671875 16.288000106811523438 16.607999801635742188 16.79199981689453125 16.771999359130859375 16.6920013427734375 16.799999237060546875 16.811998367309570313 16.756000518798828125 16.73600006103515625 16.767999649047851563 16.81999969482421875 16.868000030517578125 16.747999191284179688 16.676000595092773438 16.288000106811523438 15.947999954223632813 15.128000259399414063 15.831999778747558594 17.088001251220703125 17.12400054931640625 17.260000228881835938 17.4160003662109375 17.715999603271484375 18.194444656372070313 -9999 -9999 -9999 19.299999237060546875 -9999 -9999 -9999 -9999 -9999 -9999 -9999 -9999
17.220001220703125 17.140001296997070313 17.100000381469726563 17.048000335693359375 16.93199920654296875 16.911998748779296875 16.899999618530273438 16.879999160766601563 16.811998367309570313 16.724000930786132813 16.65200042724609375 16.308000564575195313 16.020000457763671875 16.243999481201171875 16.628000259399414063 16.784000396728515625 16.728000640869140625 16.659999847412109375 16.732000350952148438 16.739999771118164063 16.628000259399414063 16.579999923706054688 16.68000030517578125 16.73600006103515625 16.684000015258789063 16.687999725341796875 16.51200103759765625 16.34799957275390625 16.131999969482421875 16.035999298095703125 16.444000244140625 16.968000411987304688 16.968000411987304688 17.055999755859375 17.184000015258789063 17.435998916625976563 17.968000411987304688 18.375 -9999 -9999 -9999 -9999 -9999 -9999 -9999 -9999 -9999 -9999 -9999
17.128000259399414063 17.09600067138671875 17.024000167846679688 16.983999252319335938 16.944000244140625 16.907999038696289063 16.907999038696289063 16.823999404907226563 16.843999862670898438 16.752000808715820313 16.663999557495117188 16.392000198364257813 16.079999923706054688 16.228000640869140625 16.648000717163085938 16.767999649047851563 16.720001220703125 16.70800018310546875 16.684000015258789063 16.659999847412109375 16.524000167846679688 16.45999908447265625 16.572000503540039063 16.648000717163085938 16.579999923706054688 16.3040008544921875 16.34799957275390625 16.31999969482421875 16.420000076293945313 16.308000564575195313 16.29199981689453125 16.70800018310546875 16.899999618530273438 16.992000579833984375 17.104000091552734375 17.280000686645507813 17.672000885009765625 18.187999725341796875 18.399999618530273438 -9999 -9999 -9999 -9999 -9999 -9999 -9999 -9999 -9999 -9999
17.04000091552734375 17.007999420166015625 16.992000579833984375 16.920000076293945313 16.879999160766601563 16.883998870849609375 16.859998703002929688 16.823999404907226563 16.836000442504882813 16.760000228881835938 16.68000030517578125 16.468000411987304688 16.204000473022460938 16.299999237060546875 16.628000259399414063 16.696001052856445313 16.635999679565429688 16.659999847412109375 16.668001174926757813 16.600000381469726563 16.451999664306640625 16.33599853515625 16.383998870849609375 16.468000411987304688 16.468000411987304688 16.308000564575195313 16.176000595092773438 16.247999191284179688 16.31999969482421875 16.38800048828125 16.383998870849609375 16.704000473022460938 16.899999618530273438 16.923999786376953125 17.020000457763671875 17.11199951171875 17.364000320434570313 17.780000686645507813 18.115385055541992188 -9999 -9999 -9999 -9999 -9999 -9999 -9999 -9999 -9999 -9999
17.003999710083007813 17 16.979999542236328125 16.90399932861328125 16.815999984741210938 16.851999282836914063 16.81999969482421875 16.84799957275390625 16.84799957275390625 16.779998779296875 16.700000762939453125 16.483999252319335938 16.351999282836914063 16.45999908447265625 16.6920013427734375 16.659999847412109375 16.564001083374023438 16.620000839233398438 16.592000961303710938 16.524000167846679688 16.423999786376953125 16.279998779296875 16.163999557495117188 16.163999557495117188 16.275999069213867188 16.260000228881835938 16.204000473022460938 16.176000595092773438 16.1920013427734375 16.220001220703125 16.295999526977539063 16.684000015258789063 16.756000518798828125 16.76399993896484375 16.815999984741210938 17 17.219999313354492188 17.503999710083007813 17.835294723510742188 -9999 -9999 -9999 -9999 -9999 -9999 -9999 -9999 -9999 -9999
17.079999923706054688 16.996000289916992188 16.944000244140625 16.899999618530273438 16.93199920654296875 16.920000076293945313 16.879999160766601563 16.84799957275390625 16.811998367309570313 16.760000228881835938 16.65200042724609375 16.535999298095703125 16.5 16.65200042724609375 16.752000808715820313 16.743999481201171875 16.696001052856445313 16.775999069213867188 16.76399993896484375 16.66400146484375 16.423999786376953125 16.144001007080078125 15.996000289916992188 16.024000167846679688 16.100000381469726563 16.104000091552734375 16.172000885009765625 16.187999725341796875 16.088001251220703125 16.18000030517578125 16.364000320434570313 16.379999160766601563 16.468000411987304688 16.535999298095703125 16.663999557495117188 16.899999618530273438 17.100000381469726563 17.351999282836914063 17.729999542236328125 -9999 -9999 -9999 -9999 -9999 -9999 -9999 -9999 -9999 -9999
17.016000747680664063 16.947999954223632813 16.907999038696289063 16.95999908447265625 16.968000411987304688 16.911998748779296875 16.83599853515625 16.799999237060546875 16.795999526977539063 16.739999771118164063 16.68000030517578125 16.559999465942382813 16.62400054931640625 16.760000228881835938 16.771999359130859375 16.771999359130859375 16.771999359130859375 16.788000106811523438 16.752000808715820313 16.592000961303710938 16.3040008544921875 16.04000091552734375 15.951999664306640625 15.944000244140625 16.024000167846679688 16.024000167846679688 16.12400054931640625 16.140001296997070313 16.024000167846679688 16.044000625610351563 16.243999481201171875 16.26399993896484375 16.315999984741210938 16.468000411987304688 16.62400054931640625 16.743999481201171875 16.935998916625976563 17.232000350952148438 17.630001068115234375 -9999 -9999 -9999 -9999 -9999 -9999 -9999 -9999 -9999 -9999
16.9720001220703125 16.947999954223632813 16.95999908447265625 16.992000579833984375 16.95999908447265625 16.892000198364257813 16.799999237060546875 16.795999526977539063 16.76399993896484375 16.704000473022460938 16.640001296997070313 16.59600067138671875 16.687999725341796875 16.775999069213867188 16.775999069213867188 16.784000396728515625 16.73600006103515625 16.684000015258789063 16.65200042724609375 16.524000167846679688 16.464000701904296875 16.156000137329101563 15.963999748229980469 15.899999618530273438 15.927999496459960938 15.975999832153320313 16.003999710083007813 16.007999420166015625 15.907999992370605469 15.883999824523925781 15.923999786376953125 16.156000137329101563 16.247999191284179688 16.351999282836914063 16.4720001220703125 16.59600067138671875 16.784000396728515625 17.072000503540039063 17.4375 17.450000762939453125 -9999 -9999 -9999 -9999 -9999 -9999 -9999 -9999 -9999
17 17 16.992000579833984375 16.988000869750976563 16.968000411987304688 16.892000198364257813 16.81999969482421875 16.775999069213867188 16.739999771118164063 16.6920013427734375 16.607999801635742188 16.592000961303710938 16.668001174926757813 16.79199981689453125 16.747999191284179688 16.70800018310546875 16.620000839233398438 16.516000747680664063 16.488000869750976563 16.496000289916992188 16.444000244140625 16.2519989013671875 15.967999458312988281 15.863999366760253906 15.815999984741210938 15.87599945068359375 15.843999862670898438 15.779999732971191406 15.767999649047851563 15.720000267028808594 15.552000045776367188 15.744000434875488281 16.048000335693359375 16.1920013427734375 16.31999969482421875 16.451999664306640625 16.656000137329101563 16.895999908447265625 17.140001296997070313 17.223077774047851563 -9999 -9999 -9999 -9999 -9999 -9999 -9999 -9999 -9999
16.955999374389648438 16.964000701904296875 16.975999832153320313 16.951999664306640625 16.90399932861328125 16.879999160766601563 16.803998947143554688 16.760000228881835938 16.704000473022460938 16.656000137329101563 16.564001083374023438 16.555999755859375 16.631999969482421875 16.68000030517578125 16.659999847412109375 16.544000625610351563 16.45999908447265625 16.427999496459960938 16.455999374389648438 16.407999038696289063 16.331998825073242188 16.168001174926757813 15.927999496459960938 15.800000190734863281 15.70800018310546875 15.675999641418457031 15.635999679565429688 15.5839996337890625 15.5839996337890625 15.552000045776367188 15.479999542236328125 15.644000053405761719 15.911999702453613281 16.088001251220703125 16.148000717163085938 16.303998947143554688 16.435998916625976563 16.656000137329101563 16.979999542236328125 17.242105484008789063 -9999 -9999 -9999 -9999 -9999 -9999 -9999 -9999 -9999
16.899999618530273438 16.899999618530273438 16.90399932861328125 16.892000198364257813 16.859998703002929688 16.799999237060546875 16.676000595092773438 16.61199951171875 16.564001083374023438 16.507999420166015625 16.423999786376953125 16.423999786376953125 16.524000167846679688 16.559999465942382813 16.544000625610351563 16.435998916625976563 16.34799957275390625 16.383998870849609375 16.475999832153320313 16.368000030517578125 16.395999908447265625 16.128000259399414063 15.895999908447265625 15.727999687194824219 15.612000465393066406 15.503999710083007813 15.460000038146972656 15.439999580383300781 15.487999916076660156 15.451999664306640625 15.399999618530273438 15.524000167846679688 15.779999732971191406 15.823999404907226563 15.979999542236328125 16.116001129150390625 16.31999969482421875 16.507999420166015625 16.724000930786132813 17.184000015258789063 17.633333206176757813 -9999 -9999 -9999 -9999 -9999 -9999 -9999 -9999
16.831998825073242188 16.843999862670898438 16.831998825073242188 16.760000228881835938 16.704000473022460938 16.588001251220703125 16.54000091552734375 16.54000091552734375 16.572000503540039063 16.5279998779296875 16.451999664306640625 16.40399932861328125 16.423999786376953125 16.43199920654296875 16.368000030517578125 16.295999526977539063 16.288000106811523438 16.368000030517578125 16.4720001220703125 16.327999114990234375 16.295999526977539063 16.024000167846679688 15.911999702453613281 15.68000030517578125 15.531999588012695313 15.324000358581542969 15.331999778747558594 15.391999244689941406 15.4720001220703125 15.312000274658203125 15.300000190734863281 15.331999778747558594 15.355999946594238281 15.644000053405761719 15.831999778747558594 15.915999412536621094 16.072000503540039063 16.288000106811523438 16.59600067138671875 16.868000030517578125 17.305881500244140625 -9999 -9999 -9999 -9999 -9999 -9999 -9999 -9999
16.747999191284179688 16.700000762939453125 16.66400146484375 16.61199951171875 16.5839996337890625 16.5 16.620000839233398438 16.711999893188476563 16.684000015258789063 16.61199951171875 16.548000335693359375 16.399999618530273438 16.260000228881835938 16.252000808715820313 16.228000640869140625 16.18000030517578125 16.196001052856445313 16.239999771118164063 16.315999984741210938 16.275999069213867188 16.176000595092773438 15.800000190734863281 15.699999809265136719 15.5 15.303999900817871094 15.215999603271484375 15.272000312805175781 15.368000030517578125 15.392000198364257813 15.312000274658203125 15.199999809265136719 15.203999519348144531 15.272000312805175781 15.484000205993652344 15.640000343322753906 15.739999771118164063 15.911999702453613281 16.087999343872070313 16.228000640869140625 16.379999160766601563 16.892000198364257813 17.174999237060546875 -9999 -9999 -9999 -9999 -9999 -9999 17.7133331298828125
16.616001129150390625 16.600000381469726563 16.600000381469726563 16.600000381469726563 16.676000595092773438 16.687999725341796875 16.752000808715820313 16.70800018310546875 16.676000595092773438 16.600000381469726563 16.548000335693359375 16.488000869750976563 16.407999038696289063 16.343999862670898438 16.172000885009765625 16.059999465942382813 16.04000091552734375 16.052000045776367188 16.15200042724609375 16.196001052856445313 16.04000091552734375 15.852000236511230469 15.31999969482421875 15.395999908447265625 15.29199981689453125 15.18000030517578125 15.159999847412109375 15.248000144958496094 15.248000144958496094 15.187999725341796875 15.084000587463378906 15.052000045776367188 15.175999641418457031 15.404000282287597656 15.572000503540039063 15.711999893188476563 15.883999824523925781 15.991999626159667969 15.975999832153320313 16.048000335693359375 16.40399932861328125 16.739999771118164063 17.005262374877929688 17.129999160766601563 17.549999237060546875 17.644445419311523438 17.618183135986328125 17.454545974731445313 17.29199981689453125
