data/mintemp.asc
ncols        384
nrows        480
xllcorner    138.000000000000
yllcorner    -29.000000000000
cellsize     0.041666666667
NODATA_value -9999
[rows 308 to 329 of 480, columns 147 to 195 of 384]
7.9000000953674316406 7.8200001716613769531 7.8080000877380371094 7.868000030517578125 7.840000152587890625 7.8200001716613769531 8.0799999237060546875 8.6239995956420898438 9.1199998855590820313 9.3839998245239257813 9.451999664306640625 9.37599945068359375 9.2200002670288085938 9.31999969482421875 9.312000274658203125 9.0959997177124023438 9 9.0520000457763671875 9.0640001296997070313 9.0080003738403320313 9.0440006256103515625 9.0080003738403320313 9.0120000839233398438 9.1000003814697265625 9.1280002593994140625 9.1000003814697265625 9.048000335693359375 8.8719997406005859375 8.7200002670288085938 8.7320003509521484375 8.8280000686645507813 8.8240003585815429688 8.631999969482421875 8.3800001144409179688 8.1960000991821289063 8.0600004196166992188 8.12400054931640625 8.1640005111694335938 8.1079998016357421875 8.1199998855590820313 8.3280000686645507813 8.4479999542236328125 8.2839994430541992188 8.1680002212524414063 8.2200002670288085938 8.3599996566772460938 8.5120000839233398438 8.6199998855590820313 8.3520002365112304688
7.9079999923706054688 7.7680001258850097656 7.7319998741149902344 7.8320002555847167969 7.8600001335144042969 7.9200000762939453125 8.1920003890991210938 8.6560001373291015625 8.9680004119873046875 9.1079998016357421875 9.3159999847412109375 9.340000152587890625 9.20800018310546875 9.2880001068115234375 9.1960000991821289063 9.0159997940063476563 8.9479999542236328125 9.0039997100830078125 9.0440006256103515625 9.0399999618530273438 9.0399999618530273438 9 9.0600004196166992188 9.1080007553100585938 9.15200042724609375 9.0440006256103515625 8.8999996185302734375 8.5720005035400390625 8.5159997940063476563 8.59600067138671875 8.8159999847412109375 8.9639997482299804688 8.6719999313354492188 8.3159999847412109375 8.131999969482421875 7.9920001029968261719 7.9600000381469726563 7.9600000381469726563 7.9559998512268066406 8.0080003738403320313 8.1960000991821289063 8.3879995346069335938 8.2880001068115234375 8.1999998092651367188 8.2760000228881835938 8.3639993667602539063 8.2959995269775390625 8.3079996109008789063 8.29199981689453125
7.9000000953674316406 7.8040003776550292969 7.8920001983642578125 7.9640002250671386719 8.0520000457763671875 8.1400003433227539063 8.1479997634887695313 8.1680002212524414063 8.2720003128051757813 8.4560003280639648438 8.9840002059936523438 9.2440004348754882813 9.2600002288818359375 9.29199981689453125 9.2239999771118164063 9.0600004196166992188 9 8.9919996261596679688 8.9720001220703125 8.9600000381469726563 8.979999542236328125 9.020000457763671875 9.1000003814697265625 9.1080007553100585938 9.048000335693359375 8.9359998703002929688 8.8719997406005859375 8.715999603271484375 8.7119998931884765625 8.6840000152587890625 8.7600002288818359375 8.9399995803833007813 8.7440004348754882813 8.3159999847412109375 8.0920000076293945313 7.9800000190734863281 8.0159997940063476563 8 7.9879999160766601563 7.9159998893737792969 8.055999755859375 8.1560001373291015625 8.0799999237060546875 8.12400054931640625 8.187999725341796875 8.1840000152587890625 8.1479997634887695313 8.1560001373291015625 8.2960004806518554688
7.9079999923706054688 7.7199997901916503906 7.7760000228881835938 7.8800001144409179688 7.9320001602172851563 7.9679999351501464844 7.9879999160766601563 8 7.9840002059936523438 8.0159997940063476563 8.3760004043579101563 8.8999996185302734375 9.1199998855590820313 9.2039995193481445313 9.20800018310546875 9.0600004196166992188 9 8.9200000762939453125 8.8520002365112304688 8.8800001144409179688 8.9159994125366210938 8.979999542236328125 8.9600000381469726563 9.0399999618530273438 9.0920000076293945313 9.0600004196166992188 9 8.9759998321533203125 8.9720001220703125 8.9560003280639648438 9.0039997100830078125 9.0159997940063476563 8.7959995269775390625 8.2959995269775390625 8.0159997940063476563 8.0159997940063476563 8.0399999618530273438 8 8.0360002517700195313 7.9479999542236328125 7.9479999542236328125 7.9960002899169921875 8.048000335693359375 8.18000030517578125 8.2320003509521484375 8.1440000534057617188 8.1199998855590820313 8.0399999618530273438 8.2320003509521484375
7.8200001716613769531 7.7760000228881835938 7.7800002098083496094 7.9079999923706054688 7.895999908447265625 7.8039999008178710938 7.895999908447265625 7.9359998703002929688 7.8759999275207519531 7.8200001716613769531 7.9720001220703125 8.5 8.8920001983642578125 9.159999847412109375 9.2200002670288085938 9.048000335693359375 8.9639997482299804688 8.895999908447265625 8.8000001907348632813 8.79199981689453125 8.8999996185302734375 8.9960002899169921875 9.0039997100830078125 9.076000213623046875 9.1000003814697265625 9.0880002975463867188 9.0039997100830078125 8.9759998321533203125 8.9119997024536132813 8.951999664306640625 8.9879999160766601563 9 8.8439998626708984375 8.4200000762939453125 8.0240001678466796875 7.9759998321533203125 7.9679999351501464844 8 8.0799999237060546875 8.0679998397827148438 8.0880002975463867188 8.0360002517700195313 8.0840005874633789063 8.2039995193481445313 8.1479997634887695313 8.187999725341796875 8.2600002288818359375 8.1960000991821289063 8.2519998550415039063
7.7760000228881835938 7.8000001907348632813 7.812000274658203125 7.9320001602172851563 7.8239998817443847656 7.6359996795654296875 7.6560001373291015625 7.7480001449584960938 7.7960000038146972656 7.76399993896484375 7.8559999465942382813 8.3039999008178710938 8.8000001907348632813 9.1920003890991210938 9.23600006103515625 8.9919996261596679688 8.8599996566772460938 8.8839998245239257813 8.84799957275390625 8.81999969482421875 8.9399995803833007813 9.0840005874633789063 9.1000003814697265625 9.1000003814697265625 9.1000003814697265625 9.055999755859375 8.9040002822875976563 8.7880001068115234375 8.6640005111694335938 8.6160001754760742188 8.7519998550415039063 8.9279994964599609375 8.8520002365112304688 8.5 8.0839996337890625 7.8800001144409179688 7.8720002174377441406 7.9040002822875976563 8.0399999618530273438 8.2119998931884765625 8.1639995574951171875 8.0640001296997070313 8.15200042724609375 8.26399993896484375 8.20800018310546875 8.3000001907348632813 8.340000152587890625 8.2960004806518554688 8.2200002670288085938
7.9240002632141113281 7.9079999923706054688 7.8880000114440917969 8.0240001678466796875 7.9400000572204589844 7.6919999122619628906 7.6719999313354492188 7.7800002098083496094 7.7960000038146972656 7.6679997444152832031 7.8359999656677246094 8.3800001144409179688 8.76399993896484375 9.18000030517578125 9.2039995193481445313 8.9960002899169921875 8.8839998245239257813 8.8879995346069335938 8.895999908447265625 8.8879995346069335938 8.9119997024536132813 8.9759998321533203125 9.0039997100830078125 9.076000213623046875 9.020000457763671875 8.9399995803833007813 8.76399993896484375 8.3439998626708984375 8.1160001754760742188 8.1280002593994140625 8.4759998321533203125 8.8159999847412109375 8.8159999847412109375 8.5279998779296875 8.215999603271484375 7.9400000572204589844 7.8200001716613769531 7.9120001792907714844 8.1079998016357421875 8.284000396728515625 8.0720005035400390625 7.9800000190734863281 8.0840005874633789063 8.1120004653930664063 8.1120004653930664063 8.2440004348754882813 8.395999908447265625 8.3520002365112304688 8.2480001449584960938
8.0600004196166992188 8.0039997100830078125 7.895999908447265625 8.0880002975463867188 8.187999725341796875 7.9960002899169921875 7.895999908447265625 7.9400000572204589844 7.8000001907348632813 7.7079997062683105469 8 8.555999755859375 8.8800001144409179688 9.1640005111694335938 9.1759996414184570313 9.020000457763671875 8.9200000762939453125 8.8999996185302734375 8.8999996185302734375 8.8999996185302734375 8.8999996185302734375 8.87599945068359375 8.840000152587890625 8.9200000762939453125 8.9119997024536132813 8.868000030517578125 8.659999847412109375 8.0640001296997070313 7.73600006103515625 7.8200001716613769531 8.2200002670288085938 8.73600006103515625 8.84799957275390625 8.5080003738403320313 8.2799997329711914063 8.0080003738403320313 7.8200001716613769531 7.8840003013610839844 8.1160001754760742188 8.1280002593994140625 7.9560003280639648438 7.9000000953674316406 8 8 8 8.1640005111694335938 8.340000152587890625 8.3159999847412109375 8.2399997711181640625
8.0039997100830078125 7.9800000190734863281 7.8920001983642578125 8 8.2279996871948242188 8.2040004730224609375 7.9720001220703125 7.8639998435974121094 7.6999998092651367188 7.7799997329711914063 8.26399993896484375 8.8520002365112304688 9.1280002593994140625 9.1000003814697265625 9.0920000076293945313 9.0120000839233398438 9 8.944000244140625 8.9159994125366210938 8.90399932861328125 8.8639993667602539063 8.8000001907348632813 8.8000001907348632813 8.76399993896484375 8.868000030517578125 8.7760000228881835938 8.6680002212524414063 8.3079996109008789063 8.0319995880126953125 7.9879999160766601563 8.20800018310546875 8.7039995193481445313 8.81999969482421875 8.3920001983642578125 8.0839996337890625 7.9040002822875976563 7.8159999847412109375 7.9359998703002929688 7.9359998703002929688 7.9400000572204589844 7.9200000762939453125 7.9120001792907714844 7.8880000114440917969 7.8920001983642578125 7.9320001602172851563 8.0720005035400390625 8.2399997711181640625 8.2559995651245117188 8.2320003509521484375
7.8359999656677246094 7.8640003204345703125 7.9000000953674316406 7.8359999656677246094 7.9600000381469726563 8.0279998779296875 7.8200001716613769531 7.6679997444152832031 7.6919999122619628906 8.0240001678466796875 8.6479997634887695313 9.0600004196166992188 9.15200042724609375 9.0320005416870117188 9.0240001678466796875 9.0679998397827148438 9.0399999618530273438 8.9960002899169921875 9 8.9559993743896484375 8.868000030517578125 8.8520002365112304688 8.8559999465942382813 8.7959995269775390625 8.8879995346069335938 8.784000396728515625 8.7799997329711914063 8.6199998855590820313 8.4200000762939453125 8.34799957275390625 8.4079999923706054688 8.6680002212524414063 8.7399997711181640625 8.3240003585815429688 7.9040002822875976563 7.7480001449584960938 7.76399993896484375 7.8600001335144042969 7.8159999847412109375 7.9359998703002929688 8.0039997100830078125 8.0320005416870117188 7.9560003280639648438 7.9600000381469726563 7.9279999732971191406 8.0360002517700195313 8.1999998092651367188 8.187999725341796875 8.1759996414184570313
7.5920000076293945313 7.6960000991821289063 7.7760000228881835938 7.7880001068115234375 7.76399993896484375 7.7199997901916503906 7.6279997825622558594 7.6119999885559082031 7.944000244140625 8.5719995498657226563 9.0520000457763671875 9.1000003814697265625 9.0840005874633789063 9 8.9879999160766601563 9.0159997940063476563 9.0039997100830078125 9.0240001678466796875 9.020000457763671875 8.9320001602172851563 8.8999996185302734375 8.8999996185302734375 8.8999996185302734375 8.8999996185302734375 8.9399995803833007813 8.8999996185302734375 8.81999969482421875 8.5920000076293945313 8.3719997406005859375 8.37599945068359375 8.4559993743896484375 8.68000030517578125 8.7720003128051757813 8.3319997787475585938 7.8440003395080566406 7.687999725341796875 7.73600006103515625 7.8640003204345703125 7.9320001602172851563 8.0279998779296875 8.12400054931640625 8.2480001449584960938 8.2959995269775390625 8.2679996490478515625 8.1280002593994140625 8.1160001754760742188 8.1759996414184570313 8.076000213623046875 7.9559998512268066406
7.6159996986389160156 7.6679997444152832031 7.7519998550415039063 7.8320002555847167969 7.8759999275207519531 7.8159999847412109375 7.6640000343322753906 7.6519999504089355469 8.1680002212524414063 9.0159997940063476563 9.131999969482421875 9.076000213623046875 8.9759998321533203125 8.9160003662109375 8.8439998626708984375 8.868000030517578125 8.9119997024536132813 9.0120000839233398438 8.9879999160766601563 8.8800001144409179688 8.8079996109008789063 8.7760000228881835938 8.8000001907348632813 8.84799957275390625 8.8359994888305664063 8.7880001068115234375 8.6440000534057617188 8.4399995803833007813 8.3159999847412109375 8.2880001068115234375 8.3280000686645507813 8.6400003433227539063 8.7399997711181640625 8.2600002288818359375 7.7960000038146972656 7.6799998283386230469 7.8039999008178710938 7.9640002250671386719 8.048000335693359375 8.1560001373291015625 8.2760000228881835938 8.3999996185302734375 8.368000030517578125 8.3280000686645507813 8.1680002212524414063 8.048000335693359375 7.9920001029968261719 7.9360003471374511719 7.8600001335144042969
7.8559999465942382813 7.8880000114440917969 7.8480000495910644531 7.8880000114440917969 8.0039997100830078125 8.0840005874633789063 7.9679999351501464844 7.8359999656677246094 8.2200002670288085938 8.979999542236328125 9.09600067138671875 9.0159997940063476563 8.8319997787475585938 8.70800018310546875 8.631999969482421875 8.70800018310546875 8.784000396728515625 8.9200000762939453125 8.951999664306640625 8.7760000228881835938 8.6080007553100585938 8.5679998397827148438 8.5920000076293945313 8.6239995956420898438 8.548000335693359375 8.3439998626708984375 8.2799997329711914063 8.1759996414184570313 8.0839996337890625 8.0920000076293945313 8.187999725341796875 8.5279998779296875 8.6000003814697265625 8.1440000534057617188 7.8320002555847167969 7.7560000419616699219 7.9159998893737792969 8.0080003738403320313 7.9879999160766601563 8.2239999771118164063 8.4040002822875976563 8.340000152587890625 8.1920003890991210938 8.1120004653930664063 8 7.8520002365112304688 7.7399997711181640625 7.7279996871948242188 7.8200001716613769531
7.8480000495910644531 7.8439998626708984375 7.76399993896484375 7.8000001907348632813 7.9560003280639648438 8.1999998092651367188 8.2600002288818359375 8.0880002975463867188 8.2880001068115234375 8.604000091552734375 8.9479999542236328125 8.868000030517578125 8.7279996871948242188 8.5 8.555999755859375 8.6160001754760742188 8.6919994354248046875 8.73600006103515625 8.76399993896484375 8.7279996871948242188 8.6639995574951171875 8.5840005874633789063 8.4720001220703125 8.3240003585815429688 7.9879999160766601563 7.8280000686645507813 7.9040002822875976563 7.9200000762939453125 7.8000001907348632813 7.7960000038146972656 8.0520000457763671875 8.5 8.548000335693359375 8.18000030517578125 7.8359999656677246094 7.7399997711181640625 7.8920001983642578125 7.9960002899169921875 8.1719999313354492188 8.3640003204345703125 8.5799999237060546875 8.548000335693359375 8.15200042724609375 7.9520001411437988281 7.8520002365112304688 7.7560000419616699219 7.6959996223449707031 7.6919999122619628906 7.8039999008178710938
7.5999999046325683594 7.5999999046325683594 7.5999999046325683594 7.7600002288818359375 8.0600004196166992188 8.3640003204345703125 8.395999908447265625 8.4119997024536132813 8.7880001068115234375 8.6280002593994140625 8.3999996185302734375 8.5679998397827148438 8.451999664306640625 8.2799997329711914063 8.3920001983642578125 8.4720001220703125 8.6000003814697265625 8.6199998855590820313 8.555999755859375 8.5439996719360351563 8.5240001678466796875 8.4280004501342773438 8.2440004348754882813 7.9279999732971191406 7.7319998741149902344 7.8239998817443847656 8.0799999237060546875 8.2040004730224609375 8.1000003814697265625 8.0959997177124023438 8.2480001449584960938 8.5439996719360351563 8.5279998779296875 8.076000213623046875 7.7560000419616699219 7.9159998893737792969 8.1400003433227539063 8.131999969482421875 8.1999998092651367188 8.1360006332397460938 8.2519998550415039063 8.048000335693359375 7.8200001716613769531 7.7560000419616699219 7.8040003776550292969 7.7760000228881835938 7.659999847412109375 7.5320000648498535156 7.4479999542236328125
7.4600000381469726563 7.6519999504089355469 7.659999847412109375 7.7039999961853027344 7.7599997520446777344 7.9120001792907714844 8.2040004730224609375 8.5399999618530273438 8.8640003204345703125 8.68000030517578125 8.5039997100830078125 8.6960000991821289063 8.2720003128051757813 8.0679998397827148438 8.0240001678466796875 8.0920000076293945313 8.2239999771118164063 8.1079998016357421875 7.9400000572204589844 7.8840003013610839844 7.8000001907348632813 7.7399997711181640625 7.7560000419616699219 7.7600002288818359375 7.7839999198913574219 8.0799999237060546875 8.5399999618530273438 8.659999847412109375 8.604000091552734375 8.576000213623046875 8.5360002517700195313 8.4759998321533203125 8.3039999008178710938 7.9640002250671386719 7.9600000381469726563 8.2799997329711914063 8.2799997329711914063 8.1440000534057617188 8.1160001754760742188 8.1000003814697265625 8.0799999237060546875 7.944000244140625 7.8800001144409179688 7.8840003013610839844 7.9359998703002929688 7.7960000038146972656 7.5399999618530273438 7.3000001907348632813 7.0999999046325683594
7.3640003204345703125 7.4800000190734863281 7.4640002250671386719 7.5040001869201660156 7.6519999504089355469 7.8559999465942382813 8.1999998092651367188 8.5159997940063476563 8.715999603271484375 8.479999542236328125 8.5399999618530273438 8.4399995803833007813 7.7439999580383300781 7.5240001678466796875 7.5759997367858886719 7.6640000343322753906 7.7280001640319824219 7.7719998359680175781 7.8000001907348632813 7.6919999122619628906 7.555999755859375 7.6079998016357421875 7.687999725341796875 7.7719998359680175781 8.1199998855590820313 8.520000457763671875 8.7600002288818359375 8.7279996871948242188 8.6999998092651367188 8.7960004806518554688 8.6920003890991210938 8.4759998321533203125 8.2320003509521484375 8.0360002517700195313 8.0880002975463867188 8.3039999008178710938 8.3039999008178710938 8.1960000991821289063 8.1079998016357421875 8.0360002517700195313 8.0080003738403320313 7.9559998512268066406 7.9159998893737792969 7.9240002632141113281 7.9240002632141113281 7.8600001335144042969 7.6519999504089355469 7.4600000381469726563 7.2880001068115234375
7.4279999732971191406 7.4840002059936523438 7.5120000839233398438 7.5959997177124023438 7.6840000152587890625 7.7680001258850097656 7.9920001029968261719 8.3760004043579101563 8.7119998931884765625 8.5399999618530273438 8.3439998626708984375 8.076000213623046875 7.5879998207092285156 7.4400000572204589844 7.4959998130798339844 7.6479997634887695313 7.76399993896484375 7.7839999198913574219 7.7119998931884765625 7.5359997749328613281 7.5079998970031738281 7.6759996414184570313 7.7560000419616699219 8.0120000839233398438 8.5679998397827148438 8.8359994888305664063 8.8240003585815429688 8.7239999771118164063 8.6400003433227539063 8.6560001373291015625 8.5799999237060546875 8.3800001144409179688 8.2799997329711914063 8.1840000152587890625 8.0799999237060546875 8.12400054931640625 8.1440000534057617188 8.0920000076293945313 7.9040002822875976563 7.7160000801086425781 7.659999847412109375 7.6840000152587890625 7.8159999847412109375 7.9600000381469726563 7.9400000572204589844 7.8759999275207519531 7.7960000038146972656 7.5799999237060546875 7.368000030517578125
7.5240001678466796875 7.5679998397827148438 7.5959997177124023438 7.5879998207092285156 7.7239999771118164063 7.9000000953674316406 8.0360002517700195313 8.3719997406005859375 8.520000457763671875 8.4639997482299804688 8.0439996719360351563 7.73600006103515625 7.687999725341796875 7.73600006103515625 7.6440000534057617188 7.7199997901916503906 7.8559999465942382813 7.7439999580383300781 7.4759998321533203125 7.340000152587890625 7.4640002250671386719 7.6440000534057617188 7.8039999008178710938 8.340000152587890625 8.8520002365112304688 8.9079999923706054688 8.8280000686645507813 8.7119998931884765625 8.6000003814697265625 8.6000003814697265625 8.4919996261596679688 8.284000396728515625 8.2559995651245117188 8.1199998855590820313 7.9000000953674316406 7.9720001220703125 8.1999998092651367188 8.368000030517578125 7.9600000381469726563 7.8000001907348632813 7.604000091552734375 7.5679998397827148438 7.7839999198913574219 7.9640002250671386719 7.9800000190734863281 7.8800001144409179688 7.6719999313354492188 7.4159998893737792969 7.1719999313354492188
7.3880000114440917969 7.3600001335144042969 7.3039999008178710938 7.3320002555847167969 7.5720000267028808594 7.8639998435974121094 8.2519998550415039063 8.6479997634887695313 8.4840002059936523438 8.0279998779296875 7.7199997901916503906 7.5 7.555999755859375 7.6279997825622558594 7.6119999885559082031 7.7319998741149902344 7.8520002365112304688 7.6719999313354492188 7.312000274658203125 7.131999969482421875 7.1719999313354492188 7.2839999198913574219 7.5960001945495605469 8.3559999465942382813 8.9119997024536132813 8.979999542236328125 8.8640003204345703125 8.7040004730224609375 8.6160001754760742188 8.6000003814697265625 8.4559993743896484375 8.2600002288818359375 8.1000003814697265625 8.0240001678466796875 8.0120000839233398438 8.131999969482421875 8.3079996109008789063 8.2519998550415039063 7.9120001792907714844 7.687999725341796875 7.5399999618530273438 7.5199999809265136719 7.6719999313354492188 7.8039999008178710938 7.812000274658203125 7.73600006103515625 7.631999969482421875 7.4159998893737792969 7.2039999961853027344
7.2519998550415039063 7.1840000152587890625 7.131999969482421875 7.2279996871948242188 7.4120001792907714844 7.7399997711181640625 8.2720003128051757813 8.6759996414184570313 8.4639997482299804688 7.8960003852844238281 7.6199998855590820313 7.4600000381469726563 7.5 7.5759997367858886719 7.5999999046325683594 7.659999847412109375 7.6519999504089355469 7.4359998703002929688 7.0999999046325683594 6.9520001411437988281 7.0399999618530273438 7.2160000801086425781 7.6119999885559082031 8.4160003662109375 8.8319997787475585938 8.8240003585815429688 8.7720003128051757813 8.6840000152587890625 8.6999998092651367188 8.6280002593994140625 8.5360002517700195313 8.3319997787475585938 8.1199998855590820313 8.1199998855590820313 8.1280002593994140625 8.1359996795654296875 8.26399993896484375 8.104000091552734375 7.8720002174377441406 7.6279997825622558594 7.5279998779296875 7.6399998664855957031 7.6840000152587890625 7.7160000801086425781 7.5679998397827148438 7.5920000076293945313 7.6640000343322753906 7.4959998130798339844 7.4040002822875976563
7.3000001907348632813 7.26399993896484375 7.29199981689453125 7.3640003204345703125 7.4800000190734863281 7.7280001640319824219 8.1840000152587890625 8.5600004196166992188 8.5320005416870117188 8.159999847412109375 7.7319998741149902344 7.5599999427795410156 7.6440000534057617188 7.7039999961853027344 7.659999847412109375 7.4720001220703125 7.340000152587890625 7.2319998741149902344 7.1079998016357421875 7.0679998397827148438 7.1999998092651367188 7.4279999732971191406 7.895999908447265625 8.5840005874633789063 8.6639995574951171875 8.3439998626708984375 8.2039995193481445313 8.3240003585815429688 8.520000457763671875 8.4119997024536132813 8.2320003509521484375 8.3280000686645507813 8.2959995269775390625 8.2720003128051757813 8.1960000991821289063 7.9679999351501464844 7.9720001220703125 7.8840003013610839844 7.8359999656677246094 7.6519999504089355469 7.6079998016357421875 7.6919999122619628906 7.7279996871948242188 7.7560000419616699219 7.5240001678466796875 7.5199999809265136719 7.6359996795654296875 7.6240000724792480469 7.6279997825622558594
