data/precipwetm.asc
ncols        384
nrows        480
xllcorner    138.000000000000
yllcorner    -29.000000000000
cellsize     0.041666666667
NODATA_value -9999
[rows 76 to 113 of 480, columns 85 to 169 of 384]
-9999 -9999 -9999 -9999 419 421 419 417 417 416 419 415 409 406 406 407 404 401 402 399 398 392 395 387 382 384 384 385 380 381 384 392 389 389 384 374 369 362 -9999 -9999 -9999 -9999 -9999 -9999 -9999 -9999 -9999 -9999 -9999 -9999 -9999 -9999 -9999 -9999 -9999 -9999 -9999 -9999 -9999 -9999 -9999 -9999 -9999 -9999 -9999 -9999 -9999 -9999 -9999 -9999 -9999 -9999 -9999 -9999 -9999 -9999 -9999 -9999 -9999 -9999 -9999 -9999 -9999 -9999 -9999
-9999 -9999 -9999 -9999 423 422 420 420 418 416 418 417 415 411 404 400 402 397 395 395 398 388 389 389 386 388 387 386 381 377 379 381 374 371 384 377 373 364 -9999 -9999 -9999 -9999 -9999 -9999 -9999 -9999 -9999 -9999 -9999 -9999 -9999 -9999 -9999 -9999 -9999 -9999 -9999 -9999 -9999 -9999 -9999 -9999 -9999 -9999 -9999 -9999 -9999 -9999 -9999 -9999 -9999 -9999 -9999 -9999 -9999 -9999 -9999 -9999 -9999 -9999 -9999 -9999 -9999 -9999 -9999
-9999 -9999 -9999 424 427 421 422 421 420 417 416 413 410 408 405 404 399 397 393 390 388 388 385 380 380 384 388 393 385 383 382 386 384 370 375 371 372 362 -9999 -9999 -9999 -9999 -9999 -9999 372 -9999 -9999 -9999 -9999 -9999 -9999 -9999 -9999 -9999 -9999 -9999 -9999 -9999 -9999 -9999 -9999 -9999 -9999 -9999 -9999 -9999 -9999 -9999 -9999 -9999 -9999 -9999 -9999 -9999 -9999 -9999 -9999 -9999 -9999 -9999 -9999 -9999 -9999 -9999 -9999
-9999 -9999 -9999 428 428 425 425 424 422 420 419 417 411 407 405 402 408 397 395 399 391 387 383 380 381 378 379 382 380 384 386 390 399 384 375 368 372 -9999 -9999 -9999 -9999 -9999 -9999 -9999 399 -9999 -9999 -9999 -9999 -9999 -9999 -9999 -9999 -9999 -9999 -9999 -9999 -9999 -9999 -9999 -9999 -9999 -9999 -9999 -9999 -9999 -9999 -9999 -9999 -9999 -9999 -9999 -9999 -9999 -9999 -9999 -9999 -9999 -9999 -9999 -9999 -9999 -9999 -9999 -9999
-9999 -9999 -9999 431 430 427 425 425 426 422 420 418 414 414 406 402 400 399 394 393 389 384 384 380 378 380 378 377 376 378 395 404 400 394 387 381 372 373 369 366 368 -9999 -9999 -9999 -9999 -9999 -9999 -9999 -9999 -9999 -9999 -9999 -9999 -9999 -9999 -9999 -9999 -9999 -9999 -9999 -9999 -9999 -9999 -9999 -9999 -9999 -9999 -9999 -9999 -9999 -9999 -9999 -9999 -9999 -9999 -9999 -9999 -9999 -9999 -9999 -9999 -9999 -9999 -9999 -9999
-9999 -9999 430 432 431 430 429 428 426 424 422 420 415 419 410 403 399 402 399 393 389 384 382 381 377 375 373 376 378 377 389 383 399 392 384 382 386 382 379 385 368 364 -9999 -9999 -9999 -9999 -9999 -9999 -9999 -9999 -9999 -9999 -9999 -9999 -9999 -9999 -9999 -9999 -9999 -9999 -9999 -9999 -9999 -9999 -9999 -9999 -9999 -9999 -9999 -9999 -9999 -9999 -9999 -9999 -9999 -9999 -9999 -9999 -9999 -9999 -9999 -9999 -9999 -9999 -9999
-9999 -9999 434 434 431 430 432 431 429 426 423 419 414 415 412 404 401 400 397 396 390 385 384 383 377 374 373 372 377 375 387 382 391 399 384 384 382 393 390 399 402 380 -9999 -9999 -9999 -9999 -9999 -9999 -9999 -9999 -9999 -9999 -9999 -9999 -9999 -9999 -9999 -9999 -9999 -9999 -9999 -9999 -9999 -9999 -9999 -9999 -9999 -9999 -9999 -9999 -9999 -9999 -9999 -9999 -9999 -9999 -9999 -9999 -9999 -9999 -9999 -9999 -9999 -9999 -9999
-9999 445 433 438 434 432 431 432 431 429 426 423 419 411 409 406 402 400 394 394 394 387 388 382 376 374 372 371 378 383 386 393 396 383 379 376 385 376 388 401 402 372 -9999 -9999 -9999 -9999 -9999 -9999 -9999 -9999 -9999 -9999 -9999 -9999 -9999 -9999 -9999 -9999 -9999 -9999 -9999 -9999 -9999 -9999 -9999 -9999 -9999 -9999 -9999 -9999 -9999 -9999 -9999 -9999 -9999 -9999 -9999 -9999 -9999 -9999 -9999 -9999 -9999 -9999 -9999
-9999 438 439 437 436 433 432 434 433 431 428 424 417 411 408 406 402 400 397 393 390 386 384 383 378 374 371 369 372 374 382 397 401 383 377 372 381 386 401 407 406 375 365 -9999 -9999 -9999 -9999 -9999 -9999 -9999 -9999 -9999 -9999 -9999 -9999 -9999 -9999 -9999 -9999 -9999 -9999 -9999 -9999 -9999 -9999 -9999 -9999 -9999 -9999 -9999 -9999 -9999 -9999 -9999 -9999 -9999 -9999 -9999 -9999 -9999 -9999 -9999 -9999 -9999 -9999
-9999 439 440 444 -9999 437 435 435 431 433 427 423 420 413 410 410 408 400 399 391 388 388 387 382 374 372 372 368 372 375 371 375 377 381 387 378 372 389 403 407 410 414 393 377 -9999 -9999 -9999 -9999 -9999 -9999 -9999 -9999 -9999 -9999 -9999 -9999 -9999 -9999 -9999 -9999 -9999 -9999 -9999 -9999 -9999 -9999 -9999 -9999 -9999 -9999 -9999 -9999 -9999 -9999 -9999 -9999 -9999 -9999 -9999 -9999 -9999 -9999 -9999 -9999 -9999
-9999 -9999 -9999 -9999 -9999 -9999 437 438 435 434 427 423 423 421 416 414 404 399 395 392 391 384 384 379 374 374 370 369 372 370 367 366 370 382 381 380 385 383 389 400 412 416 418 419 377 362 357 -9999 -9999 -9999 -9999 -9999 -9999 -9999 -9999 -9999 -9999 -9999 -9999 -9999 -9999 -9999 -9999 -9999 -9999 -9999 -9999 -9999 -9999 -9999 -9999 -9999 -9999 -9999 -9999 -9999 -9999 -9999 -9999 -9999 -9999 -9999 -9999 -9999 -9999
-9999 -9999 -9999 -9999 -9999 -9999 438 443 442 436 429 427 425 420 419 410 405 398 395 397 392 388 388 378 378 373 370 369 372 366 367 371 373 369 374 380 381 374 373 387 411 418 421 417 371 360 -9999 -9999 -9999 -9999 -9999 -9999 -9999 -9999 -9999 -9999 -9999 -9999 -9999 -9999 -9999 -9999 -9999 -9999 -9999 -9999 -9999 -9999 -9999 -9999 -9999 -9999 -9999 -9999 -9999 -9999 -9999 -9999 -9999 -9999 -9999 -9999 -9999 -9999 -9999
-9999 -9999 -9999 -9999 -9999 -9999 437 436 439 430 426 424 420 416 414 409 403 399 397 396 391 388 391 387 387 374 373 372 368 370 372 378 373 379 393 393 375 379 382 379 416 424 426 423 379 -9999 -9999 -9999 -9999 -9999 -9999 -9999 -9999 -9999 -9999 -9999 -9999 -9999 -9999 -9999 -9999 -9999 -9999 -9999 -9999 -9999 -9999 -9999 -9999 -9999 -9999 -9999 -9999 -9999 -9999 -9999 -9999 -9999 -9999 -9999 -9999 -9999 -9999 -9999 -9999
-9999 -9999 -9999 -9999 -9999 -9999 437 440 436 433 431 424 419 417 419 412 405 401 397 392 389 391 387 386 387 378 369 367 372 373 369 370 377 384 384 374 367 377 402 414 418 427 411 404 382 -9999 -9999 -9999 -9999 -9999 -9999 -9999 -9999 -9999 -9999 -9999 -9999 -9999 -9999 -9999 -9999 -9999 -9999 -9999 -9999 -9999 -9999 -9999 -9999 -9999 -9999 -9999 -9999 -9999 -9999 -9999 -9999 -9999 -9999 -9999 -9999 -9999 -9999 -9999 -9999
-9999 -9999 -9999 -9999 -9999 445 445 437 438 436 430 424 420 416 414 410 406 400 395 393 390 386 388 387 384 383 381 370 374 376 378 366 369 366 376 370 377 384 392 408 417 430 397 377 368 -9999 -9999 -9999 -9999 -9999 -9999 -9999 -9999 -9999 -9999 -9999 -9999 -9999 -9999 -9999 -9999 -9999 -9999 -9999 -9999 -9999 -9999 -9999 -9999 -9999 -9999 -9999 -9999 -9999 -9999 -9999 -9999 -9999 -9999 -9999 -9999 -9999 -9999 -9999 -9999
-9999 -9999 -9999 -9999 -9999 444 444 441 440 436 429 428 423 418 414 408 406 403 395 395 394 391 387 385 383 382 384 370 368 364 367 379 380 386 390 373 376 381 386 405 415 429 400 369 -9999 -9999 -9999 -9999 -9999 -9999 -9999 -9999 -9999 -9999 -9999 -9999 -9999 -9999 -9999 -9999 -9999 -9999 -9999 -9999 -9999 -9999 -9999 -9999 -9999 -9999 -9999 -9999 -9999 -9999 -9999 -9999 -9999 -9999 -9999 -9999 -9999 -9999 -9999 -9999 -9999
-9999 -9999 -9999 -9999 457 451 444 442 442 437 431 426 422 419 412 410 403 407 404 397 395 391 386 380 382 380 381 370 368 365 374 369 374 374 381 373 377 381 382 407 415 424 428 407 389 377 361 358 -9999 -9999 -9999 -9999 -9999 -9999 -9999 -9999 -9999 -9999 -9999 -9999 -9999 -9999 -9999 -9999 -9999 -9999 -9999 -9999 -9999 -9999 -9999 -9999 -9999 -9999 -9999 -9999 -9999 -9999 -9999 -9999 -9999 -9999 -9999 -9999 -9999
-9999 -9999 452 454 454 453 453 445 439 441 437 430 426 420 414 410 405 410 405 394 399 395 390 380 378 379 373 373 367 371 369 370 371 368 374 380 373 384 380 391 413 419 424 427 418 404 370 356 356 -9999 -9999 -9999 -9999 -9999 -9999 -9999 -9999 -9999 -9999 -9999 -9999 -9999 -9999 -9999 -9999 -9999 -9999 -9999 -9999 -9999 -9999 -9999 -9999 -9999 -9999 -9999 -9999 -9999 -9999 -9999 -9999 -9999 -9999 -9999 -9999
-9999 456 459 457 457 458 454 449 444 435 436 428 423 417 412 408 404 402 396 395 400 387 394 381 383 376 372 372 366 368 367 366 369 366 368 371 385 387 380 400 401 417 422 421 425 421 391 347 -9999 -9999 -9999 -9999 -9999 -9999 -9999 -9999 -9999 -9999 -9999 -9999 -9999 -9999 -9999 -9999 -9999 -9999 -9999 -9999 -9999 -9999 -9999 -9999 -9999 -9999 -9999 -9999 -9999 -9999 -9999 -9999 -9999 -9999 -9999 -9999 -9999
-9999 458 457 458 456 455 451 443 440 435 431 426 426 422 414 409 404 401 396 402 398 398 392 391 384 372 369 368 367 370 374 370 370 368 368 374 389 390 385 381 387 401 419 422 422 418 412 360 -9999 -9999 -9999 -9999 -9999 -9999 -9999 -9999 -9999 -9999 -9999 -9999 -9999 -9999 -9999 -9999 -9999 -9999 -9999 -9999 -9999 -9999 -9999 -9999 -9999 -9999 -9999 -9999 -9999 -9999 -9999 -9999 -9999 -9999 -9999 -9999 -9999
-9999 460 459 465 462 461 453 449 442 437 431 429 422 420 423 413 407 403 404 404 403 399 391 388 386 375 373 373 368 368 374 363 371 368 370 376 385 395 395 377 401 405 415 417 421 417 417 365 -9999 -9999 -9999 -9999 -9999 -9999 -9999 -9999 -9999 -9999 -9999 -9999 -9999 -9999 -9999 -9999 -9999 -9999 -9999 -9999 -9999 -9999 -9999 -9999 -9999 -9999 -9999 -9999 -9999 -9999 -9999 -9999 -9999 -9999 -9999 -9999 -9999
-9999 466 465 467 467 463 460 452 447 442 436 438 439 431 419 411 410 410 404 401 397 396 390 390 380 380 372 369 366 364 362 364 373 375 365 370 384 384 388 377 399 404 413 415 418 418 409 358 -9999 -9999 -9999 -9999 -9999 -9999 -9999 -9999 -9999 -9999 -9999 -9999 -9999 -9999 -9999 -9999 -9999 -9999 -9999 -9999 -9999 -9999 -9999 -9999 -9999 -9999 -9999 -9999 -9999 -9999 -9999 -9999 -9999 -9999 -9999 -9999 -9999
-9999 470 462 467 465 460 464 450 444 438 436 430 434 430 424 417 411 410 403 400 400 395 391 389 383 381 380 376 368 362 361 364 363 372 368 384 388 382 391 392 383 386 412 411 409 411 391 358 -9999 -9999 -9999 -9999 -9999 -9999 -9999 -9999 -9999 -9999 -9999 -9999 -9999 -9999 -9999 -9999 -9999 -9999 -9999 -9999 -9999 -9999 -9999 -9999 -9999 -9999 -9999 -9999 -9999 -9999 -9999 -9999 -9999 -9999 -9999 -9999 -9999
-9999 -9999 469 468 468 464 457 451 451 438 437 431 431 430 424 422 414 406 408 404 398 393 387 385 377 383 380 378 365 366 367 358 360 367 360 368 376 385 396 400 396 402 406 407 405 407 402 387 -9999 -9999 -9999 -9999 -9999 -9999 -9999 -9999 -9999 -9999 -9999 -9999 -9999 -9999 -9999 -9999 -9999 -9999 -9999 -9999 -9999 -9999 -9999 -9999 -9999 -9999 -9999 -9999 -9999 -9999 -9999 -9999 -9999 -9999 -9999 -9999 -9999
-9999 -9999 473 470 464 464 455 450 444 439 437 428 424 430 418 411 405 410 408 393 393 392 387 375 374 382 378 373 365 362 364 359 355 356 368 368 364 366 381 401 396 384 406 408 410 405 404 357 418 -9999 -9999 -9999 -9999 -9999 -9999 -9999 -9999 -9999 -9999 -9999 -9999 -9999 -9999 -9999 -9999 -9999 -9999 -9999 -9999 -9999 -9999 -9999 -9999 -9999 -9999 -9999 -9999 -9999 -9999 -9999 -9999 -9999 -9999 -9999 -9999
-9999 -9999 -9999 472 472 462 457 453 445 441 434 430 422 425 423 420 408 405 402 393 389 387 383 377 372 374 374 368 368 368 362 356 357 359 368 392 363 361 369 398 401 402 407 409 410 408 395 354 -9999 -9999 -9999 -9999 -9999 -9999 -9999 -9999 -9999 -9999 -9999 -9999 -9999 -9999 -9999 -9999 -9999 -9999 -9999 -9999 -9999 -9999 -9999 -9999 -9999 -9999 -9999 -9999 -9999 -9999 -9999 -9999 -9999 -9999 -9999 -9999 -9999
-9999 -9999 -9999 475 483 464 457 454 458 444 435 430 426 422 415 405 409 403 402 394 394 383 376 374 369 372 363 358 360 357 355 354 353 361 387 361 367 377 382 370 380 403 398 406 406 405 396 359 -9999 -9999 -9999 -9999 -9999 -9999 -9999 -9999 -9999 -9999 -9999 -9999 -9999 -9999 -9999 -9999 -9999 -9999 -9999 -9999 -9999 -9999 -9999 -9999 -9999 -9999 -9999 -9999 -9999 -9999 -9999 -9999 -9999 -9999 -9999 -9999 -9999
-9999 -9999 479 479 479 465 459 453 448 446 436 428 419 413 406 403 399 397 393 392 389 374 371 369 370 365 359 358 360 353 353 353 351 372 357 356 369 360 349 352 379 386 396 404 399 405 404 352 -9999 -9999 -9999 -9999 -9999 -9999 -9999 -9999 -9999 -9999 -9999 -9999 -9999 -9999 -9999 -9999 -9999 -9999 -9999 -9999 -9999 -9999 -9999 -9999 -9999 -9999 -9999 -9999 -9999 -9999 -9999 -9999 -9999 -9999 -9999 -9999 -9999
-9999 -9999 479 478 480 469 458 457 454 447 439 427 425 421 407 402 405 404 385 387 380 372 368 367 371 359 359 356 356 354 352 353 362 376 347 352 353 352 364 349 361 381 385 393 405 405 404 372 351 -9999 -9999 -9999 -9999 -9999 -9999 -9999 -9999 -9999 -9999 -9999 -9999 -9999 -9999 -9999 -9999 -9999 -9999 -9999 -9999 -9999 -9999 -9999 -9999 -9999 -9999 -9999 -9999 -9999 -9999 -9999 -9999 -9999 -9999 -9999 -9999
-9999 471 478 475 474 473 462 450 444 439 431 430 420 411 409 414 409 403 395 390 378 370 370 370 361 356 370 370 366 360 353 362 376 352 347 345 349 353 353 349 365 392 384 400 404 402 401 396 366 351 -9999 -9999 -9999 -9999 -9999 -9999 -9999 -9999 -9999 -9999 -9999 -9999 -9999 -9999 -9999 -9999 -9999 -9999 -9999 -9999 -9999 -9999 -9999 -9999 -9999 -9999 -9999 -9999 -9999 -9999 -9999 -9999 -9999 -9999 -9999
-9999 475 471 471 474 469 462 446 444 434 433 426 423 415 405 399 397 392 392 390 384 374 369 361 360 355 362 357 356 358 366 354 353 350 348 346 349 344 342 341 366 383 384 397 392 371 399 398 370 347 -9999 -9999 -9999 -9999 -9999 -9999 -9999 -9999 -9999 -9999 -9999 -9999 -9999 -9999 -9999 -9999 -9999 -9999 -9999 -9999 -9999 -9999 -9999 -9999 -9999 -9999 -9999 -9999 -9999 -9999 -9999 -9999 -9999 -9999 -9999
466 473 472 463 470 465 455 446 439 434 435 433 421 410 403 396 388 390 391 384 382 371 361 361 371 356 349 347 346 348 367 360 347 343 347 348 348 346 349 350 369 364 364 377 394 375 399 392 359 346 -9999 -9999 -9999 -9999 -9999 -9999 -9999 -9999 -9999 -9999 -9999 -9999 -9999 -9999 -9999 -9999 -9999 -9999 -9999 -9999 -9999 -9999 -9999 -9999 -9999 -9999 -9999 -9999 -9999 -9999 -9999 -9999 -9999 -9999 -9999
467 465 467 467 461 457 450 438 433 426 423 433 413 403 403 395 390 382 389 376 368 369 361 358 357 371 358 350 349 346 350 343 343 345 358 343 343 346 366 346 345 361 358 364 396 395 397 382 356 -9999 -9999 -9999 -9999 -9999 -9999 -9999 -9999 -9999 -9999 -9999 -9999 -9999 -9999 -9999 -9999 -9999 -9999 -9999 -9999 -9999 -9999 -9999 -9999 -9999 -9999 -9999 -9999 -9999 -9999 -9999 -9999 -9999 -9999 -9999 -9999
461 455 462 459 455 446 442 439 431 424 425 422 419 403 401 401 389 385 387 372 367 372 383 357 349 358 377 344 346 350 346 349 341 343 350 345 348 345 349 343 354 364 368 381 377 399 353 363 348 -9999 -9999 -9999 -9999 -9999 -9999 -9999 -9999 -9999 -9999 -9999 -9999 -9999 -9999 -9999 -9999 -9999 -9999 -9999 -9999 -9999 -9999 -9999 -9999 -9999 -9999 -9999 -9999 -9999 -9999 -9999 -9999 -9999 -9999 -9999 -9999
453 458 464 463 461 441 435 439 442 432 437 432 425 405 399 397 392 382 391 368 365 361 363 358 347 343 379 356 344 349 343 339 342 369 355 344 342 339 343 342 361 380 356 384 362 369 353 344 358 -9999 -9999 -9999 -9999 -9999 -9999 -9999 -9999 -9999 -9999 -9999 -9999 -9999 -9999 -9999 -9999 -9999 -9999 -9999 -9999 -9999 -9999 -9999 -9999 -9999 -9999 -9999 -9999 -9999 -9999 -9999 -9999 -9999 -9999 -9999 -9999
454 457 455 451 450 444 436 426 428 423 424 410 407 405 395 389 396 392 374 362 361 361 352 349 360 355 357 354 340 342 342 338 339 366 354 335 336 342 341 340 357 376 360 355 376 398 357 341 361 -9999 -9999 -9999 416 -9999 -9999 -9999 -9999 -9999 -9999 -9999 -9999 -9999 -9999 -9999 -9999 -9999 -9999 -9999 -9999 -9999 -9999 -9999 -9999 -9999 -9999 -9999 -9999 -9999 -9999 -9999 -9999 -9999 -9999 -9999 -9999
441 452 450 448 446 442 439 428 424 418 411 411 401 398 410 413 392 374 370 364 363 350 356 384 365 364 344 344 337 338 336 337 355 363 347 336 333 335 338 333 345 350 344 350 383 399 357 345 373 -9999 -9999 -9999 -9999 -9999 -9999 -9999 -9999 -9999 -9999 -9999 -9999 -9999 -9999 -9999 -9999 -9999 -9999 -9999 -9999 -9999 -9999 -9999 -9999 -9999 -9999 -9999 -9999 -9999 -9999 -9999 -9999 -9999 -9999 -9999 -9999
429 446 448 447 444 430 433 425 422 419 420 415 402 393 393 387 375 375 368 367 358 351 349 369 367 367 356 346 340 336 335 336 341 338 333 336 334 333 332 330 333 355 349 358 392 392 358 346 -9999 -9999 -9999 -9999 -9999 -9999 -9999 -9999 -9999 -9999 -9999 -9999 -9999 -9999 -9999 -9999 -9999 -9999 -9999 -9999 -9999 -9999 -9999 -9999 -9999 -9999 -9999 -9999 -9999 -9999 -9999 -9999 -9999 -9999 -9999 -9999 -9999
