data/precipwetq.asc
ncols        384
nrows        480
xllcorner    138.000000000000
yllcorner    -29.000000000000
cellsize     0.041666666667
NODATA_value -9999
[rows 266 to 303 of 480, columns 170 to 254 of 384]
382 386 387 387 383 382 378 382 365 359 359 369 379 375 374 394 397 396 388 359 369 379 375 382 393 392 368 364 458 380 384 366 370 377 370 383 378 380 364 383 384 385 388 397 398 417 422 421 426 433 438 464 482 534 495 477 485 503 512 506 512 512 529 625 692 554 557 548 643 649 560 570 587 628 585 595 575 633 -9999 -9999 683 680 655 632 1249
380 383 384 380 383 383 378 390 380 364 360 381 376 366 374 372 384 396 388 361 379 400 397 381 385 391 372 378 369 373 360 359 363 365 369 365 370 379 366 371 384 376 375 396 397 403 401 411 411 419 437 443 461 492 487 461 479 535 499 514 492 484 510 554 545 579 549 548 605 620 578 561 582 603 566 573 641 670 799 865 784 690 760 695 622
377 377 379 377 375 377 373 377 379 378 361 386 371 371 361 371 375 384 390 364 358 386 390 385 386 388 381 388 367 357 353 359 360 357 370 381 366 357 364 370 374 366 378 381 389 388 389 397 397 407 425 436 440 478 482 468 478 502 493 516 506 490 510 509 541 548 517 552 614 570 574 581 607 603 593 586 595 622 644 648 633 746 928 799 760
370 375 376 374 375 373 372 367 362 382 376 371 371 359 359 375 382 379 377 361 368 379 388 389 387 385 382 375 363 359 346 357 359 352 350 362 365 352 365 364 365 362 366 377 373 377 394 392 383 383 400 434 443 476 496 466 476 489 490 502 487 489 482 503 511 536 519 538 594 563 558 576 570 640 654 596 663 777 701 692 649 797 1119 1093 1039
370 372 371 371 371 367 365 377 374 376 367 364 365 359 359 360 370 364 369 360 366 378 376 373 389 379 388 380 377 361 359 354 356 354 359 371 382 365 368 364 363 362 368 367 368 371 372 372 378 383 404 414 428 446 466 466 459 462 454 464 470 478 485 483 494 501 495 481 508 527 527 544 582 633 636 609 865 979 886 697 613 750 1011 1152 1175
370 372 367 359 360 364 367 374 372 372 376 374 360 366 356 364 370 357 355 359 359 365 373 379 379 377 370 377 379 360 347 358 355 361 365 361 378 363 361 359 355 364 362 359 362 369 383 370 372 378 388 423 429 434 436 457 447 454 440 459 466 489 502 484 490 483 489 487 472 491 504 512 559 571 574 703 805 958 1094 857 704 798 894 1091 1171
358 359 362 360 358 362 364 371 365 369 366 373 370 359 361 372 373 351 357 363 364 372 373 373 370 370 362 360 369 369 347 349 355 366 363 362 365 365 363 365 360 369 359 359 360 369 370 376 363 372 373 407 395 420 424 433 432 461 431 431 456 486 487 478 468 482 463 501 485 472 456 482 528 680 786 869 890 660 733 901 832 842 905 1006 1053
351 360 362 357 364 366 367 364 364 364 369 371 373 370 363 369 372 352 365 357 371 360 365 362 348 346 341 341 355 364 358 370 361 397 358 357 365 357 360 361 365 366 361 359 360 362 359 362 362 366 366 376 374 393 412 432 411 428 425 437 462 455 458 465 463 467 456 429 473 472 459 484 568 558 636 761 878 681 680 845 911 876 877 991 1072
351 354 357 357 357 364 360 356 357 366 365 361 360 370 372 369 369 354 353 354 341 351 343 342 360 354 359 343 355 355 369 370 350 348 351 351 345 356 361 365 361 361 365 359 361 352 357 359 356 361 362 368 375 383 408 415 400 398 422 442 465 483 468 493 459 449 457 426 443 462 454 465 651 584 569 728 779 785 893 828 910 777 763 854 893
337 341 345 355 355 359 355 356 362 361 358 359 349 354 357 359 360 363 365 353 352 361 347 354 358 357 365 353 328 336 355 350 354 357 384 382 346 347 351 349 350 353 356 377 358 356 353 357 357 360 360 364 370 372 374 376 378 384 402 421 447 455 463 480 478 447 448 425 446 469 459 474 544 742 610 734 712 811 988 988 1046 882 764 683 673
335 343 343 345 353 350 354 358 357 348 347 359 344 348 350 352 354 356 363 361 359 364 360 363 349 360 353 341 332 333 335 351 360 347 363 430 342 340 341 338 346 346 349 359 352 357 353 358 358 358 359 363 361 360 362 377 374 367 388 429 440 437 474 453 444 438 454 438 456 461 477 498 563 709 764 702 623 822 973 1036 1041 952 760 606 616
343 346 347 351 347 348 352 356 361 352 356 343 352 355 352 353 355 357 354 356 357 334 338 349 336 356 336 332 332 333 346 340 356 350 357 341 342 339 336 348 355 355 358 431 359 354 352 353 347 355 352 355 353 366 370 368 376 372 396 385 384 434 439 390 405 415 445 460 451 423 467 497 520 594 674 637 589 864 893 826 901 849 849 675 649
335 339 345 347 348 341 345 352 351 355 352 348 344 338 350 356 355 357 359 352 351 354 339 343 338 343 334 330 332 336 336 335 333 330 335 351 338 336 339 356 354 350 355 347 352 357 364 364 352 356 351 351 354 357 356 362 364 391 395 370 372 380 382 391 421 435 431 440 431 435 472 468 469 495 544 730 681 777 860 864 777 784 815 804 716
333 336 338 343 345 346 345 344 347 348 347 350 350 353 347 352 357 351 353 356 357 356 344 337 341 341 330 327 331 319 320 332 326 326 350 330 336 348 350 349 353 355 356 353 353 362 362 373 368 355 346 351 360 355 351 354 360 371 376 377 388 380 381 399 427 420 422 445 431 422 430 474 454 463 529 599 675 707 783 749 649 678 724 817 778
326 337 336 338 342 342 342 344 342 344 343 350 351 350 348 348 348 346 350 352 354 353 339 336 332 334 337 339 341 333 317 327 313 329 341 338 342 338 340 347 345 352 352 351 360 358 354 355 350 343 347 345 346 347 360 356 352 366 371 359 366 363 375 385 406 389 408 433 418 456 470 476 464 436 410 471 642 644 667 710 757 727 712 742 762
324 324 332 321 336 341 338 338 339 339 341 346 347 344 342 342 350 347 346 342 347 348 346 346 324 331 336 320 338 336 322 309 322 336 339 344 337 339 344 344 348 352 357 353 354 357 342 339 344 354 346 338 339 341 357 347 342 352 354 369 368 363 381 383 391 374 400 424 433 411 458 478 436 480 446 410 463 484 534 632 776 900 765 684 812
322 322 328 329 333 330 334 333 335 340 344 340 343 343 343 340 344 350 353 345 341 346 346 336 320 316 325 317 334 335 326 333 334 342 336 335 336 351 342 331 343 342 359 363 361 345 341 333 337 343 336 337 338 338 337 333 337 334 339 346 347 385 380 404 384 387 388 403 395 413 444 408 410 414 393 456 431 456 461 682 628 791 841 789 809
314 324 321 322 329 329 335 330 328 332 337 337 334 336 336 341 341 342 342 344 340 336 333 333 325 320 328 324 329 339 320 325 333 336 333 334 341 339 340 337 337 354 360 362 344 323 331 329 331 338 333 339 339 332 333 334 334 345 361 352 347 341 338 376 364 384 383 383 395 397 414 400 396 405 457 459 401 409 499 691 634 782 825 791 822
317 326 317 317 320 326 326 324 325 329 331 332 337 334 333 335 336 336 342 339 332 336 328 333 332 341 333 317 331 326 317 325 328 331 336 326 338 334 341 336 332 352 347 341 331 328 315 319 325 322 335 332 327 335 329 344 337 333 343 350 344 331 345 368 386 376 378 381 393 392 404 379 436 413 425 377 388 366 392 550 711 683 758 889 913
318 322 311 314 313 320 326 321 326 325 331 329 331 330 331 331 330 334 333 330 335 330 331 330 333 337 327 319 316 323 325 327 330 328 335 328 328 331 337 331 335 349 342 326 326 329 326 328 317 315 334 332 325 326 336 339 338 333 335 324 334 328 340 355 354 363 383 382 386 387 405 396 409 434 447 367 440 380 437 427 532 579 727 832 933
320 315 308 308 311 311 321 333 334 329 327 329 329 330 329 324 325 331 331 332 327 319 326 323 318 319 320 326 326 315 330 330 331 328 329 328 332 335 339 337 332 334 317 319 330 331 326 329 324 320 320 324 327 325 329 339 327 339 332 337 329 327 327 332 348 352 367 375 363 370 367 391 388 424 392 427 405 416 422 457 475 511 725 782 833
316 321 309 306 311 313 317 329 331 328 326 328 324 322 324 319 326 324 327 329 330 314 323 319 314 323 329 328 328 319 315 320 322 322 329 321 322 335 330 331 331 321 318 322 326 323 325 328 335 328 325 325 322 329 334 330 337 334 346 330 329 333 343 341 351 329 326 354 383 368 384 372 386 405 390 483 482 381 413 421 510 703 722 785 956
315 313 309 309 310 312 321 330 325 322 327 323 324 324 321 323 325 324 327 327 330 322 321 313 297 310 309 312 315 306 306 324 318 325 322 322 315 327 322 329 329 327 317 312 321 321 321 325 327 331 320 329 332 330 332 321 336 335 340 338 323 348 340 338 341 346 324 368 353 381 372 353 374 356 401 434 415 388 374 401 613 645 681 851 973
311 306 309 307 309 310 315 321 326 317 324 324 319 315 317 321 323 322 327 325 314 319 313 312 306 304 304 309 306 310 312 319 316 318 319 326 318 320 317 320 317 325 318 321 320 320 322 319 323 330 328 323 332 333 331 320 332 335 333 337 326 320 325 339 346 347 326 335 331 365 384 365 428 375 351 465 441 398 471 449 523 554 686 899 1038
308 302 307 308 309 310 314 318 322 321 317 318 317 312 312 319 319 314 319 318 317 318 324 318 311 304 302 301 306 304 309 314 313 315 315 315 328 333 314 318 320 319 326 314 312 318 324 317 325 320 325 324 323 328 329 316 323 331 336 333 331 331 331 316 334 354 352 334 330 331 356 366 376 373 338 448 426 359 395 513 499 640 860 910 957
308 301 311 309 305 308 310 305 317 317 316 320 313 312 312 319 318 319 318 313 313 311 310 304 310 310 306 306 308 315 304 317 316 312 313 321 330 344 323 317 330 318 321 319 306 323 326 328 319 319 319 319 321 319 322 306 307 316 331 321 322 317 322 309 339 356 341 324 322 325 357 359 355 352 357 360 387 384 374 544 497 754 844 878 928
306 303 303 308 305 308 308 312 312 313 314 316 311 312 307 312 312 320 316 319 314 308 314 316 314 316 316 311 314 312 312 315 315 318 308 312 333 330 320 314 322 320 315 322 324 317 315 493 425 323 316 320 321 323 324 304 317 315 316 309 320 302 309 315 329 354 338 316 311 332 340 347 345 367 342 355 344 362 380 504 585 580 786 907 895
293 297 299 304 302 305 308 309 307 312 310 313 309 313 310 316 319 319 312 315 318 316 312 313 313 316 313 312 312 311 313 312 315 319 321 329 327 324 324 310 314 318 314 312 312 315 313 347 496 315 317 310 319 316 314 317 330 313 300 302 313 313 314 310 307 310 343 323 315 324 339 333 352 358 336 346 358 381 448 568 585 629 619 863 934
299 301 302 302 296 299 304 306 311 307 307 309 312 309 305 308 312 318 315 314 319 315 319 315 313 311 312 309 313 310 315 317 313 311 319 327 310 319 323 325 311 305 309 310 310 320 311 304 305 307 307 308 316 321 314 329 316 311 309 298 306 316 329 322 299 309 317 305 310 312 322 328 332 344 335 339 349 361 349 369 441 517 680 761 826
299 297 296 292 298 296 300 300 304 304 305 307 311 308 306 311 317 319 315 316 318 313 311 320 307 310 310 310 311 312 313 315 308 312 315 338 307 323 328 328 315 310 311 312 315 313 311 312 309 304 309 310 320 309 307 319 318 306 310 297 295 302 329 330 302 311 313 302 303 314 313 310 316 332 342 333 370 356 361 360 413 601 539 705 789
291 297 293 296 294 296 298 296 298 300 305 312 309 306 306 309 312 312 315 311 314 320 311 310 311 305 309 311 311 310 308 297 322 336 326 341 319 315 323 329 310 314 314 323 320 307 302 313 307 304 303 303 315 299 298 305 314 313 309 295 297 305 313 337 302 297 315 298 297 303 302 317 317 313 311 315 324 328 344 345 371 423 479 502 652
279 281 293 287 288 292 296 295 295 298 301 297 307 313 312 310 318 316 314 310 312 320 315 310 315 319 314 312 313 308 317 316 310 309 301 311 316 306 319 327 304 303 310 318 309 309 301 304 305 307 310 308 312 305 304 298 320 323 306 307 304 307 316 307 298 309 295 291 294 312 309 304 333 313 318 342 325 342 351 364 367 376 441 454 502
279 281 281 292 299 291 293 295 297 293 298 297 305 313 313 310 314 320 320 322 319 319 317 319 320 319 318 316 316 299 308 311 306 315 306 303 304 294 306 320 309 303 305 321 308 301 308 308 308 299 297 301 299 297 302 306 313 302 311 318 298 307 305 297 291 296 294 304 302 318 320 331 346 351 320 319 324 332 333 354 359 380 386 405 502
276 280 277 284 288 287 291 291 295 295 295 295 307 310 310 305 306 309 306 312 312 311 318 318 318 316 313 311 314 315 317 317 313 310 305 313 308 301 302 310 308 298 304 319 308 314 320 289 302 305 298 304 299 297 303 316 316 302 305 300 291 293 300 302 297 291 296 290 302 296 318 334 359 379 342 309 320 341 347 364 367 381 407 437 400
280 277 281 282 283 287 286 289 290 292 294 297 301 303 307 307 305 294 295 304 308 314 313 307 311 300 307 310 314 320 318 316 306 307 304 310 303 301 305 311 322 305 309 310 312 318 314 322 322 338 304 303 296 296 297 300 298 297 298 315 313 290 316 321 310 290 305 296 293 305 313 329 313 313 392 329 307 321 347 353 367 380 411 408 364
286 280 284 285 286 280 289 286 289 288 290 299 297 299 304 305 293 296 293 306 313 317 307 306 311 306 315 312 313 314 303 307 303 305 298 299 294 301 299 301 308 307 323 327 309 312 313 321 319 323 308 298 294 294 300 300 296 305 291 285 281 287 304 304 301 301 314 313 300 298 295 328 319 305 332 355 328 320 325 353 349 354 366 379 372
283 279 281 285 286 280 283 287 289 286 289 296 297 300 301 300 296 292 308 308 307 304 300 301 299 301 306 313 306 308 305 314 310 292 368 297 300 306 299 299 299 307 320 313 325 316 304 332 328 316 321 318 305 307 295 300 311 298 298 288 278 288 308 297 302 294 302 314 307 321 295 298 318 316 320 347 344 316 343 340 345 366 381 369 378
268 268 272 276 278 285 284 283 283 278 282 291 294 286 298 299 298 296 298 300 302 305 303 301 302 305 307 312 304 309 314 316 306 297 292 303 298 297 281 292 295 314 323 322 343 320 336 326 318 311 320 306 299 303 294 294 290 294 292 284 299 307 310 296 292 295 291 301 395 332 311 317 310 321 313 322 348 313 339 339 327 350 384 359 385
