data/precipwetm.asc
ncols        384
nrows        480
xllcorner    138.000000000000
yllcorner    -29.000000000000
cellsize     0.041666666667
NODATA_value -9999
[rows 380 to 417 of 480, columns 255 to 339 of 384]
105 101 98 90 94 98 99 101 101 95 92 101 100 99 100 98 96 95 95 95 95 97 97 96 97 98 97 97 97 95 95 93 93 93 94 94 93 93 92 92 92 91 91 91 90 95 99 100 93 91 91 94 98 106 108 105 114 111 114 118 118 115 123 128 131 128 129 129 134 144 146 146 153 144 150 148 146 152 158 155 151 162 161 162 168
104 101 100 93 94 99 99 99 100 97 94 98 98 98 101 98 96 96 98 98 97 102 100 97 102 98 97 95 94 94 97 96 93 93 94 93 93 93 92 91 92 91 91 90 96 102 95 97 97 91 92 92 97 105 102 111 113 114 116 114 118 120 124 121 126 127 126 130 134 140 138 139 141 149 154 150 150 145 155 152 157 161 158 154 155
104 104 97 92 93 98 99 95 96 98 100 104 103 101 95 97 96 101 95 96 97 96 99 101 103 94 95 94 94 97 97 98 95 93 94 93 94 93 92 92 92 90 93 93 99 102 102 96 91 92 90 91 101 103 103 111 112 113 114 116 114 118 119 125 123 127 129 127 136 142 131 136 141 145 149 150 144 150 155 152 152 155 154 154 155
96 102 98 94 96 101 104 97 102 104 99 98 100 103 102 99 100 96 96 96 103 103 97 100 101 96 97 102 95 94 98 96 94 93 94 93 91 92 94 93 95 92 96 99 97 102 101 94 93 91 90 91 95 99 108 102 106 111 113 117 117 118 117 118 121 123 126 124 124 133 132 138 134 140 149 142 140 143 143 151 153 155 154 151 172
97 95 95 93 97 99 102 103 99 98 96 99 97 95 103 101 103 99 98 98 102 104 94 98 95 97 95 94 93 94 99 96 97 93 93 91 91 92 92 93 94 91 91 92 94 95 91 92 94 93 98 90 90 96 101 109 101 107 109 113 112 113 118 116 118 125 125 125 124 131 128 133 132 138 138 144 144 145 147 146 150 149 149 157 154
100 95 96 93 98 100 103 104 103 97 96 96 98 96 97 98 100 104 104 102 101 96 95 92 94 93 100 93 93 100 97 94 95 93 93 93 92 92 92 91 92 93 94 91 93 90 92 91 92 91 100 97 91 94 99 103 107 109 105 108 110 112 112 115 119 122 130 122 123 123 128 130 135 130 134 140 142 146 144 145 147 149 150 149 155
99 100 99 96 97 98 102 100 101 96 97 100 99 96 98 96 97 105 99 97 96 96 95 95 98 96 96 100 95 94 94 96 94 92 93 93 92 91 91 90 91 91 91 91 93 95 90 96 93 95 100 95 94 94 99 102 103 104 104 111 109 112 116 113 115 119 118 121 121 125 126 130 136 135 139 140 142 142 141 145 142 149 150 153 152
102 92 99 99 96 95 102 98 103 102 98 101 102 98 99 100 103 100 98 98 94 94 96 94 92 91 92 93 95 95 92 95 95 92 92 97 95 91 91 90 92 90 91 91 94 91 92 96 93 95 91 98 94 93 97 101 100 106 106 104 109 111 112 115 114 118 119 119 121 131 130 138 138 136 135 137 142 143 141 143 140 146 149 150 146
99 88 93 93 97 99 100 101 99 99 99 98 96 100 99 98 94 94 95 95 94 94 97 96 93 95 95 94 95 94 95 96 94 93 93 93 92 92 94 96 93 90 91 91 95 96 92 96 98 97 96 97 96 98 99 101 100 104 103 104 104 108 111 110 112 116 117 118 118 125 126 127 130 132 134 134 139 139 139 144 149 147 152 150 141
97 98 89 93 97 92 99 101 98 99 95 95 98 99 97 99 95 93 95 97 94 98 95 94 93 93 92 92 96 95 94 92 93 93 92 92 91 92 92 92 92 93 91 92 94 95 95 94 93 97 94 93 96 95 97 97 99 99 101 103 105 108 106 111 109 113 116 117 123 125 126 132 141 128 129 131 135 132 135 137 145 145 147 146 140
100 97 97 96 97 94 95 102 99 97 95 97 98 97 98 100 100 94 94 93 94 98 95 95 94 94 93 93 91 92 93 92 92 91 92 92 91 91 90 93 90 89 90 90 91 93 93 94 95 96 92 93 94 93 98 93 97 99 101 102 105 106 108 110 111 113 114 116 134 133 127 124 132 127 124 137 137 143 138 141 145 143 145 148 150
100 100 97 96 95 92 96 100 100 100 98 95 101 99 99 101 99 99 95 96 95 99 98 95 92 93 93 93 93 93 92 91 92 92 95 91 91 91 91 91 90 90 91 91 90 93 92 94 95 92 92 91 90 92 96 97 99 100 99 99 103 104 105 108 112 110 112 114 125 132 120 120 124 127 133 140 138 136 138 137 142 142 144 144 152
95 99 99 97 96 97 98 97 98 99 99 97 97 98 97 98 97 97 98 96 97 95 97 97 96 95 92 95 94 92 92 89 93 90 90 90 91 91 91 90 90 90 91 90 90 93 93 94 92 94 94 92 91 94 95 94 98 98 99 99 103 102 105 106 110 111 113 113 117 126 124 125 132 141 139 130 138 139 135 136 144 144 141 145 146
97 95 98 94 97 94 98 97 97 96 95 93 94 94 94 96 97 96 98 95 96 96 96 93 94 93 91 94 97 94 93 93 90 93 94 90 89 92 90 91 91 91 90 91 91 91 93 92 93 93 91 91 94 94 94 97 94 96 99 100 99 102 106 105 108 110 115 114 118 120 121 121 121 126 132 131 132 131 133 136 138 142 145 135 144
97 96 99 100 98 95 98 96 99 100 98 98 96 98 98 97 96 97 94 96 94 98 97 96 98 97 94 98 98 96 96 94 94 93 91 91 90 91 90 89 91 90 90 89 90 92 89 88 91 92 90 90 92 93 93 94 99 97 97 101 103 105 103 104 106 108 113 112 112 113 114 115 124 121 118 119 131 134 130 132 135 136 136 137 145
99 98 98 98 98 97 97 100 96 96 97 97 96 95 95 96 94 97 94 93 95 95 96 98 97 94 93 96 89 91 95 96 95 91 91 92 92 93 92 90 89 91 91 91 90 90 91 89 90 92 90 90 89 93 100 100 95 96 97 100 99 98 102 103 104 106 108 111 112 113 114 114 116 122 126 118 129 130 128 130 129 130 137 142 142
93 97 99 100 98 94 97 100 96 98 98 94 94 94 92 95 96 94 93 97 98 96 98 94 93 96 97 95 92 91 94 96 91 91 90 94 94 97 93 91 88 89 90 92 90 89 90 88 90 89 92 93 91 92 92 94 96 96 95 96 100 100 100 103 104 108 108 108 112 114 113 111 109 113 118 118 124 130 125 128 134 132 136 141 144
94 99 95 96 94 98 95 98 95 96 100 96 93 96 91 93 94 95 95 98 95 95 97 92 99 94 94 84 90 96 92 90 95 91 95 92 92 92 92 88 89 90 89 90 89 90 90 89 89 91 94 89 89 91 94 94 98 106 97 97 96 98 101 103 105 108 108 108 110 112 110 115 111 117 120 118 122 124 129 130 138 137 134 136 143
97 98 96 95 93 96 98 97 93 94 97 96 95 95 94 93 94 98 102 95 97 96 95 88 91 94 93 90 84 87 91 95 93 95 98 93 95 91 91 92 91 89 90 90 93 92 88 88 89 90 92 93 95 92 94 95 94 104 94 97 98 98 101 100 102 104 105 106 108 110 113 109 116 112 111 116 123 123 125 130 132 136 138 137 139
91 93 93 95 95 93 94 93 92 93 97 98 96 98 96 95 95 96 95 92 92 91 91 90 91 93 89 84 91 90 96 93 93 95 96 96 93 88 89 91 90 95 89 90 91 90 89 87 92 92 91 92 93 92 94 92 93 94 95 95 95 96 99 99 103 104 105 107 110 110 109 112 113 116 112 118 124 124 122 127 130 132 134 140 139
91 91 95 96 93 93 96 92 95 96 96 100 94 95 97 94 94 96 99 93 91 91 92 91 90 92 86 87 86 90 92 90 92 94 93 94 93 90 90 94 89 90 96 90 90 91 90 90 90 91 91 92 91 92 94 94 93 93 96 96 96 97 96 99 101 102 104 107 105 106 107 111 113 116 116 119 121 118 123 124 125 134 135 134 136
91 90 97 92 91 93 93 92 94 97 93 94 93 97 96 92 96 93 94 92 94 95 93 91 92 92 94 91 84 87 94 94 98 94 91 93 96 91 90 93 92 89 92 93 96 97 89 95 93 91 90 91 92 94 93 91 93 93 94 94 94 95 98 99 103 102 102 105 107 106 102 107 114 114 117 119 118 118 123 129 131 133 131 133 140
91 92 93 93 94 92 92 92 97 97 95 94 94 93 98 93 94 93 95 95 91 92 93 93 93 95 93 90 89 91 85 87 86 90 90 95 90 88 91 92 91 85 91 97 99 96 92 89 94 98 95 93 94 94 96 91 89 92 96 96 96 96 95 98 100 98 102 101 105 106 108 109 112 112 115 120 118 119 122 125 127 128 134 133 134
92 92 91 91 92 92 92 93 93 98 99 98 95 95 97 94 95 94 92 95 92 92 93 91 91 93 91 90 90 91 88 90 92 95 101 97 96 92 89 85 83 88 91 92 97 100 90 90 90 88 90 89 93 93 93 90 91 93 93 96 95 95 94 97 99 100 99 103 103 103 108 111 111 113 116 117 117 120 121 125 127 128 130 132 137
92 92 91 92 91 91 92 93 93 95 93 93 93 94 96 95 95 93 91 91 92 91 92 94 93 94 92 90 91 91 91 92 96 93 95 98 96 94 86 85 84 85 92 93 91 91 94 89 89 88 87 87 89 92 91 89 92 92 94 95 96 96 95 98 98 97 96 99 105 104 106 108 109 110 113 114 114 118 121 124 126 127 130 134 136
91 92 91 91 91 91 91 95 96 94 95 95 95 97 93 94 92 92 91 90 91 91 90 90 92 92 93 92 93 92 93 93 94 94 96 98 98 90 92 90 88 87 96 91 91 91 88 88 89 89 88 90 89 93 88 88 92 94 95 95 95 95 95 96 101 99 98 100 101 102 105 108 108 108 112 113 114 118 118 121 123 125 133 134 135
91 92 91 90 91 91 91 93 93 92 92 93 96 95 94 91 90 89 88 89 89 91 86 87 90 90 85 90 89 90 91 92 88 87 94 95 97 92 88 93 89 90 91 90 90 89 90 89 88 90 88 90 92 93 91 92 94 92 94 94 93 96 93 94 97 98 98 98 101 102 103 105 107 109 110 112 113 115 120 118 122 122 124 135 134
90 90 90 90 91 91 90 90 92 90 90 92 96 92 90 90 89 88 88 87 89 90 89 92 90 90 89 90 88 89 91 97 94 89 86 89 90 91 91 93 93 91 95 87 93 91 90 88 87 89 92 92 91 91 90 89 91 92 92 94 92 91 92 94 95 96 98 99 100 104 103 105 104 107 110 111 113 115 116 120 120 125 125 130 133
90 90 89 89 89 90 90 90 92 90 90 90 90 88 89 89 89 87 88 87 89 90 88 89 88 90 90 90 89 90 91 93 97 94 95 90 92 91 92 91 90 94 92 91 88 91 91 90 87 88 87 89 90 91 89 90 90 90 90 93 95 94 92 93 98 97 96 98 100 100 102 105 107 107 107 110 111 114 115 117 118 121 124 124 129
89 90 90 89 89 89 89 89 93 91 89 90 89 87 89 88 88 88 89 87 88 90 88 88 89 89 89 91 89 91 92 91 95 95 93 90 90 90 93 92 92 90 89 91 91 93 91 91 86 88 88 92 90 89 89 91 90 90 90 90 92 91 94 95 97 96 97 96 100 101 103 104 102 107 109 112 110 116 118 119 120 121 124 126 130
89 90 90 88 89 88 89 89 89 90 90 89 89 88 88 87 88 87 87 87 87 89 89 89 88 92 92 89 89 91 92 93 95 91 92 88 82 86 91 93 90 94 93 89 90 90 89 86 83 83 88 91 91 90 88 90 91 90 90 90 91 93 94 93 95 97 99 99 101 99 101 103 110 107 108 112 107 112 117 117 119 123 123 126 129
88 90 89 89 88 88 89 89 89 89 88 88 88 88 88 88 87 87 87 87 87 87 90 89 89 93 91 93 90 92 91 92 94 93 95 92 89 90 93 90 91 93 91 87 89 91 91 87 85 84 85 90 89 92 88 90 92 91 90 91 90 94 94 94 98 100 98 101 102 97 101 104 104 107 107 109 111 116 120 118 117 121 124 124 124
87 88 88 88 88 88 88 88 88 88 88 89 88 88 87 88 88 87 88 88 87 87 88 88 88 91 92 89 92 91 92 91 94 97 95 92 91 95 96 91 92 92 92 90 91 89 89 88 88 87 88 93 92 90 90 92 90 94 93 91 92 94 93 96 97 96 94 97 101 102 103 102 103 107 110 109 112 114 115 122 119 121 130 125 127
86 86 87 88 88 88 88 89 88 88 88 89 88 88 89 88 88 87 87 88 89 88 89 90 91 89 91 90 91 92 90 91 93 92 93 93 90 94 93 93 91 90 91 89 91 92 91 92 91 88 89 94 95 93 92 91 90 91 91 92 91 93 94 94 97 97 99 100 101 104 101 105 107 108 107 110 107 112 114 116 123 126 125 127 128
85 86 86 87 87 87 87 88 88 88 88 88 90 90 88 89 89 87 89 89 92 93 88 87 87 90 89 91 90 90 91 93 94 93 94 92 94 93 93 93 90 90 90 91 91 90 92 93 92 90 92 92 95 92 91 92 91 92 89 90 92 93 93 94 95 98 103 100 104 103 103 105 106 109 107 113 108 107 117 116 119 123 126 128 130
84 86 85 85 86 86 87 87 87 88 88 88 89 89 88 87 88 88 89 89 90 92 88 86 87 88 90 89 89 89 91 92 94 95 94 93 93 94 91 92 93 91 91 89 89 90 90 92 92 91 91 90 91 92 91 92 92 91 91 92 91 92 93 93 96 98 99 101 103 105 107 104 106 107 108 111 109 113 112 118 118 119 127 128 128
83 84 84 84 88 85 85 86 87 86 87 88 87 89 86 88 88 88 89 88 93 89 92 91 91 93 91 89 88 89 91 92 94 96 96 96 95 91 90 91 91 91 93 90 90 90 91 93 92 92 90 91 89 93 93 92 93 93 92 92 92 92 94 95 97 98 101 101 102 101 103 107 108 107 108 109 114 112 116 117 119 119 124 126 125
83 84 84 85 84 86 87 86 86 87 87 87 87 87 87 89 88 88 87 87 87 87 87 87 91 91 91 89 89 92 92 97 96 96 94 93 90 91 92 91 91 91 90 90 91 91 91 92 90 91 92 92 92 95 94 92 93 92 93 91 91 92 95 94 97 99 100 102 101 104 104 106 109 108 109 113 114 115 115 116 117 118 123 122 126
