data/precipdryq.asc
ncols        384
nrows        480
xllcorner    138.000000000000
yllcorner    -29.000000000000
cellsize     0.041666666667
NODATA_value -9999
[rows 400 to 439 of 480, columns 91 to 181 of 384]
31 32 31 31 30 32 32 31 32 32 32 33 33 33 33 32 33 33 33 32 33 34 34 34 36 36 37 37 37 36 38 38 39 39 40 40 40 40 40 40 40 41 41 41 39 41 40 42 40 40 41 43 44 44 44 41 41 41 43 44 44 44 45 44 45 47 47 48 50 50 52 50 49 51 54 56 55 55 55 56 56 61 58 58 58 62 60 63 61 59 56
31 31 30 30 30 30 31 32 32 32 33 33 32 33 32 32 32 32 32 32 32 33 33 33 34 36 37 37 39 36 37 38 38 38 40 40 40 40 40 38 38 41 41 40 40 41 41 39 41 41 41 42 42 42 43 43 41 41 42 44 43 43 44 45 45 46 47 48 49 49 51 51 48 49 52 54 53 54 55 57 56 58 56 58 59 62 59 61 63 60 59
30 30 30 30 30 30 30 31 31 31 31 31 32 31 31 31 30 32 31 32 31 32 32 31 33 34 36 36 37 37 37 38 39 40 40 40 40 40 40 40 40 39 40 40 38 40 39 40 40 41 40 40 42 42 41 42 42 42 43 44 43 43 43 45 46 47 48 48 49 49 50 49 50 49 51 53 53 54 55 54 55 56 58 57 58 60 60 58 61 61 59
29 29 30 30 30 30 30 31 31 31 31 30 30 31 31 31 30 30 31 31 30 31 30 31 33 33 34 35 35 35 37 37 38 38 38 40 40 40 40 40 40 39 38 39 39 39 40 41 41 40 41 42 41 42 42 43 43 44 43 43 44 45 44 47 47 48 48 48 48 49 51 50 51 52 51 53 54 54 54 54 55 56 55 55 57 60 59 59 60 56 59
30 29 28 29 30 30 30 30 30 30 30 30 30 31 30 30 30 30 30 31 31 31 30 30 31 32 34 36 37 38 36 37 38 37 37 39 39 40 39 40 40 39 39 40 40 41 42 41 41 40 40 41 41 41 41 41 43 44 42 42 44 44 47 46 46 48 47 49 51 51 50 51 52 51 51 52 54 54 54 56 55 57 55 59 57 56 59 61 58 60 60
30 29 29 29 29 29 29 29 29 29 29 29 29 30 30 30 30 30 30 29 30 31 32 30 30 33 33 35 36 36 36 35 38 39 39 39 40 40 39 40 39 39 39 40 40 40 41 41 40 40 40 41 40 41 42 42 41 42 44 45 44 43 46 47 46 47 47 49 50 51 53 53 51 53 54 54 54 54 55 59 57 56 59 58 57 59 60 58 58 62 61
29 28 28 29 29 29 29 29 29 29 29 29 29 30 30 30 30 30 31 30 30 30 31 32 30 33 33 33 35 35 35 35 37 38 39 40 39 40 41 40 38 39 39 39 40 41 41 41 41 42 41 40 41 42 42 41 41 42 43 42 43 44 46 46 46 47 48 49 49 52 53 51 52 54 57 58 56 56 56 57 59 58 55 55 60 59 63 58 59 58 59
29 29 28 28 28 28 29 29 28 28 29 29 30 30 30 30 30 31 31 31 31 31 31 31 31 32 33 33 36 37 38 37 37 37 38 39 39 39 39 40 40 39 38 39 40 40 40 41 40 43 41 41 42 42 42 42 43 43 42 41 44 45 43 45 46 47 48 48 51 51 51 50 51 55 58 59 60 58 60 60 60 61 59 58 59 59 55 60 58 61 62
29 29 28 28 28 28 28 29 28 29 28 28 29 30 30 30 31 31 30 30 31 31 31 31 32 32 33 34 35 36 37 38 37 38 39 39 39 39 39 40 40 39 39 40 40 39 40 41 41 40 42 41 42 42 42 42 42 43 41 42 43 45 46 46 47 47 48 49 50 51 50 50 51 54 56 58 60 58 56 59 60 61 62 61 60 57 56 60 57 56 60
28 28 28 28 28 28 28 28 29 28 28 28 29 29 29 30 32 31 31 31 32 32 31 31 31 33 33 34 35 36 37 37 37 38 39 39 39 40 40 40 39 38 41 41 41 42 41 41 42 41 40 40 42 43 40 41 41 42 42 43 43 45 48 47 47 48 47 47 48 50 51 51 53 55 54 56 61 58 56 59 60 59 61 62 60 61 59 59 59 58 60
27 28 28 28 28 28 28 27 29 29 29 29 29 29 29 30 30 30 31 31 31 32 32 32 32 33 33 34 35 35 37 37 37 37 38 39 39 40 40 39 38 39 41 41 41 40 41 41 42 42 40 40 40 43 41 41 41 41 43 44 43 44 47 47 46 47 48 48 49 50 50 50 52 54 53 54 57 59 58 60 58 62 63 63 59 59 60 60 61 61 59
26 27 27 29 27 27 27 28 28 30 30 28 29 29 29 30 31 32 31 32 33 32 32 32 32 34 34 35 35 35 36 36 37 38 38 39 39 39 40 38 37 41 41 41 41 41 41 41 40 40 42 41 41 40 41 40 42 43 43 43 44 44 45 47 47 46 46 49 48 49 49 52 52 54 52 51 55 58 58 59 62 62 64 63 62 61 60 58 59 60 61
27 27 27 27 27 27 28 27 28 30 31 30 30 29 30 30 30 30 31 30 33 33 33 32 32 34 34 34 35 35 36 36 37 38 37 38 39 39 41 39 39 40 40 41 41 41 41 40 40 40 41 41 41 42 41 41 41 42 42 43 44 44 47 46 47 47 47 47 48 48 48 52 51 53 53 52 54 56 57 58 59 61 62 61 60 61 61 60 62 60 58
27 27 27 27 27 27 27 27 27 29 28 30 29 30 30 30 30 29 29 30 32 32 33 33 32 34 34 34 35 35 37 38 38 38 38 38 39 39 40 40 41 40 41 40 40 42 42 41 41 43 42 41 42 42 43 42 42 42 43 44 43 44 44 45 47 47 47 46 48 49 48 50 52 52 53 54 57 56 56 57 56 58 61 60 62 62 60 61 61 59 58
28 27 27 27 27 27 27 27 27 28 30 30 29 29 30 30 30 30 30 30 32 32 32 32 32 34 34 34 36 36 37 37 39 38 38 38 37 40 40 39 41 40 40 41 40 41 42 42 42 42 42 42 42 43 43 42 43 43 44 44 44 45 45 45 46 46 48 48 47 49 50 49 50 51 54 54 56 56 57 57 58 57 57 61 60 61 61 62 60 59 60
27 27 28 27 27 27 27 28 26 27 30 30 29 29 30 30 30 31 31 31 31 33 33 33 33 34 35 36 36 36 36 37 38 38 38 38 38 39 39 39 40 40 40 41 39 40 40 42 42 42 42 42 43 42 44 43 43 45 45 44 44 44 45 46 46 47 49 48 48 49 50 52 50 53 52 54 54 54 54 57 56 56 58 58 58 59 61 61 61 60 60
27 28 27 27 27 27 27 27 28 29 30 30 29 30 31 29 31 31 31 31 33 33 33 34 33 34 35 36 36 36 37 37 37 37 38 38 39 39 39 39 40 40 40 40 40 40 40 41 42 42 42 42 44 43 44 42 43 44 44 44 44 45 47 45 48 49 49 48 48 50 49 51 53 53 52 53 54 54 54 56 57 54 55 57 57 60 59 60 60 60 61
28 27 27 27 27 27 27 28 28 29 30 30 30 30 30 29 31 31 31 31 32 33 35 34 33 35 35 35 36 37 36 37 38 38 38 39 39 41 39 40 40 40 40 40 40 41 41 41 40 41 41 43 43 42 44 43 44 43 45 43 44 45 46 47 47 49 48 48 49 49 51 52 53 53 54 54 55 55 54 53 55 55 55 55 57 58 60 58 60 58 60
27 27 27 27 27 27 27 27 28 29 29 29 30 30 30 29 30 32 31 31 31 33 34 33 34 35 35 36 36 36 36 37 37 38 38 40 39 39 39 40 40 40 40 40 40 41 41 41 41 41 41 42 43 42 44 44 44 43 44 44 46 46 46 46 46 48 48 48 48 50 53 51 53 53 54 54 54 55 54 54 55 54 55 54 54 57 57 57 59 58 60
27 27 27 27 27 27 28 28 29 28 29 29 30 30 28 30 30 31 32 32 31 33 33 35 34 35 35 36 36 36 37 37 36 37 37 38 41 40 40 39 40 40 40 40 40 41 40 41 41 40 42 42 42 42 44 44 44 45 45 45 44 45 45 47 47 47 48 49 48 50 50 52 51 54 53 55 55 52 55 56 56 58 56 55 56 55 56 55 57 58 60
27 27 27 27 28 28 29 29 28 27 30 30 29 29 30 30 29 30 30 32 31 33 33 33 35 35 35 35 35 35 36 37 38 38 37 39 40 41 39 39 40 40 41 41 41 41 40 41 42 41 43 42 42 44 45 44 45 46 46 45 45 45 46 47 47 49 49 48 48 50 51 53 52 51 52 54 54 55 56 56 54 53 56 56 57 55 56 56 56 57 58
27 27 27 27 28 28 30 30 30 30 29 30 29 28 30 30 30 31 32 33 33 33 33 34 33 35 35 36 36 35 36 37 36 36 37 39 38 38 40 39 40 40 40 41 41 41 41 42 42 41 43 42 42 43 44 45 46 45 45 46 46 45 46 48 48 49 49 49 48 48 51 51 51 53 52 53 52 53 55 55 54 54 54 56 58 58 56 56 56 56 58
27 28 27 27 28 29 29 30 29 29 30 30 29 29 30 30 31 32 31 31 33 34 34 34 34 35 35 36 36 37 36 36 37 37 37 38 38 39 39 40 40 40 40 41 41 41 41 40 42 41 43 44 43 46 46 47 46 47 48 48 46 46 48 48 50 49 49 50 50 49 50 51 52 53 54 53 54 55 53 56 55 54 54 55 57 56 55 54 56 55 57
26 27 27 27 27 28 29 29 29 30 29 30 29 29 30 30 30 31 32 32 34 34 34 34 34 35 35 36 36 37 37 37 37 37 36 39 38 39 39 40 41 42 41 43 42 41 41 42 42 41 42 43 44 46 46 46 46 48 48 48 49 47 50 48 48 47 48 49 49 49 51 51 51 53 53 52 52 54 53 54 55 55 52 53 54 54 53 55 55 58 57
26 27 27 28 29 29 29 29 29 30 30 30 30 30 31 31 32 32 32 34 34 35 35 35 35 35 37 37 37 36 36 37 37 38 39 38 39 39 39 40 40 41 42 42 43 42 42 43 42 43 43 43 44 46 46 46 48 48 48 50 50 49 48 48 47 48 49 49 50 50 50 51 52 51 53 52 51 51 52 51 52 52 51 50 52 53 54 54 55 55 57
28 27 27 27 29 29 29 29 29 30 30 31 31 30 31 31 32 32 32 32 35 34 35 36 35 36 37 37 37 37 37 37 38 38 39 39 39 38 39 40 40 40 40 42 42 41 42 43 42 43 44 43 44 46 45 45 47 47 47 48 50 48 48 49 49 49 50 49 49 51 51 52 50 51 52 50 52 52 51 50 51 51 52 48 50 52 54 54 55 55 56
28 28 27 26 27 28 29 29 29 30 29 30 30 30 30 31 32 32 32 32 32 33 34 34 35 36 35 37 37 37 38 38 38 38 37 38 38 38 39 40 40 41 40 42 42 41 42 44 43 44 45 44 45 46 46 47 47 48 47 47 49 49 50 49 50 50 51 51 49 51 50 52 52 52 52 52 52 50 50 50 51 52 50 51 49 52 53 52 54 55 56
28 28 28 26 26 28 29 30 29 29 29 30 30 30 31 31 33 32 32 33 32 33 33 34 35 37 36 36 36 36 37 38 37 38 38 38 38 40 39 40 40 40 40 42 40 42 43 43 43 43 43 44 46 46 45 46 47 48 47 47 48 49 50 51 51 51 50 50 50 51 51 52 51 51 51 52 53 50 51 50 50 50 52 50 49 48 53 53 52 55 55
27 27 26 27 27 29 29 29 29 30 29 30 31 31 31 32 32 32 33 33 33 34 32 33 34 33 35 36 36 37 37 38 37 38 38 38 37 38 40 39 41 39 42 42 41 42 43 43 44 44 45 46 46 48 46 47 47 47 47 47 48 48 48 50 49 50 51 50 51 51 51 51 51 50 51 52 50 51 49 50 49 50 50 53 51 52 53 52 53 54 55
27 27 27 27 28 29 29 29 30 29 29 30 30 30 32 32 33 33 33 33 33 33 32 33 33 33 35 35 36 36 36 37 37 37 38 38 36 37 38 39 39 39 40 42 43 42 42 45 45 44 44 45 46 47 46 47 46 46 47 48 49 49 48 50 51 51 50 51 51 51 51 51 50 51 51 50 53 52 52 50 52 52 51 52 49 48 49 49 51 53 54
27 27 27 27 29 29 29 29 29 29 30 30 30 31 31 31 33 32 33 33 33 34 32 32 34 34 35 36 36 36 36 37 37 37 37 37 37 37 38 38 40 39 39 41 41 42 41 44 44 44 44 44 45 46 48 47 48 47 46 47 48 49 49 49 48 51 51 51 51 51 51 52 51 51 51 51 49 53 52 51 53 51 51 49 50 49 51 49 51 52 55
28 28 27 27 27 29 29 29 29 30 30 30 30 31 31 31 33 32 33 33 33 33 33 32 34 34 35 36 36 36 36 37 37 37 38 37 37 37 39 39 39 40 40 40 40 41 43 44 45 44 44 44 45 47 46 47 47 47 46 47 47 48 49 49 49 48 48 49 51 51 52 51 50 51 50 50 50 51 50 51 52 50 51 51 50 50 50 47 52 54 52
28 28 28 27 28 30 29 29 30 30 31 31 31 30 30 32 31 31 31 33 33 33 33 33 34 34 34 34 36 36 36 37 37 36 38 37 37 38 39 39 41 41 40 41 40 41 43 45 45 44 43 44 46 46 45 46 45 46 46 48 46 47 47 47 47 49 50 50 51 51 51 51 51 52 50 49 50 49 50 49 50 49 48 50 50 52 51 50 53 52 52
28 28 28 27 28 29 29 28 28 30 31 31 30 31 31 31 31 32 32 33 33 32 34 34 34 35 34 34 36 36 36 37 36 36 37 37 37 39 38 39 40 40 40 40 41 42 43 45 44 44 43 44 46 46 46 45 45 45 45 45 47 47 46 48 48 48 49 50 52 49 50 52 51 51 51 50 50 50 49 48 49 49 48 46 48 50 51 50 53 53 52
29 28 28 28 28 29 29 28 30 31 29 30 31 31 31 30 31 32 32 32 32 34 34 34 34 35 34 35 36 36 36 36 37 36 37 38 39 37 38 39 41 40 41 41 41 41 42 43 44 45 44 44 44 46 45 44 44 46 45 45 46 46 47 49 49 49 49 50 52 50 50 50 53 51 49 48 50 52 49 48 49 48 48 47 46 51 52 52 51 50 52
29 29 28 28 28 28 28 28 30 30 30 30 31 31 31 31 33 33 34 34 33 33 34 34 34 34 34 34 34 35 36 37 36 37 37 38 38 38 39 39 39 40 41 41 41 41 41 42 44 42 42 44 44 44 44 42 44 44 45 44 44 46 47 47 49 49 49 50 51 51 52 51 51 51 51 50 49 51 50 49 50 51 47 49 49 49 49 50 47 49 50
29 29 28 28 28 28 28 29 30 30 30 30 30 31 31 33 34 32 34 34 33 33 33 34 34 34 33 34 34 35 36 36 37 37 38 38 38 39 39 39 40 40 39 40 41 41 41 41 43 43 42 42 43 43 43 42 45 44 44 44 45 45 46 46 48 49 50 50 50 51 52 51 52 51 50 51 51 49 50 50 51 51 49 47 49 50 49 49 48 48 50
29 29 29 28 28 28 28 29 30 30 31 30 31 33 31 33 33 33 34 33 33 34 33 32 33 33 34 34 35 35 34 36 37 37 37 37 38 38 40 41 41 41 40 40 41 42 41 41 42 43 43 43 44 43 42 43 43 43 43 43 42 43 44 45 46 48 49 50 50 50 52 52 51 50 50 51 51 50 52 50 51 50 48 47 49 48 47 46 49 50 51
30 30 30 29 29 29 29 29 29 30 29 31 31 30 31 33 33 33 33 33 33 34 33 33 33 34 33 34 35 35 35 35 36 37 37 37 38 39 40 40 41 40 40 40 40 39 41 42 42 42 42 43 42 42 43 43 43 42 43 43 41 42 43 43 47 47 49 49 50 50 51 50 50 50 51 52 51 51 52 52 50 48 48 48 48 45 47 46 48 48 50
31 29 31 30 30 30 31 31 31 29 30 31 31 31 32 33 33 33 33 33 34 34 35 35 34 34 34 35 35 35 35 36 36 36 37 38 38 39 39 40 40 40 40 41 40 41 41 42 42 41 42 43 42 42 41 41 41 43 41 42 43 43 42 43 44 46 49 48 49 51 51 51 53 51 53 52 53 52 52 52 52 53 51 49 47 48 49 46 50 51 53
