data/precipwetm.asc
ncols        384
nrows        480
xllcorner    138.000000000000
yllcorner    -29.000000000000
cellsize     0.041666666667
NODATA_value -9999
[rows 266 to 303 of 480, columns 0 to 84 of 384]
102 103 104 105 106 107 108 108 109 110 111 111 112 113 113 114 115 116 116 118 119 120 121 122 123 124 126 127 128 129 129 131 131 133 133 134 134 135 137 138 138 139 140 142 144 145 147 148 148 148 147 146 144 142 140 138 136 135 134 134 133 132 131 131 129 128 127 127 126 125 125 127 127 127 130 132 134 133 135 137 140 141 142 144 144
100 101 103 104 105 105 106 106 107 108 109 109 110 111 111 112 113 114 114 116 117 117 119 120 121 122 123 125 126 127 127 129 129 130 131 132 131 131 133 135 135 136 138 140 142 143 145 145 146 146 146 144 143 141 139 138 136 135 134 133 132 131 130 129 128 127 127 126 124 125 125 125 125 126 127 129 133 133 134 137 138 138 139 140 143
99 100 101 102 103 104 104 105 105 106 107 108 108 109 110 111 111 112 113 114 114 116 117 118 119 120 121 122 123 125 126 126 127 128 128 130 128 129 131 134 133 134 137 138 139 141 142 144 144 144 143 143 141 140 138 137 136 135 134 133 132 130 129 128 127 127 126 125 125 123 124 124 123 126 126 128 131 132 133 136 138 136 139 142 144
98 99 100 101 102 102 103 103 104 104 105 106 107 107 108 109 110 110 111 112 113 114 115 115 116 118 119 120 121 122 123 124 126 125 126 127 127 127 129 130 131 132 135 136 138 139 140 142 142 142 142 141 140 139 137 136 135 134 133 132 131 129 129 127 127 126 125 123 123 123 123 123 124 125 125 125 128 130 131 134 136 136 137 140 142
97 98 99 99 100 101 101 101 102 102 103 104 105 105 106 107 107 108 110 110 111 112 113 114 115 116 117 118 119 120 121 122 123 123 123 124 125 125 127 129 129 130 132 134 136 137 139 140 140 141 140 140 139 138 137 136 134 133 132 131 130 128 128 127 126 125 124 123 123 123 123 122 121 123 123 124 126 126 128 131 133 132 135 137 139
96 97 98 98 99 100 100 101 101 101 101 102 102 103 104 105 105 106 108 109 109 110 111 112 113 114 115 116 117 119 119 119 121 120 121 121 122 122 124 126 128 129 130 132 134 136 137 138 139 139 139 139 138 137 136 134 133 132 131 130 129 128 127 126 125 124 122 122 122 120 122 121 121 122 121 122 124 125 126 127 130 131 133 133 137
95 96 96 97 98 98 98 99 99 99 100 100 101 102 102 103 104 105 106 107 108 108 109 110 111 111 112 113 114 115 116 117 117 117 118 119 120 121 122 124 126 126 128 131 133 134 135 137 137 138 138 137 137 136 135 134 132 131 130 129 128 127 126 125 123 123 121 120 121 120 120 119 120 122 119 121 124 125 124 127 127 129 130 133 136
94 95 96 97 97 97 97 98 98 98 98 99 99 99 100 101 102 103 104 105 106 106 107 108 109 109 110 111 112 112 113 114 115 116 116 117 118 120 121 121 123 125 126 129 131 133 134 136 137 137 137 136 136 135 134 133 131 130 129 128 127 126 125 123 122 121 120 119 119 119 119 119 119 119 119 119 120 121 126 127 125 128 131 131 134
94 95 95 96 96 96 96 96 96 96 97 97 97 98 99 100 100 102 102 103 104 105 105 106 107 107 108 109 109 110 111 112 113 114 115 116 118 118 119 119 121 123 124 126 129 131 133 134 135 136 136 136 135 134 133 132 130 129 128 126 126 124 124 122 120 120 119 118 117 116 117 116 117 117 119 116 119 121 121 122 126 125 131 129 130
93 94 95 95 95 96 96 95 95 96 96 96 96 97 98 98 99 101 101 101 102 103 103 104 105 105 107 108 107 108 109 110 112 113 114 114 116 116 117 118 119 120 122 125 128 130 132 134 135 135 134 134 134 132 132 130 129 127 126 124 123 122 121 120 119 117 117 116 116 115 114 114 114 115 116 114 115 119 119 120 122 123 128 128 130
93 94 94 95 95 95 95 95 95 95 95 94 95 96 97 97 98 99 99 100 100 100 101 102 102 103 104 105 106 107 108 109 110 112 112 112 113 114 114 116 116 117 120 123 126 128 131 133 135 134 133 134 133 132 131 129 127 124 123 121 120 119 119 117 117 116 114 113 113 113 112 112 112 112 111 112 115 114 116 118 121 124 124 130 129
94 94 94 94 94 94 94 94 94 94 94 94 94 95 95 96 96 97 98 98 98 99 100 100 101 102 103 104 104 105 107 108 109 110 111 111 112 113 112 113 113 115 118 122 125 127 130 132 134 135 135 133 132 131 129 127 124 122 120 118 117 116 116 115 114 114 113 112 112 111 111 110 109 107 109 108 113 111 113 114 119 120 122 124 126
94 94 94 94 94 94 93 93 94 93 93 93 93 94 94 95 95 95 95 96 96 97 98 99 99 100 101 101 102 104 105 106 108 109 110 111 111 112 112 111 112 114 118 121 124 126 128 131 134 135 134 132 131 129 127 125 122 119 117 115 113 113 113 112 112 112 111 110 109 109 108 106 104 104 105 106 106 108 109 112 114 120 122 121 128
93 94 94 94 93 93 93 93 93 93 93 92 92 93 93 93 94 94 94 95 95 96 96 97 98 98 99 100 101 102 104 105 107 108 109 110 110 112 112 112 113 115 118 121 123 126 129 132 134 134 132 131 131 128 125 123 120 117 114 111 110 110 109 110 110 109 109 109 108 107 106 105 103 102 103 105 105 105 106 107 112 113 120 124 129
93 94 94 93 93 93 92 92 92 92 92 92 92 92 92 92 93 93 93 94 94 94 94 95 95 96 97 98 99 101 103 104 105 107 108 109 110 111 112 112 113 115 118 121 123 124 128 129 132 131 131 131 129 127 124 121 118 115 112 108 107 107 108 108 108 108 108 107 106 106 104 104 101 102 102 104 104 104 104 105 109 115 119 125 127
94 94 94 93 93 92 92 92 92 91 91 91 91 91 91 91 92 91 92 92 92 93 93 94 94 94 95 97 98 99 101 103 104 106 107 110 109 111 111 112 114 116 118 120 122 124 125 128 127 130 132 130 128 126 123 120 117 114 110 107 106 106 107 107 107 106 107 106 105 103 104 101 101 101 102 103 104 104 105 105 107 109 115 119 123
94 94 94 93 92 92 92 91 91 90 90 90 90 90 90 90 90 90 91 91 91 91 92 92 92 93 93 95 97 98 99 101 103 104 106 107 108 110 111 112 114 116 118 120 122 123 125 128 126 128 131 129 127 124 122 119 116 113 110 108 106 106 107 107 107 106 106 105 104 103 104 102 100 101 101 103 103 104 105 106 107 105 107 111 112
94 94 94 93 92 92 91 91 90 90 89 89 89 89 89 89 89 89 89 89 90 90 90 90 91 91 92 93 95 96 98 100 101 103 104 106 107 109 110 112 114 116 118 120 120 121 124 128 127 128 129 126 124 123 121 119 116 113 111 109 107 107 106 106 106 106 105 104 104 104 103 103 102 101 102 103 104 104 105 105 106 106 107 106 106
94 94 93 93 92 91 91 90 89 89 88 88 88 88 88 88 88 88 88 88 88 88 88 89 89 89 90 92 93 95 96 98 100 101 103 104 106 108 110 111 113 115 117 118 119 122 124 126 128 128 127 125 124 122 121 118 116 113 111 110 108 107 107 107 106 106 105 104 104 104 104 103 103 101 102 103 104 104 105 105 106 107 107 106 107
94 94 93 92 91 90 90 89 89 88 88 87 87 87 86 86 87 87 87 87 86 86 87 87 88 88 89 90 91 93 95 96 98 100 101 103 105 107 109 110 112 114 116 117 118 119 122 123 125 125 125 124 123 122 120 118 115 113 111 110 109 108 107 107 106 106 106 105 105 104 104 104 104 103 103 103 104 104 104 105 106 107 107 106 106
94 93 93 92 91 90 89 88 88 88 87 86 86 86 85 86 85 86 85 85 85 85 86 86 86 87 87 88 89 91 93 95 96 98 100 102 104 106 107 109 110 112 115 116 116 118 119 122 122 124 124 123 123 121 120 118 116 114 111 110 109 109 108 107 106 106 106 106 105 105 104 104 103 104 102 102 104 105 105 105 105 106 105 106 105
94 93 92 91 90 89 88 87 87 86 86 85 85 85 85 84 85 84 84 84 84 84 84 84 85 85 86 87 87 89 91 93 95 97 99 100 102 104 106 108 109 111 113 114 115 116 118 121 121 122 122 122 122 121 119 117 115 114 112 110 109 109 107 107 106 106 106 106 106 106 105 105 104 103 103 102 103 104 104 105 105 105 105 105 104
93 92 91 90 89 88 87 86 86 85 85 85 84 84 84 83 83 83 83 83 83 83 83 83 84 84 84 85 86 88 90 91 93 95 97 99 101 103 105 106 108 109 111 113 114 116 117 119 120 121 121 121 121 120 118 117 115 113 112 111 109 108 108 108 107 106 106 106 106 106 107 106 104 105 105 106 107 107 105 104 104 104 104 104 103
92 91 90 89 88 87 86 85 85 84 84 84 83 83 83 82 82 82 82 82 81 81 81 82 82 82 83 84 85 87 88 89 92 94 96 98 100 101 103 105 106 108 109 111 113 113 115 116 118 119 120 120 120 119 118 116 115 113 112 111 109 108 108 108 107 107 106 106 107 107 107 107 106 106 108 109 109 107 108 107 105 105 103 103 103
90 89 88 88 87 86 85 84 84 83 83 82 82 82 82 82 81 81 81 80 80 81 81 81 81 81 82 84 85 86 87 89 90 92 94 96 99 100 102 103 105 107 108 109 110 111 113 114 115 117 118 119 119 118 117 116 115 113 112 111 110 109 108 108 106 106 106 106 107 108 108 108 108 109 110 112 113 112 110 110 109 109 108 104 101
88 88 87 86 85 85 84 84 83 82 82 81 81 81 81 81 80 80 80 80 79 80 79 79 80 80 81 83 84 85 87 88 90 92 94 96 99 100 103 104 106 108 109 109 110 110 111 113 114 115 116 117 117 117 117 116 114 112 111 110 109 108 108 107 107 106 106 106 108 108 107 110 110 111 111 112 115 116 116 114 112 110 108 104 101
87 86 85 85 84 83 83 82 82 81 81 81 80 80 80 80 80 79 79 79 79 79 79 79 78 79 81 82 84 86 87 89 91 93 95 97 99 101 104 106 108 110 110 111 110 110 109 111 112 113 114 115 116 117 116 115 113 111 111 110 108 108 108 107 107 106 107 107 108 109 110 111 110 110 112 114 118 119 117 115 115 113 110 108 105
85 85 84 83 83 82 82 81 81 80 80 80 79 79 79 79 79 79 79 78 78 78 78 78 78 78 80 82 84 86 88 90 91 93 96 98 100 103 105 107 110 112 111 111 111 110 109 108 110 111 112 113 114 115 114 113 112 111 109 109 108 107 107 107 106 105 106 107 108 109 110 111 112 113 113 114 118 121 122 118 115 113 111 108 105
84 84 83 82 81 81 80 80 80 79 79 79 79 79 79 78 78 78 78 78 78 78 78 78 78 79 80 82 84 86 88 90 92 94 96 99 102 103 106 108 111 113 112 111 110 109 108 107 107 108 109 110 111 112 111 111 110 109 108 107 107 106 106 105 105 105 106 107 107 108 110 112 113 113 116 118 120 123 126 121 116 114 110 108 106
82 82 82 81 80 80 79 79 79 79 79 78 78 78 78 78 78 78 78 78 78 78 78 79 79 80 81 82 84 86 88 90 92 95 97 99 102 104 106 108 111 112 111 110 109 108 106 106 105 105 106 107 108 109 109 108 108 107 107 106 105 105 105 104 104 104 105 106 106 107 109 111 112 114 116 118 120 120 121 119 115 113 109 107 104
81 81 80 80 80 79 79 78 78 78 78 78 78 78 78 77 77 77 78 78 78 78 79 79 80 81 82 83 85 87 89 90 93 95 97 99 101 103 105 107 109 110 110 109 107 106 105 104 103 102 104 105 105 106 106 105 105 106 105 105 105 104 103 103 102 103 104 104 105 106 108 109 111 113 115 116 118 118 116 115 113 110 107 105 101
80 79 79 79 79 79 78 78 78 78 78 77 77 77 77 77 77 77 77 78 78 78 79 80 80 81 83 84 86 87 89 91 93 95 96 98 100 102 104 106 107 107 107 107 106 104 103 102 101 100 101 101 102 103 104 104 104 103 103 103 103 102 102 101 101 102 103 104 104 105 107 108 110 111 111 113 114 112 111 109 108 106 102 101 99
78 78 78 78 78 78 78 77 77 77 77 77 76 76 76 76 76 77 77 78 78 79 79 80 81 82 84 85 87 88 90 91 93 94 96 98 100 102 103 105 105 106 105 104 103 102 100 99 99 97 98 99 100 100 101 101 102 101 101 101 101 100 100 100 100 101 102 102 103 104 104 106 107 107 109 108 109 109 105 104 102 100 98 97 97
77 77 77 77 77 77 77 77 77 77 76 76 76 76 76 76 76 76 77 77 78 79 80 81 82 83 85 86 88 89 90 92 93 95 96 97 99 101 102 103 104 104 103 102 100 99 97 96 96 95 95 96 97 98 98 99 99 99 99 99 99 98 98 98 98 98 99 100 101 102 102 104 105 104 106 106 104 104 103 101 98 95 95 94 95
76 76 76 76 77 77 77 77 77 76 76 75 75 75 75 75 76 76 76 77 78 79 80 81 83 84 86 87 89 90 91 92 94 95 96 97 99 99 100 101 102 102 101 99 97 96 94 93 92 92 93 93 94 95 96 97 97 97 97 97 97 97 97 97 97 97 97 97 98 101 100 102 103 102 103 103 102 102 102 98 95 94 91 92 93
75 75 75 75 76 76 76 76 76 76 75 75 74 74 75 75 75 76 76 77 78 79 80 82 83 85 87 88 90 91 92 92 93 94 96 96 97 98 99 99 100 100 99 96 94 92 91 90 89 89 90 91 92 93 94 94 95 95 95 95 95 96 95 95 95 96 96 96 97 98 99 100 100 100 100 101 100 99 97 94 92 93 92 93 92
74 74 74 74 75 75 76 76 75 75 74 74 74 74 74 74 74 75 76 77 78 79 80 82 84 85 87 89 91 92 92 93 93 94 95 94 96 96 96 97 97 97 95 93 91 89 87 87 86 86 88 89 90 91 91 92 93 93 93 93 93 93 93 94 94 94 94 95 96 97 97 98 98 97 97 97 96 95 93 93 91 90 88 88 89
73 73 73 73 74 74 74 74 74 73 73 73 72 73 73 73 74 74 76 77 78 79 80 82 84 86 88 90 92 92 92 93 93 93 94 93 93 94 94 94 94 93 92 90 87 85 84 83 83 84 85 86 87 88 89 90 91 91 91 91 92 92 93 93 92 93 93 93 94 95 95 96 96 95 95 95 95 93 93 91 90 89 87 87 89
