data/precipdryq.asc
ncols        384
nrows        480
xllcorner    138.000000000000
yllcorner    -29.000000000000
cellsize     0.041666666667
NODATA_value -9999
[rows 360 to 399 of 480, columns 91 to 181 of 384]
25 25 25 24 24 23 23 24 25 24 25 26 27 27 26 26 27 27 27 28 29 27 29 30 32 32 34 33 33 34 33 32 35 37 35 38 40 36 36 33 31 30 31 30 31 33 35 36 37 37 37 37 39 41 37 36 38 37 37 39 41 42 39 41 43 43 42 43 43 44 47 47 47 49 48 49 50 50 49 50 50 49 50 49 52 53 54 53 53 52 54
24 25 24 24 24 23 23 24 24 24 24 25 24 26 27 27 28 28 29 27 27 27 28 29 32 32 33 33 32 32 33 33 32 36 33 37 38 39 34 35 33 32 31 32 33 34 34 36 38 38 37 38 39 39 38 40 39 41 39 42 43 44 43 42 43 42 43 43 45 45 47 47 47 49 48 50 49 49 50 51 49 50 50 50 50 51 52 53 53 50 51
23 24 24 24 23 23 23 24 24 24 24 24 24 26 26 27 28 28 29 29 31 27 27 30 32 34 33 33 33 32 33 30 30 33 34 37 37 37 35 33 32 33 35 33 34 33 35 37 38 36 37 39 39 39 40 39 39 41 41 41 41 44 43 43 43 44 43 43 44 46 46 48 48 48 48 48 49 49 49 49 49 50 49 50 52 54 53 54 56 51 52
23 23 25 24 23 23 22 24 24 23 23 23 24 25 25 25 27 29 29 29 29 30 31 32 32 33 33 35 33 32 32 33 32 31 32 34 37 38 35 35 35 36 35 37 33 34 38 38 37 37 38 38 38 40 39 39 39 41 41 41 41 42 43 42 43 44 43 44 46 46 47 48 49 49 49 49 49 50 50 49 51 51 53 53 51 55 53 53 55 52 52
24 24 25 25 24 24 23 22 23 23 22 22 21 21 22 26 27 28 28 28 29 30 29 32 33 33 32 33 33 33 32 34 33 34 34 34 34 36 34 34 35 35 35 36 36 35 38 37 37 39 39 37 40 38 36 39 40 42 42 41 42 42 43 44 44 44 43 43 44 46 48 48 49 49 50 50 51 53 52 49 49 50 50 53 54 55 55 53 54 54 54
25 24 25 25 24 24 23 23 22 22 23 20 22 22 22 27 27 27 31 30 29 29 32 32 33 32 32 34 33 33 32 33 34 33 32 32 34 34 35 36 32 34 33 34 35 36 36 37 38 38 37 39 39 37 37 38 40 41 41 42 43 44 43 46 47 45 44 43 43 46 47 48 49 49 51 50 51 52 53 51 51 51 49 51 53 55 56 52 53 53 53
25 24 24 25 26 25 24 24 22 21 22 22 21 23 24 27 27 27 26 27 31 30 32 32 32 32 31 33 31 32 33 35 34 34 33 33 31 35 36 35 32 32 34 34 34 37 37 39 37 36 36 38 37 33 36 40 40 38 38 41 42 44 44 46 45 46 45 46 46 46 46 48 49 50 50 52 51 50 51 53 52 50 51 51 53 53 54 52 54 54 54
26 25 24 24 26 25 25 25 23 24 24 23 23 24 24 25 25 24 24 25 30 31 31 31 32 32 33 33 32 32 33 33 33 35 35 33 32 32 34 37 33 34 35 36 35 37 40 41 38 39 35 37 39 38 37 38 38 31 35 38 41 45 44 44 46 47 46 48 46 48 48 48 49 50 50 51 51 50 51 52 53 50 49 51 51 52 55 56 56 58 56
25 25 25 25 25 25 25 22 26 25 22 24 23 25 25 23 24 23 25 27 29 30 30 31 32 32 34 34 32 34 34 34 32 33 35 34 32 33 34 36 34 35 36 38 39 37 39 39 37 42 41 38 39 38 37 36 40 38 37 39 43 45 45 44 45 46 44 46 45 45 46 49 50 48 49 49 49 50 49 51 53 51 51 51 52 51 55 56 57 59 58
25 25 27 26 26 25 24 25 26 22 22 23 24 25 25 23 25 25 27 29 31 30 29 30 30 31 32 33 34 34 34 33 32 32 33 33 33 32 33 33 34 35 38 39 38 41 39 39 39 41 42 40 35 38 39 35 32 36 42 40 40 44 46 45 47 46 45 45 46 46 46 48 49 48 49 49 50 50 49 50 52 54 54 54 56 55 57 62 56 58 60
25 25 26 25 25 26 25 26 26 24 23 24 25 25 25 25 25 27 28 30 30 28 28 29 31 31 31 32 32 35 34 33 33 32 33 32 33 35 33 34 34 36 36 37 38 39 40 39 39 40 40 38 37 36 37 38 41 41 43 43 42 40 44 46 46 45 47 48 45 46 46 47 47 50 49 51 50 50 52 54 54 56 58 57 57 55 57 57 59 58 61
26 25 26 26 26 25 25 25 24 25 26 27 27 26 25 25 25 28 28 30 28 27 28 29 30 31 32 32 34 34 33 32 31 32 33 33 33 33 34 34 36 35 35 37 38 40 39 38 37 36 39 39 39 39 38 37 40 42 43 43 44 42 43 42 43 46 45 45 44 46 48 48 49 50 50 51 52 52 52 52 54 52 56 58 56 55 58 55 57 60 61
27 27 27 27 26 25 25 26 25 26 25 25 26 26 26 24 26 28 28 28 27 29 29 29 29 30 31 33 33 32 32 33 31 33 33 34 32 34 34 34 35 34 34 34 36 39 38 36 38 37 39 39 39 42 39 38 40 39 41 39 41 40 39 40 39 43 43 42 44 47 48 49 48 50 50 51 50 52 52 52 51 51 54 57 56 57 57 55 57 56 56
27 26 26 27 26 26 26 28 27 28 25 26 26 26 26 26 26 27 28 29 28 28 27 28 29 30 31 33 33 34 32 32 32 32 33 34 34 34 34 35 35 34 36 36 36 39 39 38 37 37 37 36 37 39 39 37 40 40 38 38 41 40 39 41 41 43 42 42 45 46 47 48 48 48 49 51 52 51 52 53 51 52 55 52 58 59 61 59 60 58 57
26 25 26 28 26 26 26 28 29 27 26 26 26 26 27 27 27 28 28 28 29 27 30 30 30 30 30 34 32 32 32 32 32 33 34 33 33 33 33 34 35 34 36 36 35 34 38 37 37 38 36 35 38 38 37 39 40 38 37 37 38 38 37 40 39 40 41 43 42 47 47 46 47 48 48 50 52 52 50 53 52 53 54 55 59 59 60 60 56 56 54
27 26 26 28 28 28 28 29 29 29 27 27 28 28 27 27 27 27 28 28 29 28 29 29 30 28 32 32 33 32 32 31 31 32 34 34 33 33 34 34 35 35 35 38 37 36 35 36 37 38 39 37 37 37 39 37 39 37 36 39 37 39 37 39 40 40 41 42 43 45 46 45 46 46 46 50 53 52 54 54 56 54 53 56 59 60 62 62 58 57 56
28 27 27 27 28 27 28 28 29 30 27 27 28 29 28 27 27 27 28 28 27 27 28 29 31 31 31 31 32 31 31 30 32 34 33 33 33 34 35 35 35 35 37 36 36 35 37 37 37 36 36 39 36 34 36 37 39 38 36 35 37 38 38 37 38 39 40 42 44 44 45 45 47 47 49 50 51 52 55 55 57 57 55 58 58 56 58 58 61 57 56
29 28 28 28 28 28 28 30 30 30 29 28 29 29 27 27 28 28 27 28 28 28 28 30 33 30 30 33 31 32 30 29 31 34 33 34 34 35 34 34 36 38 38 35 35 35 36 39 37 38 37 40 35 35 36 38 38 39 38 36 38 38 39 39 37 40 43 45 46 44 44 46 48 48 50 51 50 53 53 55 56 56 55 58 55 54 57 59 63 59 65
28 29 30 29 29 28 30 30 31 31 29 28 29 28 27 28 28 28 28 28 26 27 28 29 29 30 30 31 30 31 30 31 31 31 35 35 34 35 35 34 36 36 35 34 35 37 35 38 39 38 37 38 38 36 36 37 38 38 40 38 37 38 39 40 39 40 41 43 45 44 44 45 45 48 48 51 51 53 55 56 54 55 58 57 58 58 59 59 61 66 60
29 28 28 29 29 30 31 31 31 30 31 30 29 28 29 27 30 29 27 27 27 27 29 29 29 29 29 30 28 30 30 31 31 32 32 33 34 34 35 35 35 36 34 36 36 35 35 37 39 39 37 37 35 35 35 38 37 37 38 38 38 38 39 41 39 40 41 42 42 42 44 44 46 46 49 50 51 55 54 55 56 56 56 61 60 57 58 60 59 56 62
29 30 30 29 30 30 31 31 31 30 31 29 29 28 29 29 30 29 27 29 28 27 30 31 30 30 29 28 31 32 30 31 33 34 36 33 34 33 36 35 37 36 35 35 35 35 35 36 37 38 38 37 35 36 36 34 36 38 40 40 40 39 41 41 42 43 42 44 43 42 46 46 45 45 47 51 52 52 54 56 56 54 57 57 59 58 60 59 62 58 59
29 29 28 31 31 31 31 31 31 29 30 29 29 31 32 31 29 28 27 27 28 28 28 30 29 29 29 29 31 33 32 31 33 36 36 36 35 35 36 36 36 37 36 34 35 35 38 36 37 38 39 38 36 36 36 36 35 37 42 43 40 40 41 40 41 41 42 43 42 41 42 43 47 47 48 51 51 51 53 55 57 57 58 58 55 55 57 62 61 57 55
31 30 29 30 30 30 31 31 31 31 30 29 31 33 32 31 29 28 28 29 29 29 30 30 30 29 29 31 33 33 32 32 34 36 36 34 34 35 36 37 36 36 37 34 34 34 34 35 35 35 37 35 34 35 37 38 37 36 39 41 38 42 43 43 42 42 44 42 44 43 45 45 47 50 49 51 50 51 51 54 55 56 56 57 56 51 53 55 53 52 56
30 30 31 31 31 31 31 31 31 32 31 32 31 30 30 31 29 29 28 30 31 31 32 31 31 31 32 34 34 34 34 34 34 35 35 35 34 33 33 36 36 36 36 35 35 35 34 34 37 38 36 35 36 38 36 39 38 38 39 42 42 43 44 42 43 42 43 43 45 48 47 48 45 49 50 50 50 50 51 54 55 54 54 56 54 55 52 56 53 54 55
31 30 31 31 31 31 32 31 31 31 32 33 33 31 30 30 29 30 30 31 32 32 31 32 34 35 33 36 35 34 33 32 33 33 33 36 35 36 36 36 36 35 37 37 36 36 36 36 35 35 34 34 35 36 38 39 37 39 39 39 42 42 44 42 43 43 42 43 44 43 46 49 48 48 49 49 51 50 51 54 54 52 53 55 55 53 54 54 53 56 56
31 31 32 32 32 33 33 33 32 31 30 32 33 35 32 33 32 30 30 31 32 31 30 32 35 36 35 35 35 34 33 32 34 33 35 35 36 36 36 36 35 35 34 37 37 37 37 36 36 35 35 35 36 36 37 39 37 37 38 39 41 42 44 44 44 43 44 43 46 46 48 49 49 51 49 47 49 50 53 54 55 54 54 58 56 52 55 53 53 54 56
32 31 32 32 32 33 33 34 34 34 33 33 34 35 33 32 34 31 31 31 32 31 31 35 36 36 36 36 35 34 34 34 33 35 37 35 36 34 36 36 36 37 37 37 36 37 37 36 36 36 37 38 37 38 36 37 39 37 38 38 42 41 42 45 45 44 43 44 45 46 48 47 49 49 49 49 51 53 52 52 54 55 54 56 57 55 52 51 52 54 54
34 35 34 34 33 33 34 34 34 33 34 33 36 36 35 32 32 31 31 31 30 31 34 36 35 37 35 35 36 35 35 35 37 37 37 36 35 36 38 38 38 38 37 36 36 37 37 37 37 38 38 37 37 38 40 39 38 38 40 39 41 43 43 45 45 45 42 44 46 47 50 49 47 49 50 50 51 52 51 52 52 55 55 56 57 55 51 53 53 53 52
35 36 33 33 34 34 35 35 34 33 35 37 37 37 36 33 31 32 31 31 33 34 37 38 37 36 36 36 38 39 36 38 38 38 38 38 36 37 37 36 37 37 36 36 36 36 37 38 38 39 40 40 40 40 40 42 41 39 40 40 41 41 43 45 46 47 44 46 46 45 48 49 50 52 51 51 51 52 52 53 53 56 56 57 57 52 50 52 52 50 52
35 35 35 34 33 34 35 37 36 35 35 37 38 38 37 35 34 33 32 33 35 36 35 36 37 37 39 38 38 38 38 38 38 38 37 37 37 36 36 36 38 37 38 38 37 37 37 38 38 38 40 40 40 40 40 41 41 41 40 41 42 42 44 45 47 46 45 47 47 47 48 47 49 50 50 53 52 50 51 52 53 54 54 58 57 58 58 54 52 50 52
34 35 33 34 34 34 35 36 37 37 36 38 38 37 37 37 36 36 35 35 35 36 37 38 38 38 40 41 39 38 39 37 38 37 36 36 36 37 37 38 37 38 38 38 39 39 39 37 38 39 39 39 39 41 40 41 42 41 43 43 43 42 43 44 45 46 46 46 47 46 47 46 48 50 50 50 52 51 52 54 53 53 56 55 56 57 54 53 50 52 51
34 34 32 34 35 36 36 36 37 37 37 38 39 38 38 38 37 37 35 36 35 35 37 37 38 39 38 39 40 39 39 37 38 37 36 37 37 38 38 38 38 37 38 38 39 39 39 39 39 39 40 39 39 41 43 42 41 41 40 44 44 43 43 45 45 45 46 48 47 49 48 50 50 51 51 53 54 52 52 53 54 54 57 56 57 56 51 52 52 55 50
34 34 32 34 34 35 36 38 38 37 38 38 38 38 39 38 38 38 38 37 37 37 37 37 38 37 38 40 40 37 37 37 37 38 36 39 38 37 38 39 39 38 39 40 39 40 39 39 40 40 41 40 40 41 41 42 43 43 43 43 44 44 46 47 46 46 47 46 48 46 47 50 50 50 50 50 52 53 52 54 57 55 56 59 59 55 52 51 50 58 53
35 35 34 34 34 35 35 36 38 37 38 37 37 38 39 39 39 37 37 36 38 39 38 38 39 39 38 38 37 37 37 38 38 36 36 38 39 39 39 39 39 38 39 40 40 40 41 40 41 41 42 40 42 44 42 41 44 44 44 45 44 44 46 45 46 47 47 47 48 46 48 50 51 51 50 50 52 53 52 56 54 53 54 56 57 58 56 58 51 52 52
34 33 33 35 34 34 34 35 35 36 37 37 36 35 38 38 37 36 39 39 40 39 39 38 38 38 38 38 38 38 38 38 38 37 38 39 39 39 38 39 39 39 39 39 39 40 41 40 40 40 40 41 41 42 43 44 44 46 47 45 45 45 43 45 45 47 48 46 47 49 50 50 51 52 51 52 54 53 54 55 55 57 56 57 57 58 57 56 58 55 50
33 34 36 35 34 33 34 34 37 37 37 36 36 37 36 36 38 38 38 38 39 38 39 38 38 38 37 37 38 38 38 40 39 39 38 39 39 39 39 39 39 39 39 39 40 40 40 42 40 42 41 42 41 42 42 43 45 46 46 45 44 45 44 45 46 47 48 45 47 48 50 50 51 51 51 52 53 54 56 60 58 56 58 58 56 56 60 57 57 56 50
33 34 34 35 34 35 35 34 35 36 36 35 36 37 36 36 37 37 38 38 39 37 38 38 38 38 38 37 38 39 39 40 40 40 38 38 40 40 40 39 39 39 39 40 40 39 41 42 43 43 42 42 42 44 43 43 44 45 45 46 45 46 45 45 46 48 48 48 48 49 49 50 50 51 51 51 54 56 57 58 59 59 57 57 56 57 59 58 56 56 55
32 33 34 34 35 35 35 35 34 35 33 34 35 35 35 36 36 36 35 37 37 37 36 38 38 37 38 38 37 38 38 39 40 40 40 39 39 40 40 40 40 40 40 40 41 40 40 41 41 42 42 42 42 44 43 43 44 45 45 45 45 46 45 45 47 47 47 49 49 50 50 48 50 51 51 51 53 56 56 60 62 61 58 58 59 56 61 57 58 57 56
31 33 33 35 35 34 33 34 33 33 33 34 34 34 34 34 35 35 35 35 35 35 35 36 36 37 36 37 38 39 39 38 39 40 40 40 40 40 40 40 40 39 40 40 40 40 39 40 42 41 42 43 43 43 44 45 44 43 42 43 44 45 46 45 47 48 49 50 48 49 50 50 52 53 52 51 52 54 54 56 59 59 59 60 61 58 59 60 57 57 51
31 32 32 33 34 33 32 33 33 32 32 32 33 34 34 32 33 33 34 34 34 35 35 35 36 36 37 37 38 38 39 39 39 40 40 40 40 40 40 40 40 41 41 41 41 41 41 40 41 41 41 43 44 44 43 42 44 41 41 42 44 44 45 45 45 47 49 49 49 51 52 50 51 52 54 56 53 54 57 57 58 60 55 56 61 63 63 60 60 60 58
