data/precipcoldq.asc
ncols        384
nrows        480
xllcorner    138.000000000000
yllcorner    -29.000000000000
cellsize     0.041666666667
NODATA_value -9999
[rows 400 to 439 of 480, columns 91 to 181 of 384]
32 33 33 34 34 35 36 38 39 39 38 38 39 38 38 37 38 37 37 38 39 40 40 38 38 39 40 39 40 38 40 40 40 40 41 41 41 41 41 41 41 42 43 44 43 43 44 46 44 44 44 47 49 47 49 46 47 47 48 49 49 48 45 44 47 51 52 54 55 53 56 54 54 54 56 56 55 55 55 56 56 62 59 61 63 66 62 63 61 59 56
32 32 32 33 34 34 36 37 38 38 38 39 38 37 37 37 37 37 39 38 40 39 38 38 39 39 40 40 41 38 39 40 40 39 41 41 42 42 41 40 40 42 42 42 43 45 44 43 44 44 44 45 46 46 49 48 45 47 48 51 49 46 46 46 49 49 51 52 54 55 54 55 54 56 58 58 53 54 55 57 57 62 56 63 66 63 59 61 63 60 59
31 31 31 32 32 34 35 36 37 37 37 37 38 37 36 36 37 38 38 37 38 38 38 38 40 38 40 40 40 40 40 41 41 42 42 42 42 41 42 41 42 41 42 42 41 44 43 43 44 44 43 43 45 46 45 47 46 46 48 47 47 45 46 48 50 52 52 49 53 54 53 52 56 53 57 59 59 58 58 57 56 61 64 60 61 62 62 58 61 61 59
31 30 31 31 31 33 34 35 36 36 37 36 36 37 36 37 38 37 38 37 37 39 38 38 39 39 39 40 39 38 40 39 41 41 41 42 42 41 41 42 43 41 40 42 42 42 44 45 45 44 44 46 46 47 47 47 46 46 46 46 46 47 46 49 49 51 53 51 52 53 54 52 55 55 56 58 58 60 57 56 64 63 59 58 60 64 62 59 61 56 59
30 30 29 30 31 32 33 33 34 35 36 36 37 37 36 37 37 38 38 38 38 38 38 37 39 38 38 39 39 41 40 40 41 40 39 41 41 42 42 42 42 42 43 45 44 45 46 46 46 44 44 44 45 46 45 44 46 46 44 45 47 47 49 47 49 50 50 52 54 54 53 56 56 54 54 55 55 58 61 60 63 63 57 61 58 59 62 61 59 61 60
30 30 31 31 32 32 33 34 34 34 36 35 36 37 37 37 37 38 39 37 37 39 39 40 38 38 39 39 39 39 40 39 41 42 41 41 42 42 43 43 42 42 43 45 44 44 46 47 46 45 44 44 45 46 45 45 44 44 46 47 47 46 47 47 47 50 49 50 52 54 55 56 54 56 57 57 54 55 57 65 63 61 60 60 61 62 60 58 58 62 62
30 30 30 30 32 32 33 33 34 35 34 35 36 37 36 36 37 38 37 37 37 39 38 39 38 38 39 38 39 39 39 40 41 41 41 43 43 43 44 44 42 42 42 43 43 45 45 46 46 46 45 45 45 46 46 44 44 45 46 45 45 47 48 48 49 50 50 52 51 54 55 54 55 56 58 59 59 61 63 63 64 64 64 59 68 66 64 58 59 58 59
31 30 31 32 32 32 33 33 33 34 35 35 35 37 37 37 38 38 37 38 39 37 38 38 37 40 38 40 41 40 41 42 41 41 41 42 43 42 42 44 44 43 42 43 44 44 45 46 45 46 45 45 46 47 46 47 46 46 45 43 45 47 46 48 48 49 50 50 52 54 54 54 55 58 59 61 61 58 60 63 66 66 68 68 68 68 60 60 59 64 62
30 30 31 31 32 32 32 34 34 34 34 35 35 37 38 38 38 38 38 39 39 39 39 39 39 38 39 40 40 41 41 41 41 42 43 43 43 42 42 44 44 43 43 44 45 44 46 46 46 46 47 46 46 46 45 46 46 46 44 45 46 48 49 49 49 49 50 51 50 52 53 53 55 56 56 60 61 58 56 59 64 66 66 67 67 66 63 63 61 61 63
30 30 30 32 32 32 32 33 35 34 34 35 35 36 38 38 39 39 39 39 39 38 38 38 39 39 39 40 41 41 41 41 41 42 43 42 42 43 43 44 43 44 45 46 46 48 47 46 47 46 45 45 46 47 45 44 45 45 45 46 46 47 50 49 50 51 49 50 51 53 53 52 53 55 55 58 61 58 56 59 62 63 69 66 64 70 64 65 65 61 61
31 32 31 32 32 32 33 34 35 35 35 35 34 36 37 38 39 39 40 40 39 39 40 40 40 39 40 38 38 40 41 41 40 41 42 43 43 44 43 44 42 44 45 46 47 45 47 47 47 47 46 45 45 47 45 44 43 44 46 46 46 46 48 49 48 50 50 49 50 53 52 50 52 54 57 58 61 61 58 60 61 68 68 66 66 61 63 64 66 65 61
31 33 33 32 32 32 33 34 34 35 35 34 35 36 37 38 37 38 41 41 41 40 40 40 41 41 41 39 38 38 40 40 41 42 42 42 42 43 44 43 42 45 45 46 46 46 47 46 45 46 47 46 46 46 46 43 45 46 46 45 46 47 48 49 49 48 48 50 49 51 51 53 52 55 53 55 57 58 58 59 68 66 67 68 62 61 63 62 60 62 63
33 32 33 32 32 33 33 34 34 35 35 36 36 36 36 38 37 38 38 39 40 40 40 40 40 41 40 39 38 39 40 39 41 42 41 41 42 42 45 43 44 45 45 46 46 47 47 46 46 45 46 48 47 46 45 45 44 44 45 46 47 46 49 48 49 49 50 49 49 51 51 54 54 57 56 58 59 57 60 59 61 66 66 65 62 69 67 68 65 62 63
33 33 33 33 34 33 34 34 34 34 35 36 35 36 36 37 37 37 37 38 39 39 40 40 41 42 42 41 40 40 41 42 42 42 42 42 43 43 44 44 45 45 46 45 46 48 48 47 47 48 47 46 47 46 47 46 46 46 46 47 46 46 46 47 49 49 50 49 51 52 51 53 56 57 57 57 60 59 59 61 61 64 65 66 67 67 66 67 64 60 62
33 33 32 33 35 33 34 34 34 35 36 37 36 36 37 38 37 38 37 38 38 38 38 39 40 41 42 41 41 40 40 41 43 42 43 42 41 44 44 44 46 45 45 46 45 46 47 49 49 47 48 47 46 47 47 46 47 47 48 47 47 47 48 48 48 49 51 51 50 53 53 53 55 57 59 57 59 58 62 63 60 60 60 67 66 68 66 66 64 62 61
33 32 33 35 34 34 34 35 35 36 37 38 37 37 38 38 37 38 38 39 38 40 39 39 40 41 43 43 42 41 41 41 43 42 42 42 42 43 44 44 45 45 45 47 44 45 44 47 48 47 48 47 47 47 49 48 47 49 48 47 48 47 48 49 49 51 52 50 50 51 52 54 55 57 57 60 59 59 61 61 60 58 59 65 64 64 65 67 65 63 61
35 35 35 35 34 34 34 35 36 37 38 38 37 37 39 39 38 38 38 38 39 39 40 42 41 41 42 42 41 40 41 41 40 41 42 42 43 43 44 44 45 45 45 45 45 45 44 45 47 48 48 47 48 47 49 47 47 48 48 48 48 48 51 48 52 52 52 51 50 53 53 55 55 56 55 58 59 56 57 62 60 55 55 58 62 64 65 68 64 62 61
34 35 35 34 34 34 34 35 35 37 37 37 37 38 38 38 38 38 38 38 38 40 41 42 42 42 42 42 41 41 40 40 42 42 43 44 43 44 44 45 45 45 45 45 45 46 46 46 45 46 47 48 47 46 49 47 48 48 49 47 47 48 49 50 50 51 51 51 52 52 55 55 56 57 57 58 58 60 57 55 57 55 56 59 57 60 66 62 65 63 63
35 35 35 36 35 35 35 37 37 39 38 37 37 38 38 40 40 39 38 39 39 40 42 40 40 42 42 43 41 41 41 41 40 43 42 45 44 43 43 45 45 45 45 45 45 46 46 46 46 46 46 46 47 46 48 48 48 47 48 48 49 49 48 50 49 50 50 51 52 53 54 54 55 56 56 56 57 58 58 57 56 54 58 59 56 57 57 61 64 61 65
35 35 36 36 35 37 38 37 37 37 38 38 38 38 39 39 39 39 40 41 41 41 42 43 41 41 43 43 43 41 41 41 40 40 40 44 44 43 43 43 45 45 45 45 45 46 45 46 46 45 47 46 46 46 48 49 49 48 48 48 47 48 48 50 51 49 50 50 50 52 53 55 55 57 56 57 57 56 59 61 58 59 61 61 60 58 60 56 61 62 62
35 36 38 36 36 37 38 38 37 37 39 38 38 38 38 39 38 39 39 41 40 40 41 42 43 42 42 42 43 42 41 40 39 40 40 44 44 44 43 43 45 45 46 46 46 46 45 46 47 46 47 47 47 49 49 48 49 50 49 48 48 48 49 51 50 51 52 50 50 51 54 56 55 55 55 58 58 59 61 61 58 57 59 61 60 55 59 60 58 60 59
36 38 36 36 36 37 37 41 39 38 38 37 37 38 39 39 40 39 39 42 41 40 40 41 41 41 41 41 42 42 41 40 39 41 40 42 41 42 45 43 44 45 45 46 46 46 46 47 47 47 48 46 47 48 48 49 50 49 49 50 49 48 49 52 51 51 51 50 49 49 52 52 52 55 56 58 57 59 61 60 57 56 58 58 61 60 60 60 59 59 60
35 38 36 36 37 37 42 42 40 38 38 38 37 39 38 39 39 40 40 41 41 41 40 40 40 41 41 41 41 42 41 40 41 41 41 42 42 43 44 45 44 45 45 46 46 46 46 45 46 47 48 48 48 50 50 51 50 51 51 50 49 49 51 51 51 51 51 52 51 50 51 52 54 55 56 56 59 58 56 59 59 57 57 58 58 58 56 58 59 58 58
34 36 36 36 37 39 39 38 38 40 40 39 39 40 39 39 40 40 42 41 43 42 40 40 40 42 41 41 41 41 41 41 41 41 40 42 42 42 44 44 45 46 46 47 47 46 46 46 46 46 46 47 48 50 50 50 50 51 50 50 51 49 51 50 49 48 49 51 50 50 53 52 52 55 55 53 54 56 54 58 57 57 53 55 57 57 56 58 58 60 58
35 37 37 36 38 39 44 42 39 40 40 39 39 40 42 41 42 41 42 42 42 42 42 41 40 40 42 42 42 41 41 41 40 41 40 41 43 42 43 44 44 45 45 46 47 46 46 47 46 47 47 47 48 50 49 50 51 51 50 51 51 51 49 50 49 49 50 50 51 50 52 53 53 53 56 55 53 53 55 53 54 52 51 50 54 55 56 56 58 58 59
36 38 38 36 38 39 45 45 39 39 39 39 39 41 42 42 42 42 42 42 43 42 42 41 41 40 42 42 42 42 41 40 41 41 42 41 42 42 43 44 44 44 45 45 47 46 46 48 47 48 49 48 49 49 49 49 50 50 50 50 51 49 49 50 50 50 50 50 50 51 51 52 53 54 55 54 56 55 52 52 52 51 52 48 50 52 54 55 57 57 59
36 38 37 35 36 38 47 46 40 40 37 38 39 39 39 40 41 42 42 43 40 41 42 41 41 41 41 42 42 42 42 41 41 41 40 41 41 41 43 44 44 45 44 45 45 46 46 48 48 49 50 49 49 50 50 49 49 50 49 49 51 51 52 51 51 50 51 51 50 51 51 53 54 54 54 54 54 52 50 52 53 53 50 51 49 52 53 52 54 56 56
36 36 36 35 37 40 47 46 41 39 39 41 40 40 40 41 41 41 42 42 41 42 42 40 40 42 41 41 41 41 41 41 40 41 41 42 41 44 43 44 44 44 44 46 45 46 47 47 47 47 47 48 49 49 48 48 49 50 49 49 50 49 51 51 51 51 50 50 50 51 51 52 52 52 53 54 55 52 52 51 52 53 52 50 49 48 54 56 58 57 55
37 37 36 37 38 42 49 44 40 40 39 39 41 44 43 43 43 42 43 42 43 43 42 42 41 41 41 41 42 41 41 42 40 41 41 41 41 43 44 43 44 43 45 46 46 46 47 47 47 47 48 49 49 50 48 49 49 49 49 48 50 49 49 50 49 50 51 50 51 51 51 52 52 51 51 53 53 52 51 51 51 51 51 54 53 52 54 57 56 56 55
37 37 37 37 39 46 49 43 39 38 39 42 42 41 43 43 43 43 43 43 42 43 43 43 42 41 41 41 42 41 43 43 42 41 42 41 40 42 43 43 43 43 44 45 47 46 46 48 48 47 47 48 49 49 48 49 48 48 49 48 49 49 48 50 52 51 50 52 51 51 51 51 50 52 51 50 53 52 54 53 53 52 52 55 53 52 56 58 54 54 57
37 38 36 37 40 47 48 41 40 39 40 41 43 43 43 43 44 44 43 44 44 44 44 43 42 41 41 41 42 41 42 41 41 41 41 41 42 42 42 42 44 43 44 45 45 45 45 47 47 47 47 47 48 48 50 49 50 47 48 47 48 49 49 49 49 51 51 51 51 51 51 52 51 51 51 51 51 55 52 52 53 52 51 50 54 53 57 60 55 55 58
37 36 37 38 39 44 45 40 41 41 41 43 43 44 44 44 44 44 45 45 45 44 45 44 42 41 41 41 41 41 41 40 40 42 43 41 41 42 43 43 43 43 43 44 44 45 47 47 48 47 47 47 49 49 48 48 49 49 47 47 47 48 49 49 49 49 48 49 51 51 52 51 50 51 50 50 50 51 50 51 52 50 51 53 54 55 59 54 57 58 55
37 38 38 39 40 45 47 42 42 42 42 43 45 45 44 45 44 44 44 46 46 45 46 45 44 43 41 40 40 41 41 41 43 43 43 41 41 42 43 43 44 44 43 45 44 45 46 48 48 47 46 47 47 47 46 48 46 47 48 49 48 49 48 48 48 50 50 50 51 51 51 51 51 53 51 50 51 49 50 49 52 50 50 51 50 53 55 56 56 55 54
39 38 39 39 41 43 45 41 41 44 43 43 44 44 45 45 45 44 44 46 47 46 46 46 45 45 42 41 41 41 41 41 42 44 44 42 42 43 42 42 43 43 44 44 44 45 46 48 48 47 46 47 47 47 47 47 47 47 46 47 48 49 48 49 49 50 50 50 52 50 51 52 51 52 51 51 51 51 49 49 51 51 50 48 49 53 56 55 58 56 56
38 40 39 39 40 41 42 41 42 43 41 44 44 44 45 44 45 47 47 46 45 45 47 46 46 46 45 44 42 42 42 42 42 42 42 42 43 43 43 43 45 44 45 45 45 43 45 47 48 47 47 46 46 47 46 45 46 48 46 47 47 48 49 50 51 51 51 50 52 51 52 53 54 53 50 50 52 52 51 50 52 50 49 48 49 51 55 56 57 55 58
37 38 39 39 40 40 41 42 41 41 42 44 44 45 46 47 48 47 48 47 45 46 47 47 47 47 46 45 42 41 42 42 42 42 43 43 43 43 44 44 44 44 45 46 45 44 44 45 46 45 45 46 46 46 45 43 45 45 47 46 46 48 49 49 51 51 51 51 52 53 54 53 53 52 53 52 51 54 52 51 52 52 49 50 50 50 51 52 52 54 55
38 37 38 39 40 39 41 42 41 41 43 45 45 45 46 47 48 46 47 48 47 47 47 47 47 47 44 43 43 42 42 42 42 42 43 43 42 43 44 44 44 44 44 44 45 45 45 45 45 44 44 44 45 46 44 44 46 45 45 46 47 47 48 48 51 51 51 50 50 51 52 51 52 51 50 52 53 52 52 52 52 52 51 48 50 50 49 50 51 50 55
37 37 38 39 40 39 40 42 40 41 42 44 45 49 47 48 48 48 46 45 47 48 46 46 46 45 44 42 44 41 41 42 42 42 41 43 43 42 44 45 44 44 43 43 45 46 45 45 45 44 44 44 45 44 43 44 44 45 46 45 44 45 46 47 48 49 50 51 51 50 52 52 52 51 51 52 53 53 54 53 52 51 49 48 50 48 47 46 49 51 53
37 38 39 40 40 39 40 41 39 40 41 44 45 46 47 48 48 47 46 45 45 48 46 45 46 47 45 44 43 42 42 42 42 43 43 44 42 42 43 45 45 44 43 43 44 43 45 45 45 46 44 44 43 43 44 44 44 45 46 46 44 45 46 46 49 50 51 50 51 53 54 51 51 52 52 54 53 52 52 54 52 49 50 49 48 45 47 46 49 49 50
37 36 39 40 40 40 40 41 40 39 42 43 45 46 48 47 49 47 46 46 45 46 47 47 47 47 46 45 43 42 42 43 43 43 44 45 45 44 44 43 43 43 44 44 43 44 44 45 45 45 45 44 43 43 43 44 45 46 45 46 47 46 45 46 47 49 50 50 50 52 51 52 54 51 53 53 54 54 55 53 56 54 51 49 47 48 49 46 50 52 53
