data/precipwetq.asc
ncols        384
nrows        480
xllcorner    138.000000000000
yllcorner    -29.000000000000
cellsize     0.041666666667
NODATA_value -9999
[rows 418 to 455 of 480, columns 255 to 339 of 384]
225 226 228 225 228 232 234 239 231 231 230 233 231 239 237 243 238 239 243 243 244 242 241 247 245 249 256 254 252 255 259 255 258 265 261 261 261 259 259 260 265 260 259 256 257 257 258 256 259 257 259 259 258 261 262 266 264 262 262 259 261 266 268 268 273 279 283 285 289 295 299 309 308 310 314 322 321 327 331 333 337 340 345 352 357
225 222 225 226 226 225 229 230 229 230 230 229 231 233 233 235 238 242 241 242 238 241 243 250 246 245 247 253 253 254 254 256 258 261 262 261 259 260 259 256 257 261 258 257 256 255 255 257 260 259 253 253 249 247 255 261 262 259 263 261 258 262 269 268 274 277 280 283 287 294 300 308 304 306 312 315 326 334 332 334 337 339 345 346 356
224 221 222 223 226 227 228 225 224 229 234 232 231 232 232 235 228 241 239 235 240 244 242 241 245 245 247 247 249 253 253 251 256 256 257 256 259 261 257 257 258 260 258 259 256 257 258 256 258 255 252 255 256 254 249 261 257 264 261 261 263 264 271 272 273 276 282 283 289 292 298 309 309 310 312 316 317 324 323 332 331 343 344 349 357
219 222 220 219 223 226 226 226 221 224 229 229 230 230 233 236 235 238 236 242 234 234 236 239 239 243 243 247 248 249 250 251 249 253 256 257 260 260 258 258 258 255 257 260 256 258 255 254 256 260 261 258 259 260 253 255 259 259 262 262 264 265 267 273 274 275 279 281 289 293 298 306 308 316 319 312 323 320 330 328 335 340 336 348 358
217 221 223 221 222 220 222 220 224 224 225 227 228 230 230 232 231 233 233 237 237 238 239 240 238 239 228 236 247 236 248 249 251 255 257 260 261 254 256 258 258 260 255 256 256 258 255 253 255 256 255 257 257 257 253 255 259 260 263 260 263 262 265 270 275 278 281 281 288 295 298 305 311 321 320 324 322 326 329 334 335 341 348 349 353
218 217 219 218 218 218 219 222 222 226 229 224 224 228 229 232 232 231 231 237 238 231 237 234 236 241 231 240 246 245 240 231 247 251 249 249 255 258 256 254 253 255 254 255 253 254 254 254 251 249 254 252 251 245 234 247 249 254 257 260 259 261 261 265 273 276 283 283 286 297 295 306 310 315 318 325 327 325 326 328 335 337 346 354 356
219 218 218 215 214 217 217 220 220 225 222 225 225 227 231 232 233 231 231 232 236 232 236 234 236 240 238 241 245 245 246 239 245 251 253 256 250 255 256 252 254 251 256 251 250 249 254 252 252 251 249 249 244 244 238 240 245 243 256 260 260 261 260 263 267 275 283 285 286 290 301 308 314 314 316 326 325 323 322 328 332 345 350 347 357
217 218 217 215 215 217 216 218 219 219 221 224 223 227 227 230 233 232 233 226 232 232 237 235 236 235 240 242 243 239 238 244 238 244 247 250 253 252 252 251 251 255 254 250 250 249 251 249 249 246 242 248 244 252 254 258 240 242 256 257 259 257 257 264 264 272 276 282 285 292 299 306 309 313 319 314 321 322 328 332 339 344 351 347 354
215 215 216 215 216 221 220 219 219 221 227 223 224 223 226 226 228 229 229 225 227 232 233 232 236 237 238 235 241 239 235 246 248 249 250 244 250 249 249 249 249 249 249 252 249 248 249 248 245 247 243 247 251 252 249 254 252 246 256 259 258 254 252 259 264 268 272 277 292 300 297 300 311 312 312 313 318 317 332 339 339 342 344 350 357
215 214 216 217 219 219 218 220 218 220 223 222 222 224 224 228 226 226 226 228 226 228 227 229 230 235 233 235 237 236 238 238 241 243 244 245 245 242 247 247 244 244 249 246 247 245 234 238 243 245 247 243 248 250 250 249 246 248 254 258 254 250 251 256 258 264 274 275 281 297 307 315 302 310 310 315 317 320 331 336 338 343 344 353 361
211 215 216 218 218 220 221 220 219 218 219 218 220 222 223 227 226 224 224 221 222 226 226 228 226 230 232 234 234 239 239 239 239 242 243 245 246 246 247 246 248 245 236 238 247 241 233 224 230 240 241 241 251 254 247 254 252 253 253 256 253 254 248 255 256 259 260 271 276 285 316 313 314 309 310 317 315 332 334 343 340 339 343 353 360
214 214 215 216 216 220 220 219 220 216 216 219 219 221 223 222 222 223 225 218 220 221 220 223 228 223 231 231 233 236 234 237 238 239 239 240 244 243 244 245 243 246 234 239 249 246 243 234 225 237 242 242 247 247 244 250 251 253 254 255 255 250 250 254 257 258 261 264 269 276 292 323 325 328 315 317 319 330 332 335 332 338 348 359 369
215 215 216 217 218 217 218 220 217 216 218 220 220 220 218 218 219 217 218 220 220 219 220 221 224 216 227 232 229 213 223 228 238 233 234 238 240 242 244 244 244 245 240 239 243 245 243 240 235 234 241 247 248 249 249 242 250 242 250 253 252 250 254 254 256 257 258 262 264 271 281 292 300 317 321 321 326 321 326 325 333 339 341 352 365
218 217 219 218 218 218 217 219 219 219 214 218 217 214 214 221 222 217 218 218 221 218 222 222 224 217 228 229 224 227 232 235 236 234 238 229 225 233 242 240 241 244 242 240 242 241 244 245 243 243 251 248 249 242 242 244 243 242 246 245 248 248 250 252 252 255 257 261 264 263 273 281 288 300 308 308 307 314 319 324 334 339 341 350 352
218 215 218 223 221 220 218 216 220 218 215 215 214 213 211 214 211 217 218 220 221 223 220 221 222 227 225 221 218 215 222 225 229 236 235 225 232 225 241 241 239 242 244 243 242 243 244 242 244 243 247 246 250 252 246 247 242 243 243 247 247 249 252 251 254 255 256 259 259 263 269 273 285 289 297 299 306 310 317 323 330 334 340 353 358
217 218 220 218 221 220 220 218 217 214 215 217 213 212 210 209 208 212 216 219 218 220 221 223 223 224 227 221 225 209 218 213 222 229 223 220 224 233 237 241 239 240 241 239 241 242 243 241 240 242 240 243 248 247 249 244 240 244 246 250 250 246 251 247 250 250 254 254 259 260 267 272 276 282 297 302 302 305 312 323 323 326 342 349 359
216 219 222 221 220 224 224 218 217 215 216 216 215 209 207 210 209 209 215 216 219 219 223 222 220 222 222 221 222 219 211 214 215 212 227 232 234 236 238 240 239 239 238 239 242 243 241 242 239 241 241 240 247 245 245 242 246 246 247 251 247 247 248 248 248 250 249 253 256 259 261 263 266 275 286 295 306 305 306 315 321 332 341 350 352
221 224 222 224 222 226 222 219 216 216 218 215 216 216 211 210 212 209 211 214 217 220 219 220 221 221 221 221 225 223 208 225 218 227 214 228 225 230 236 238 237 235 237 239 241 241 241 242 239 240 242 244 245 245 251 252 247 250 247 251 249 249 250 249 249 247 247 251 256 257 258 262 266 270 278 285 295 303 308 310 323 329 341 354 353
220 225 230 225 224 226 224 221 218 216 216 215 216 215 214 209 208 209 216 211 212 217 219 220 220 220 221 222 218 224 228 224 216 222 220 229 225 228 230 236 234 235 235 236 238 240 242 240 241 242 242 245 246 246 249 249 247 251 251 250 250 250 250 248 248 250 249 251 254 258 260 260 262 267 279 285 291 300 303 310 322 338 349 360 353
222 221 229 227 226 224 223 217 218 215 215 213 214 214 211 212 209 212 209 209 215 215 217 219 217 220 218 221 217 224 226 225 225 227 218 226 226 225 225 227 230 232 235 237 231 232 239 241 241 241 243 242 244 243 247 247 250 250 251 251 253 251 249 252 253 251 252 255 255 257 260 264 264 267 272 279 287 298 302 315 338 346 351 356 350
219 223 224 227 223 218 217 216 216 216 213 212 210 211 209 210 212 212 214 210 215 215 211 214 216 218 215 221 219 222 222 223 223 224 224 226 222 224 226 225 229 232 233 239 235 236 239 239 242 243 242 242 245 245 247 249 248 251 252 251 249 254 251 251 251 253 253 254 256 256 259 264 266 268 274 279 288 300 301 311 338 349 351 356 354
218 223 223 225 220 218 211 213 216 214 212 213 214 213 209 211 216 215 212 211 213 214 211 214 214 217 216 217 218 218 219 221 221 225 224 225 224 223 225 226 227 229 234 236 237 236 237 237 240 240 237 238 245 246 246 249 249 251 249 251 254 252 252 255 255 255 255 257 259 258 261 263 264 267 273 279 279 288 301 308 329 348 366 368 377
218 221 221 216 217 215 211 211 213 210 210 213 210 212 212 213 214 218 215 214 217 212 210 213 215 213 214 216 218 218 219 218 220 220 219 221 222 223 223 228 228 227 233 235 235 234 234 236 238 238 236 242 242 245 246 246 248 251 253 252 255 253 252 253 255 254 255 256 257 256 258 261 263 266 271 279 285 290 299 313 326 343 369 379 399
218 216 214 208 203 203 202 210 210 209 207 210 209 208 208 212 214 215 216 216 215 211 210 211 214 213 212 214 215 215 215 217 220 220 220 221 222 222 224 223 224 227 230 235 234 234 236 238 240 234 231 240 243 244 244 245 249 248 247 254 258 256 256 256 259 254 256 254 256 257 260 260 262 264 267 278 286 292 303 310 331 346 350 380 407
216 215 211 212 208 205 205 205 204 207 207 209 209 208 211 212 214 216 212 214 214 212 208 212 215 214 213 214 214 218 216 218 219 221 220 221 220 221 223 224 227 228 229 231 228 233 237 237 236 232 228 236 243 244 242 243 246 248 249 251 253 257 258 258 256 254 257 256 257 257 259 260 263 264 276 277 284 297 306 319 336 335 324 343 363
214 214 213 207 205 205 206 203 204 206 204 207 208 207 210 210 214 214 210 210 210 215 210 213 215 215 215 215 216 219 220 220 219 218 219 220 220 223 221 225 227 228 230 229 233 234 236 235 235 237 236 239 243 241 243 241 244 248 252 251 253 253 255 258 257 256 255 257 256 257 259 260 265 271 275 277 287 297 304 327 321 317 319 325 348
212 215 212 208 208 203 204 203 202 201 205 206 204 207 209 209 209 211 208 207 209 211 206 204 208 211 213 216 216 219 220 211 220 218 221 220 224 223 223 222 226 230 231 228 232 232 233 235 235 236 240 236 241 241 242 243 247 250 251 250 253 250 257 255 255 254 254 255 257 257 259 260 265 272 273 279 290 302 309 326 315 314 321 317 326
212 210 210 208 205 204 203 202 202 203 201 205 205 206 208 208 208 209 211 212 210 207 207 204 206 212 216 213 214 218 217 220 217 219 219 221 221 225 222 224 221 229 230 230 233 233 233 237 236 237 237 239 240 238 239 243 248 251 250 250 251 253 256 254 254 255 256 256 260 258 258 263 265 273 284 289 295 306 318 357 344 317 313 317 322
205 205 204 205 205 201 203 201 202 203 202 202 204 206 207 209 210 207 210 212 212 212 212 212 213 213 214 213 215 217 217 215 219 219 219 222 220 222 222 223 223 224 225 228 229 232 233 236 236 236 237 235 232 231 236 242 246 245 251 249 250 250 255 254 253 252 254 258 259 257 262 265 268 274 285 288 297 304 309 336 332 323 324 320 324
203 204 202 202 200 201 202 202 201 203 200 203 205 206 206 206 208 206 207 211 212 214 213 211 212 214 215 216 216 218 221 221 217 222 220 220 221 220 220 221 224 226 225 227 228 233 232 236 236 237 236 234 232 234 241 241 245 247 250 249 250 252 252 255 254 254 256 258 258 257 262 268 270 275 278 284 296 303 308 312 313 317 316 325 332
200 199 198 199 199 199 199 201 202 202 204 204 204 203 203 205 209 209 208 207 213 213 214 214 216 215 218 217 219 218 219 220 220 222 223 223 220 220 220 221 220 225 226 225 230 233 236 235 237 235 236 234 232 236 239 240 244 245 249 250 250 252 253 256 255 255 253 254 258 261 261 266 271 279 280 279 285 289 297 301 316 320 325 327 331
197 198 196 201 200 198 200 201 201 202 202 204 203 204 204 204 207 208 209 212 214 216 219 216 218 220 212 213 215 220 221 222 223 221 220 224 223 222 221 220 223 225 222 231 233 234 234 237 237 237 235 236 236 237 238 241 245 247 249 251 252 253 257 257 254 253 252 254 255 259 262 267 271 274 277 273 278 286 296 303 308 316 315 322 335
194 192 194 197 198 199 201 200 200 200 203 203 204 205 204 205 206 208 211 214 216 218 220 221 221 220 220 221 222 221 222 221 224 221 224 223 221 221 221 224 222 225 229 230 231 232 233 234 231 235 235 234 233 235 239 241 248 246 249 252 254 255 255 256 255 253 251 251 252 254 260 265 268 273 275 280 282 286 288 297 302 308 310 316 325
192 191 194 194 196 199 200 199 200 202 201 203 203 203 204 204 206 206 211 215 217 223 225 225 220 222 220 223 222 219 223 226 227 226 226 225 225 225 222 222 221 226 229 228 228 229 231 234 230 234 237 234 234 240 241 243 247 249 248 253 255 260 254 254 253 253 250 251 251 254 259 262 266 272 272 276 281 285 284 291 296 297 307 312 323
193 194 194 195 196 199 200 200 199 200 202 202 205 204 205 205 205 209 211 215 219 224 226 224 225 225 225 224 225 222 224 226 225 227 228 225 224 224 223 224 224 228 228 228 230 230 230 230 233 235 235 238 238 241 243 244 248 248 250 253 253 257 254 253 254 252 249 249 250 254 255 260 264 270 276 276 279 283 284 286 288 292 297 309 316
195 195 195 197 198 198 199 201 203 203 203 204 203 202 203 205 207 208 210 215 219 222 225 225 225 225 224 224 225 224 225 226 225 226 225 226 225 225 223 225 224 229 228 226 228 228 231 230 230 233 234 235 239 240 242 244 248 249 250 251 252 253 253 254 252 252 251 250 252 256 258 259 264 268 272 270 277 279 279 280 282 289 297 302 312
196 195 195 197 199 200 200 202 203 205 207 205 203 200 202 205 205 206 208 214 218 219 220 223 224 224 225 225 225 226 225 226 227 227 225 225 224 227 226 226 227 225 229 224 226 228 228 230 228 230 233 232 241 240 241 246 248 252 251 250 253 254 252 252 251 250 253 253 253 257 257 260 263 266 268 270 274 282 284 282 284 292 291 297 306
198 197 199 199 199 201 202 202 204 208 206 205 201 199 201 201 201 203 207 210 214 217 219 220 225 223 220 221 223 226 227 226 223 225 227 225 226 225 224 226 224 225 227 226 226 225 228 228 226 234 235 237 241 241 243 245 248 248 251 253 251 251 253 251 250 250 252 254 254 253 258 259 262 265 270 270 271 276 284 278 284 290 292 291 308
