data/precipcoldq.asc
ncols        384
nrows        480
xllcorner    138.000000000000
yllcorner    -29.000000000000
cellsize     0.041666666667
NODATA_value -9999
[rows 200 to 239 of 480, columns 91 to 181 of 384]
9 8 8 8 8 9 9 9 9 9 9 9 9 8 9 8 9 8 10 9 9 9 9 9 9 9 10 10 10 10 10 10 10 10 10 10 10 10 10 10 10 10 10 10 12 11 12 12 12 13 13 13 13 13 13 13 13 13 14 15 15 15 16 17 17 17 17 19 19 19 19 20 18 18 19 19 20 22 23 25 26 25 36 44 41 46 63 148 319 331 325
10 9 8 9 9 9 9 9 9 9 9 9 9 9 10 10 10 10 10 9 9 9 9 9 9 10 10 9 10 10 10 10 10 10 10 10 10 10 10 10 11 10 10 11 12 12 11 11 12 13 13 13 13 13 13 13 13 13 14 15 14 15 15 14 17 16 18 18 18 19 19 18 17 18 19 20 20 21 24 25 27 27 32 45 42 53 71 122 314 338 505
10 10 10 10 9 9 9 9 9 9 9 9 10 10 10 9 8 10 10 9 10 9 10 11 10 10 10 9 9 9 10 10 11 11 11 11 10 10 10 10 10 10 10 11 11 11 12 12 13 13 13 13 13 13 13 13 13 14 14 14 14 14 14 16 17 17 17 18 17 19 19 18 18 19 21 21 22 23 24 26 26 24 35 44 43 57 82 105 274 548 598
10 10 9 10 10 9 9 9 9 9 10 10 10 10 10 10 9 10 9 10 10 10 10 10 10 10 9 10 9 10 10 10 11 11 10 10 11 10 10 11 10 10 10 10 12 12 11 12 13 13 13 13 13 13 13 14 15 15 14 14 14 14 15 17 16 17 17 19 20 18 19 17 18 19 21 20 22 24 23 24 25 26 38 40 43 51 62 69 173 481 592
10 10 10 10 10 10 9 10 10 10 10 10 10 10 10 10 10 11 10 11 11 10 10 10 10 11 10 9 9 9 10 11 10 10 11 10 10 11 11 11 11 11 12 12 11 13 13 12 12 13 13 13 12 14 14 15 14 15 15 15 16 16 15 16 18 18 19 20 20 19 19 17 16 20 20 21 22 24 23 24 28 31 41 44 44 43 52 61 126 254 569
10 10 10 10 10 10 10 11 11 10 10 10 10 11 11 11 11 10 10 9 9 9 9 10 10 11 11 10 11 10 11 11 11 11 9 11 12 11 11 11 11 11 11 11 12 12 13 12 12 13 12 12 13 13 13 14 14 14 14 15 15 17 17 17 19 19 19 20 20 19 18 17 19 21 22 23 22 24 25 33 39 42 46 42 46 50 52 63 107 153 461
10 10 10 10 10 11 11 11 11 11 11 10 10 10 10 10 11 10 10 9 9 9 10 10 10 10 10 12 11 11 12 12 12 10 10 10 11 11 11 11 11 12 12 13 12 11 13 13 12 12 12 12 14 14 14 14 14 15 16 16 17 18 18 18 18 18 18 18 18 18 17 18 19 21 23 24 22 25 29 38 39 43 38 39 43 46 59 66 115 143 471
11 10 10 10 11 11 11 11 11 11 12 11 10 11 10 10 10 10 10 9 9 10 10 10 10 10 10 11 11 12 11 11 11 11 11 12 10 11 12 11 11 11 13 12 12 12 13 13 13 13 12 13 14 15 15 14 15 15 16 16 18 18 18 18 18 18 17 17 17 17 19 18 20 22 23 23 24 28 37 40 39 35 35 42 43 49 56 58 86 156 482
11 11 11 11 12 11 11 11 12 12 12 11 12 10 12 11 11 11 10 9 10 10 10 10 10 10 11 11 11 11 11 12 11 11 11 12 11 11 12 12 12 12 13 12 12 12 13 13 13 13 14 13 16 15 15 15 14 15 16 17 18 18 18 18 16 18 18 18 17 18 20 22 23 23 23 24 24 32 41 37 37 37 36 40 45 54 63 87 128 195 472
11 11 12 12 12 12 12 11 11 11 12 12 13 12 12 11 10 10 9 9 9 9 10 10 10 10 11 11 11 11 11 12 12 12 11 11 11 11 11 12 12 12 13 12 12 12 12 12 13 14 13 13 15 16 15 15 15 16 16 17 18 18 18 18 17 18 17 17 18 19 21 22 23 23 23 24 27 37 36 31 33 37 38 42 49 71 112 140 170 222 498
11 11 12 12 12 12 12 12 12 13 12 12 12 13 12 12 11 11 9 9 10 9 9 9 10 11 11 10 10 10 11 12 12 11 12 11 11 11 11 12 12 11 13 12 11 13 13 12 13 14 13 14 14 15 15 15 15 17 16 17 18 18 18 17 16 17 17 17 17 19 21 23 23 23 24 28 37 31 30 31 35 37 43 51 52 88 127 143 169 216 329
11 11 12 12 12 12 12 12 13 13 14 13 14 13 13 12 11 10 10 10 9 10 10 10 10 11 11 11 10 11 11 11 11 11 11 11 11 11 12 12 12 12 12 13 12 12 13 13 14 14 13 14 15 15 15 15 15 16 15 16 18 18 17 16 17 17 17 17 20 19 22 22 23 22 24 33 32 28 28 32 39 41 45 56 69 68 119 138 138 230 296
12 12 12 12 12 12 12 13 13 13 14 15 15 14 14 14 12 11 10 10 10 11 10 10 10 12 11 11 11 11 11 11 11 11 11 11 11 12 12 11 11 12 12 12 12 12 13 13 14 14 14 14 15 15 15 15 15 16 17 15 17 18 18 18 17 16 17 17 17 20 22 23 24 23 26 35 28 27 28 31 36 42 44 48 59 64 71 107 131 171 237
12 13 13 13 12 12 12 13 13 13 15 14 15 15 14 14 13 12 11 10 11 11 10 10 12 12 12 11 11 11 11 11 11 11 11 11 12 12 12 12 12 12 12 12 13 13 12 13 13 14 13 14 15 15 15 15 15 15 15 16 17 18 19 18 18 17 18 18 18 19 23 24 24 24 33 30 26 27 29 31 35 40 45 48 48 51 77 90 111 148 190
12 13 13 13 13 13 13 13 13 14 14 15 16 16 15 14 13 12 12 10 11 11 10 10 12 12 11 12 10 11 11 11 10 11 11 11 12 11 12 12 12 12 12 12 13 13 12 13 13 12 13 14 15 15 15 15 15 14 17 16 16 17 18 18 18 18 18 18 18 20 23 23 24 27 33 29 26 28 33 33 34 37 44 46 47 51 53 72 116 147 176
12 13 13 13 13 14 13 14 15 15 16 15 16 16 14 13 12 12 13 12 11 11 10 12 12 12 12 12 12 11 11 10 11 11 11 11 11 12 11 13 12 12 12 13 14 13 13 13 12 13 13 13 15 15 15 15 15 15 15 16 18 18 18 18 18 18 18 19 19 20 24 23 25 32 32 27 27 28 30 30 32 34 43 48 50 61 70 78 134 155 179
13 13 13 13 13 13 13 14 14 15 15 16 16 16 15 13 13 12 12 11 12 11 11 11 11 12 12 12 13 12 12 10 11 11 11 11 11 12 12 12 12 13 13 13 13 14 13 12 12 13 14 14 15 15 15 15 16 16 16 17 16 18 18 19 19 19 18 18 17 20 23 25 28 33 30 27 26 28 30 32 33 38 43 46 48 52 65 109 152 149 193
13 13 13 13 13 13 13 14 14 16 15 15 15 15 13 13 13 13 13 12 12 12 12 12 11 12 12 12 12 12 12 11 11 11 11 11 12 12 13 12 12 12 13 13 13 14 13 12 13 13 14 15 15 15 15 15 16 15 17 18 18 18 17 18 19 18 18 18 18 21 24 25 28 33 31 27 27 29 30 32 36 40 44 45 48 60 78 129 158 147 159
12 13 13 13 13 13 13 14 14 14 14 14 15 14 13 12 13 13 12 12 11 12 11 12 12 13 12 12 12 12 12 12 11 11 11 11 11 11 12 12 13 13 14 15 15 13 14 12 13 14 14 15 15 15 15 15 15 15 16 17 17 18 19 19 19 19 18 18 18 22 23 25 28 33 27 26 27 27 30 33 36 39 44 47 54 57 81 125 146 145 147
13 13 13 13 13 13 13 14 14 15 15 15 14 14 14 14 15 13 13 13 13 12 11 11 12 12 11 11 12 11 12 12 12 12 11 11 11 11 12 12 13 14 14 15 15 13 13 14 15 14 14 15 15 15 15 15 15 16 16 16 19 18 19 19 19 19 18 18 19 21 22 24 31 30 27 27 29 29 31 36 39 43 42 47 49 52 62 96 150 161 154
12 13 13 13 13 13 13 13 13 15 15 15 15 15 14 14 13 14 14 13 13 12 12 11 12 12 12 12 11 12 11 12 12 12 11 11 13 13 13 13 14 14 13 14 15 14 14 14 14 15 15 15 15 15 15 15 16 16 16 16 17 18 18 19 19 19 20 19 19 21 23 28 31 26 27 27 30 31 32 33 35 42 44 49 47 50 55 61 101 100 122
12 13 13 13 13 13 13 13 13 14 14 14 14 13 13 14 14 14 12 12 12 13 12 13 12 12 12 12 12 11 13 13 12 12 12 12 13 13 13 13 14 14 14 14 14 14 14 14 14 15 16 16 15 15 15 15 17 17 16 16 16 17 18 19 19 19 18 19 19 22 24 30 26 26 27 29 35 35 35 35 38 41 47 56 48 49 57 67 61 58 71
13 13 13 13 13 13 13 13 13 14 14 14 14 14 14 14 14 13 13 12 12 13 14 13 12 12 12 12 12 13 13 12 12 12 13 13 13 14 13 13 14 14 14 14 15 13 14 14 15 15 14 16 16 16 16 16 17 17 17 17 17 17 18 19 19 19 19 20 20 23 25 27 26 27 28 34 38 38 37 38 40 40 46 52 48 56 68 69 73 68 65
13 13 13 14 14 13 13 13 14 14 14 14 14 14 14 14 14 13 13 13 13 13 13 13 13 13 13 12 12 13 14 13 13 13 13 13 14 14 14 15 14 14 14 14 15 14 14 14 15 16 16 15 15 16 15 16 17 17 17 18 18 18 18 19 20 20 20 19 21 23 26 26 26 29 30 31 35 39 37 36 37 41 43 48 49 63 62 83 81 84 79
13 13 14 14 14 13 14 14 14 14 14 14 14 14 14 14 14 13 12 13 13 13 13 14 12 13 12 12 12 12 14 14 14 14 15 14 14 14 14 14 14 14 15 16 15 14 16 15 14 15 16 15 16 16 15 15 17 17 17 18 19 19 19 19 20 20 20 20 21 24 27 26 27 30 31 30 34 36 35 35 37 43 43 44 52 55 58 64 80 84 85
13 13 13 14 14 14 14 14 14 14 14 14 14 14 14 14 14 13 12 14 15 14 14 15 13 13 12 13 12 14 14 14 14 13 14 14 14 14 14 14 15 15 14 16 15 15 15 15 15 15 15 16 16 17 17 16 17 17 18 19 20 20 19 20 20 21 22 21 23 25 29 25 25 27 32 34 34 35 33 34 39 41 43 45 56 59 56 57 70 76 91
12 13 13 14 14 14 14 14 14 14 14 14 14 14 14 14 14 14 13 15 14 15 14 15 15 14 14 13 13 13 14 14 14 16 16 16 16 15 15 15 15 14 14 14 15 17 16 15 16 15 16 16 18 18 18 18 19 19 18 20 20 20 21 21 22 23 23 23 24 26 28 25 25 28 32 35 34 30 32 31 35 40 42 45 47 49 52 56 63 81 121
12 13 12 13 14 14 14 14 14 14 14 14 14 14 14 14 14 14 13 14 14 15 14 15 15 14 14 14 14 14 14 15 14 16 17 17 16 16 15 15 15 15 14 13 14 15 15 16 16 16 15 18 18 19 18 18 19 19 19 20 20 21 21 22 23 24 24 24 25 26 29 26 25 25 29 31 31 32 32 33 35 36 42 46 46 44 50 56 63 80 110
12 13 13 13 14 14 14 14 13 14 14 14 14 14 14 14 14 14 14 13 13 14 15 14 15 16 15 16 16 15 14 15 15 15 16 18 15 15 15 15 15 15 14 14 14 14 15 17 17 16 17 18 18 18 19 20 20 21 20 20 22 21 23 23 25 25 25 26 26 28 28 26 24 26 28 31 29 32 32 33 35 38 39 40 44 44 47 52 60 67 82
12 13 13 14 14 14 14 14 13 13 13 14 14 14 14 14 14 14 14 14 13 14 14 15 14 16 16 16 16 16 16 15 16 16 16 16 17 15 14 14 15 15 14 13 15 15 16 17 17 16 17 18 19 19 20 21 22 21 20 21 22 22 24 23 26 26 27 27 27 27 28 27 24 26 27 29 29 30 32 32 35 39 40 39 43 48 49 50 58 62 74
12 14 14 13 13 14 14 14 13 13 13 14 14 14 14 14 15 15 15 14 14 14 14 16 15 16 15 15 15 16 16 16 17 18 17 16 17 16 16 15 14 14 14 14 16 15 16 17 18 16 17 19 19 22 21 21 22 20 21 21 21 23 24 25 26 27 27 28 27 27 28 30 27 27 27 27 28 31 31 32 35 37 37 41 46 49 49 50 57 63 66
12 14 14 13 13 13 13 14 13 13 13 13 13 14 15 15 14 15 15 15 16 16 14 16 15 15 15 15 15 16 16 17 18 18 17 17 17 15 17 17 16 17 16 16 16 16 17 17 18 16 16 18 18 22 22 21 21 21 20 22 23 23 24 26 27 28 28 28 27 27 29 29 29 31 27 27 27 28 30 32 35 35 35 37 41 45 49 52 55 62 64
12 14 13 13 13 13 14 14 14 13 13 14 13 13 14 14 13 14 15 15 15 15 15 15 15 16 15 16 16 17 17 18 18 18 18 18 18 16 17 17 17 18 16 17 18 17 18 18 19 16 17 19 20 21 21 21 22 22 22 23 23 24 24 27 28 29 29 27 27 28 28 31 30 30 30 27 27 27 29 31 34 35 36 35 39 40 43 48 50 53 60
12 14 14 13 13 13 13 14 14 13 13 13 13 13 15 14 14 13 15 14 14 14 15 14 15 15 16 15 17 17 18 17 18 18 18 18 18 18 19 18 18 17 16 18 18 18 19 20 20 17 18 20 20 21 22 21 22 22 23 23 24 24 24 25 27 29 27 28 28 29 29 28 29 30 29 31 33 29 30 31 33 35 36 37 38 37 39 40 42 41 43
12 12 13 13 13 13 14 14 13 14 13 14 13 13 14 13 13 14 14 14 15 14 15 14 15 16 17 17 18 18 17 17 18 18 18 18 17 16 16 18 18 18 19 19 19 19 20 20 20 18 20 20 21 20 21 21 21 22 24 23 24 24 25 27 27 28 27 27 29 29 31 28 28 28 29 32 31 30 35 34 34 33 34 38 39 38 36 41 39 42 44
12 13 13 13 13 13 14 14 14 14 14 14 14 13 15 14 14 14 13 15 15 15 15 15 14 17 17 17 17 18 17 19 19 19 19 18 18 19 18 18 18 19 18 18 19 20 20 19 20 18 20 20 21 22 22 23 24 24 23 26 27 25 27 28 28 29 29 27 30 28 30 30 31 29 32 32 34 32 34 32 32 29 33 35 34 35 35 37 39 41 44
14 14 13 14 14 15 14 13 14 15 15 15 15 15 14 15 15 14 13 14 14 14 15 16 16 16 17 18 17 19 17 18 18 18 18 19 19 19 19 19 18 18 18 20 20 20 20 20 19 18 20 22 23 22 23 22 23 25 24 26 27 28 28 29 29 29 29 28 29 28 29 31 31 32 31 31 30 32 31 30 30 31 33 33 33 35 35 38 36 39 42
13 12 13 13 14 15 14 13 13 14 14 14 15 15 15 15 14 15 15 15 14 15 15 17 15 16 17 17 16 18 18 18 18 18 18 19 19 20 20 18 19 20 20 19 19 20 20 20 20 18 19 22 23 23 23 23 24 24 25 25 27 27 29 31 30 30 30 29 29 28 30 31 31 32 33 34 32 34 34 30 32 31 33 35 35 35 37 37 43 46 49
14 12 12 12 13 14 13 13 13 14 15 15 15 15 15 15 15 14 15 14 14 15 17 17 17 15 16 17 18 19 19 19 18 18 18 19 19 19 20 20 20 21 20 21 22 22 20 20 20 19 19 20 21 22 23 23 23 23 24 25 26 29 30 30 32 31 31 30 29 28 29 32 31 29 30 32 35 35 37 38 33 36 36 36 36 40 41 45 49 47 46
14 14 12 13 13 14 15 14 14 15 15 15 15 14 14 14 14 14 14 15 14 15 17 17 16 18 18 18 19 19 19 18 18 18 19 19 19 20 19 20 20 21 21 21 21 21 20 21 21 20 18 20 21 21 24 23 22 22 25 25 26 28 30 31 30 29 30 31 29 28 28 30 32 32 31 31 34 35 36 38 39 37 40 42 42 43 43 44 47 50 51
