data/precipwetq.asc
ncols        384
nrows        480
xllcorner    138.000000000000
yllcorner    -29.000000000000
cellsize     0.041666666667
NODATA_value -9999
[rows 342 to 379 of 480, columns 255 to 339 of 384]
282 291 295 286 279 282 273 278 285 292 283 285 285 277 273 280 283 287 283 291 292 295 317 305 310 315 325 319 325 328 324 328 346 358 357 350 358 403 356 376 395 383 392 411 407 436 453 469 471 469 447 403 399 -9999 485 -9999 -9999 -9999 -9999 -9999 -9999 -9999 -9999 -9999 -9999 -9999 -9999 -9999 -9999 -9999 -9999 -9999 -9999 -9999 -9999 -9999 -9999 -9999 -9999 -9999 -9999 -9999 -9999 -9999 -9999
287 285 287 294 282 276 264 272 288 295 304 279 281 277 285 277 288 291 296 284 291 308 319 308 302 315 312 312 339 351 322 327 316 327 361 350 359 398 355 361 368 376 372 390 414 425 437 433 467 473 441 407 408 -9999 -9999 -9999 -9999 -9999 -9999 -9999 -9999 -9999 -9999 -9999 -9999 -9999 -9999 -9999 -9999 -9999 -9999 -9999 -9999 571 571 -9999 -9999 -9999 -9999 -9999 -9999 -9999 -9999 -9999 -9999
281 283 283 293 278 280 280 273 276 275 288 281 293 285 280 292 288 294 281 294 300 308 306 306 304 302 310 312 316 334 316 316 318 328 343 352 354 355 361 363 369 373 376 380 396 463 449 443 462 474 439 421 397 -9999 -9999 584 -9999 -9999 -9999 -9999 -9999 -9999 -9999 -9999 -9999 -9999 -9999 -9999 -9999 -9999 -9999 -9999 -9999 -9999 -9999 -9999 -9999 -9999 -9999 -9999 -9999 -9999 -9999 -9999 -9999
281 278 281 288 281 281 286 294 278 274 278 274 286 282 281 285 292 289 291 283 296 286 297 306 307 308 308 329 308 296 302 305 315 321 331 327 343 348 374 364 372 371 376 385 417 519 416 446 473 446 461 421 397 -9999 -9999 -9999 -9999 -9999 -9999 -9999 988 -9999 -9999 -9999 -9999 -9999 -9999 -9999 -9999 -9999 -9999 -9999 -9999 -9999 -9999 -9999 -9999 -9999 -9999 -9999 -9999 -9999 -9999 -9999 -9999
273 273 289 289 284 300 291 284 280 280 284 278 277 280 289 298 298 293 318 313 353 309 295 298 307 311 303 307 314 313 311 310 311 315 319 329 347 339 365 358 358 363 368 377 380 392 396 419 475 468 449 458 441 384 -9999 -9999 -9999 456 434 -9999 -9999 -9999 -9999 -9999 -9999 -9999 -9999 -9999 -9999 -9999 -9999 -9999 -9999 -9999 -9999 -9999 -9999 -9999 -9999 -9999 -9999 -9999 -9999 -9999 -9999
281 284 278 279 273 290 293 290 283 286 278 284 287 285 294 297 297 295 298 295 323 301 301 298 301 313 306 299 306 298 307 311 309 313 310 320 350 350 361 357 332 358 362 372 380 381 386 405 401 433 435 416 423 404 -9999 -9999 419 408 417 425 427 -9999 374 -9999 -9999 -9999 -9999 -9999 -9999 -9999 -9999 -9999 -9999 -9999 -9999 -9999 -9999 -9999 -9999 -9999 -9999 -9999 -9999 554 -9999
286 283 281 282 271 278 288 292 282 279 278 287 290 297 301 299 297 296 291 295 307 298 309 313 304 426 308 304 308 297 289 306 299 310 332 369 328 321 350 370 346 345 366 350 373 381 406 417 408 387 399 380 387 383 422 -9999 398 415 428 439 409 404 402 -9999 -9999 -9999 -9999 -9999 -9999 -9999 -9999 -9999 -9999 -9999 604 -9999 -9999 -9999 -9999 -9999 -9999 -9999 -9999 -9999 -9999
287 291 290 291 284 279 277 279 271 280 284 283 283 297 286 290 299 300 292 298 309 301 319 378 332 301 305 309 298 297 295 304 312 315 306 335 328 336 328 362 347 369 357 352 363 393 385 370 368 360 386 362 361 391 369 383 402 405 453 454 429 400 392 -9999 -9999 -9999 -9999 -9999 -9999 -9999 -9999 -9999 -9999 -9999 -9999 -9999 -9999 -9999 -9999 -9999 -9999 -9999 -9999 -9999 -9999
290 279 286 293 285 280 287 276 291 285 275 278 273 290 298 285 294 299 296 293 300 290 306 309 315 300 298 298 296 301 290 311 319 313 310 315 313 347 356 355 350 349 363 369 379 391 392 370 363 347 346 375 350 380 370 391 372 388 438 463 454 407 375 -9999 -9999 -9999 -9999 -9999 -9999 -9999 -9999 -9999 -9999 -9999 -9999 -9999 -9999 -9999 -9999 -9999 -9999 -9999 -9999 -9999 -9999
290 291 290 284 277 278 279 276 291 283 287 280 283 289 293 295 296 294 292 292 297 289 300 309 304 356 531 355 305 289 294 294 311 311 307 316 335 319 332 344 351 354 366 357 368 399 396 385 386 378 368 356 360 361 389 396 409 416 406 419 424 421 390 386 -9999 -9999 -9999 -9999 -9999 -9999 -9999 -9999 -9999 -9999 -9999 -9999 -9999 -9999 -9999 -9999 -9999 -9999 -9999 -9999 -9999
283 285 286 277 272 272 276 288 284 285 284 281 287 286 286 289 292 292 288 281 284 296 298 307 300 314 337 349 306 308 299 303 313 306 310 317 319 317 331 348 357 351 364 355 343 382 389 381 374 388 396 389 389 399 415 402 407 415 418 423 426 434 437 398 -9999 -9999 -9999 -9999 -9999 -9999 -9999 -9999 -9999 -9999 -9999 -9999 -9999 -9999 -9999 -9999 -9999 -9999 -9999 -9999 -9999
279 285 280 284 273 276 276 276 286 287 285 286 285 298 291 290 282 281 279 288 282 291 296 289 297 302 354 297 298 321 305 298 308 311 306 315 316 323 336 335 351 353 351 352 336 363 381 379 374 383 382 391 392 393 418 408 410 398 412 407 400 434 437 429 418 -9999 -9999 -9999 -9999 -9999 -9999 -9999 -9999 -9999 -9999 -9999 -9999 -9999 -9999 -9999 -9999 -9999 -9999 -9999 -9999
278 285 288 281 274 277 276 276 282 280 293 288 286 274 286 289 278 289 278 280 281 298 297 302 295 293 279 295 303 304 368 300 300 300 313 321 321 325 344 325 340 362 349 346 341 345 361 379 382 384 384 388 394 393 400 402 426 439 416 407 412 404 400 379 425 432 -9999 -9999 -9999 -9999 -9999 -9999 -9999 -9999 -9999 -9999 -9999 -9999 -9999 -9999 -9999 -9999 -9999 -9999 -9999
284 272 271 280 272 273 270 267 282 283 291 290 287 288 276 274 274 288 283 289 291 293 295 300 298 299 286 288 305 308 358 329 316 312 303 312 320 323 323 326 336 339 336 348 354 355 354 367 370 380 377 382 380 384 391 395 416 421 421 417 408 409 417 460 413 398 -9999 -9999 -9999 -9999 -9999 -9999 -9999 -9999 -9999 -9999 -9999 -9999 -9999 -9999 -9999 -9999 -9999 -9999 -9999
282 270 276 275 278 272 267 273 281 284 295 276 282 278 280 282 270 288 285 287 273 281 289 295 290 297 296 296 302 305 315 313 317 317 317 311 316 315 322 316 324 331 324 333 352 346 341 360 353 364 359 360 373 382 370 400 424 432 425 409 421 407 389 442 418 388 396 -9999 -9999 -9999 -9999 -9999 -9999 -9999 -9999 -9999 -9999 -9999 -9999 -9999 -9999 -9999 -9999 -9999 -9999
288 275 277 273 271 275 286 277 277 278 288 271 263 293 294 288 290 286 288 288 294 281 295 302 290 292 290 294 307 306 304 302 309 312 315 304 312 316 328 335 330 319 322 315 339 343 355 359 364 370 366 363 375 381 376 403 398 413 418 437 436 437 432 417 416 380 395 -9999 -9999 -9999 -9999 -9999 -9999 -9999 -9999 -9999 -9999 -9999 -9999 -9999 -9999 -9999 -9999 -9999 -9999
289 283 281 277 279 280 282 279 275 285 282 288 285 293 286 281 280 287 282 282 293 292 295 296 294 290 297 298 314 303 302 299 302 298 310 313 314 316 319 342 327 321 324 326 332 346 347 347 337 364 381 390 386 387 399 390 383 383 397 427 433 426 439 423 419 422 397 -9999 -9999 -9999 -9999 -9999 -9999 -9999 -9999 -9999 -9999 -9999 -9999 -9999 -9999 -9999 -9999 -9999 -9999
281 285 285 272 267 281 287 273 279 285 280 299 297 291 272 283 297 283 299 285 283 282 286 291 294 291 290 296 292 298 289 291 295 295 299 311 306 299 309 326 335 334 331 315 307 309 335 335 332 352 366 370 386 385 385 413 393 394 401 395 401 420 426 435 440 450 403 428 398 -9999 -9999 499 440 428 -9999 -9999 -9999 -9999 -9999 -9999 -9999 -9999 -9999 -9999 -9999
275 275 283 272 273 272 282 266 265 292 291 295 291 295 276 279 282 290 307 307 280 293 293 284 291 287 290 289 298 295 293 292 299 303 297 300 297 293 299 295 314 308 301 297 301 295 315 341 338 355 361 360 368 374 376 377 379 386 399 405 393 393 429 425 438 434 444 424 405 417 429 530 453 425 453 482 -9999 -9999 -9999 -9999 -9999 -9999 -9999 -9999 -9999
278 274 277 273 280 273 267 264 267 281 294 273 291 289 280 282 288 285 290 294 282 289 301 285 288 290 289 292 289 288 293 296 300 292 298 292 286 283 295 286 310 302 292 295 288 288 300 337 341 352 367 364 361 362 359 362 367 385 396 418 395 390 406 418 431 435 444 441 425 422 488 493 462 448 432 422 -9999 -9999 -9999 -9999 -9999 -9999 -9999 -9999 -9999
276 280 279 274 271 266 270 273 275 281 274 294 298 291 273 278 277 291 298 280 288 292 286 292 289 287 284 294 297 289 289 285 287 279 291 281 286 283 279 280 320 312 294 285 287 325 334 338 335 349 356 355 345 344 351 362 368 382 401 414 425 404 402 393 413 406 442 461 458 450 466 480 471 481 448 420 -9999 -9999 -9999 -9999 -9999 -9999 -9999 -9999 -9999
281 291 279 267 267 264 274 280 283 277 287 286 275 287 274 281 271 299 293 278 283 286 296 292 292 296 295 294 297 288 287 279 280 280 282 279 303 307 279 291 308 327 298 311 289 289 328 304 338 303 334 339 351 335 347 363 366 366 383 387 398 395 395 399 397 421 415 427 447 463 465 463 461 465 440 453 444 -9999 446 -9999 -9999 -9999 -9999 -9999 -9999
288 285 275 275 271 268 272 281 280 281 283 281 287 286 289 284 276 295 290 274 278 278 284 280 278 292 303 298 297 303 292 291 281 284 279 283 305 286 288 280 282 312 298 332 312 322 311 338 343 339 326 314 342 364 344 345 371 377 377 384 392 390 399 408 405 434 427 432 463 476 452 464 445 461 456 461 479 455 427 -9999 -9999 -9999 -9999 -9999 -9999
294 283 280 272 271 266 279 282 286 282 276 281 283 284 280 278 286 283 286 271 279 277 282 290 280 302 290 297 300 294 292 293 285 296 284 280 275 273 303 310 284 293 350 292 303 310 299 324 331 317 309 293 319 318 350 363 371 370 379 379 384 384 409 416 412 408 417 400 420 464 464 444 446 461 446 458 470 498 453 391 -9999 -9999 -9999 -9999 -9999
292 280 274 274 268 271 276 287 291 283 268 285 273 278 285 283 272 270 278 289 294 283 280 279 282 279 280 280 291 301 300 286 280 284 279 275 273 279 303 293 286 273 283 284 272 290 307 297 310 320 335 312 292 291 317 358 362 362 374 383 393 405 394 387 413 409 422 433 433 446 462 446 432 450 459 454 450 465 466 402 -9999 -9999 -9999 -9999 -9999
284 280 274 271 272 268 278 278 280 289 284 279 266 280 286 288 269 269 270 274 279 281 288 288 281 287 276 281 288 287 290 292 280 273 273 273 271 275 273 272 273 278 274 298 285 298 291 301 311 308 335 340 291 289 296 338 350 361 369 372 387 380 377 392 410 414 405 425 424 445 460 451 453 439 478 433 434 461 484 404 365 -9999 -9999 -9999 -9999
286 279 275 277 270 283 286 290 288 290 286 286 266 284 277 294 289 287 280 290 278 272 274 284 283 286 281 289 277 276 280 288 278 272 275 285 272 275 275 272 275 274 274 276 293 313 285 288 307 282 324 340 313 297 324 352 357 375 367 380 390 383 382 382 414 403 418 417 407 427 459 458 441 446 457 447 446 473 477 420 385 -9999 -9999 -9999 -9999
283 281 278 281 287 279 260 273 284 288 285 289 266 287 299 287 287 280 282 289 282 273 273 279 280 282 291 286 280 276 273 275 276 284 270 268 268 270 273 272 274 275 274 274 286 284 282 273 276 290 308 337 326 300 325 345 354 369 371 378 372 373 393 395 405 413 407 437 410 444 460 450 450 444 449 448 451 457 475 455 387 -9999 -9999 -9999 -9999
287 278 281 280 282 282 278 278 280 297 293 290 282 290 299 282 282 277 276 282 276 275 276 272 275 275 286 288 291 276 285 276 266 266 272 270 268 266 274 275 275 271 274 277 289 307 284 273 279 280 311 306 326 310 325 340 346 364 349 376 378 377 376 383 404 433 395 411 415 429 424 443 437 442 439 453 454 446 471 461 412 398 -9999 -9999 -9999
280 283 283 276 282 271 274 276 282 288 288 293 285 283 286 284 286 284 283 280 276 324 272 271 271 274 275 275 283 274 278 276 264 267 270 267 265 263 270 271 283 290 275 278 271 295 287 268 281 305 326 315 315 322 311 335 349 352 356 360 364 373 381 381 384 405 411 424 416 411 434 430 416 441 422 437 443 453 450 442 447 377 -9999 -9999 -9999
326 275 265 278 280 282 280 276 281 285 290 291 284 279 282 284 285 284 284 280 283 301 280 271 270 275 281 284 280 273 269 266 264 265 264 273 269 265 265 267 273 282 269 271 285 278 271 275 285 283 284 294 299 321 318 315 338 352 337 332 352 359 380 392 383 384 403 405 415 410 420 432 434 428 425 429 445 438 460 451 453 436 410 -9999 -9999
284 271 276 284 284 280 280 279 287 292 290 285 290 287 282 282 281 285 287 276 273 277 280 270 271 272 271 277 274 268 266 265 267 263 263 264 262 267 263 272 285 282 279 279 284 273 271 269 284 284 277 279 312 300 330 331 328 330 347 337 359 391 393 391 392 389 416 411 415 391 383 402 427 426 421 428 428 440 459 442 457 459 416 407 -9999
280 287 278 280 284 280 284 285 281 295 290 267 292 281 276 285 289 283 273 271 272 275 284 281 278 276 275 272 280 278 270 280 265 265 264 266 263 263 269 276 277 279 278 271 279 276 281 280 279 278 279 281 282 293 302 324 337 338 342 339 346 368 361 364 366 377 384 388 392 382 409 400 418 421 440 425 420 432 437 450 443 450 437 440 440
277 288 274 277 277 280 278 287 294 299 288 285 294 288 282 285 287 285 286 272 274 273 275 271 278 271 271 270 277 271 265 267 264 267 263 268 264 269 271 267 278 275 276 270 266 269 280 280 282 280 282 285 297 287 300 319 323 326 341 332 350 352 359 365 364 396 386 387 396 379 380 404 406 406 403 417 412 423 418 441 443 445 447 459 451
298 292 273 278 281 280 276 288 292 296 271 293 301 291 287 290 277 287 294 277 278 275 276 276 270 270 272 272 275 280 266 267 264 265 264 265 258 264 268 274 284 275 275 272 261 268 273 282 281 280 277 276 279 300 290 298 318 317 331 319 333 353 351 349 374 367 377 374 384 384 384 399 404 398 399 414 406 419 428 440 430 439 438 462 447
286 297 280 270 278 276 278 283 298 297 282 287 299 295 299 292 286 290 276 275 276 272 271 272 275 272 276 269 274 276 267 271 268 264 263 263 259 258 264 276 279 279 282 273 276 275 273 274 272 268 270 273 281 304 305 292 300 308 318 309 329 351 351 344 354 359 358 357 377 383 384 389 396 399 395 408 411 407 412 421 419 431 426 446 447
279 289 295 274 278 281 279 277 299 302 292 299 307 296 294 281 275 273 272 272 271 273 274 279 277 270 273 271 274 276 272 264 264 262 262 266 276 265 266 266 273 283 273 281 264 270 277 289 275 266 268 272 269 272 300 294 310 316 323 319 318 322 329 332 340 348 350 353 365 363 393 383 394 396 392 390 394 393 419 427 423 422 422 436 442
285 291 287 276 277 277 280 290 299 299 272 299 305 301 289 279 275 272 275 271 273 273 272 281 277 274 272 272 279 271 271 266 265 262 264 265 262 264 269 270 265 267 271 260 265 261 273 293 268 264 259 271 275 284 288 299 313 311 294 305 318 323 333 341 334 340 348 358 353 367 381 374 397 390 400 397 406 402 423 421 420 424 435 430 441
