data/precipwarmq.asc
ncols        384
nrows        480
xllcorner    138.000000000000
yllcorner    -29.000000000000
cellsize     0.041666666667
NODATA_value -9999
[rows 266 to 303 of 480, columns 85 to 169 of 384]
268 268 268 271 271 272 272 279 277 273 270 274 280 277 269 272 274 274 276 278 274 283 283 281 284 291 289 292 294 291 290 294 292 290 372 366 366 371 372 375 377 368 368 361 358 354 352 357 357 357 349 345 353 354 351 348 350 352 353 349 342 352 350 343 345 348 356 352 367 352 359 359 366 373 373 381 379 371 376 378 383 373 378 382 381
264 262 266 274 276 274 269 278 276 270 271 272 277 275 272 267 274 274 272 275 273 272 277 281 280 286 284 278 282 354 281 284 288 286 290 294 294 292 293 373 371 370 358 354 351 349 349 354 358 355 341 349 345 347 342 344 340 352 342 347 347 347 347 343 340 338 350 348 348 347 347 357 353 356 369 372 370 360 360 374 378 371 380 380 382
261 260 264 263 266 272 271 269 268 268 266 271 272 271 271 271 269 263 266 266 269 265 270 275 277 276 278 281 278 347 352 285 283 363 361 367 289 287 291 290 365 367 359 353 345 343 345 343 350 348 343 345 345 355 343 337 338 352 348 350 348 342 340 342 348 342 335 338 343 344 344 348 342 341 353 357 356 365 363 365 373 372 375 373 374
256 257 260 260 263 268 272 270 272 270 265 268 270 267 266 266 263 265 266 262 264 266 267 269 269 271 271 270 272 346 276 280 280 354 354 359 288 288 286 367 365 363 353 347 348 345 345 341 342 338 335 337 340 341 333 339 332 345 338 338 343 341 332 338 333 336 333 330 333 345 347 342 342 337 348 341 353 356 355 361 362 364 364 372 366
252 253 256 257 261 269 270 263 267 269 260 269 263 260 266 264 259 259 263 262 261 262 263 263 263 265 270 342 340 341 341 273 345 347 348 348 349 287 357 349 345 344 347 342 344 340 341 346 335 334 336 331 331 333 334 332 328 331 334 340 335 326 329 332 325 326 325 330 331 328 337 335 337 336 342 343 338 342 338 344 355 357 357 363 365
250 248 252 257 262 265 266 264 266 257 264 263 261 260 262 256 257 258 257 254 254 257 254 256 258 261 263 341 333 337 336 338 344 348 347 345 348 281 343 342 338 349 350 339 337 337 345 345 336 330 332 330 330 333 342 330 330 327 327 328 328 320 314 316 313 319 321 328 334 341 340 332 332 334 329 335 337 335 342 341 343 357 361 363 364
244 243 254 254 260 263 263 265 265 262 262 260 256 259 260 254 255 254 254 253 249 254 253 250 256 255 259 259 332 333 332 334 340 344 342 342 259 338 340 348 348 348 349 346 339 338 341 339 332 329 328 326 332 330 325 327 323 326 320 316 323 328 320 316 316 309 326 327 329 335 339 337 332 330 337 337 336 334 340 351 349 342 350 360 359
239 242 244 250 257 260 256 259 261 260 257 254 258 254 249 255 254 252 251 250 252 248 248 247 256 255 255 258 327 326 326 331 333 334 339 339 337 343 347 345 345 347 269 335 335 336 339 336 335 332 331 333 325 322 327 320 324 323 321 320 320 322 316 314 307 314 324 329 332 328 328 329 332 329 335 338 332 332 339 352 350 336 339 337 346
235 241 244 252 257 258 259 256 255 258 257 257 253 252 251 252 253 252 250 247 243 248 248 249 252 254 257 256 326 326 329 335 334 337 337 331 334 259 264 261 264 266 265 257 328 332 328 328 324 330 332 329 325 325 324 320 318 317 323 316 310 314 320 321 318 319 327 323 322 327 330 327 329 327 323 322 334 334 332 343 348 344 344 332 332
233 240 241 243 249 250 255 257 255 255 252 255 252 246 252 247 245 250 248 244 239 244 245 246 250 247 253 255 259 258 259 262 261 263 261 258 257 256 255 258 263 262 261 257 331 327 324 325 324 323 324 321 317 320 319 316 312 314 314 314 313 317 324 334 319 324 325 309 316 329 326 318 320 319 318 327 327 333 333 333 345 345 338 331 329
231 242 239 241 245 254 253 252 251 250 253 252 250 249 247 241 239 240 242 243 241 241 241 244 245 245 248 250 253 253 257 331 260 259 259 258 255 253 255 258 260 257 253 251 252 326 322 322 321 320 320 317 314 312 317 311 313 311 318 318 315 317 331 329 314 312 319 309 321 322 328 319 313 315 316 328 330 329 331 329 339 336 328 326 333
229 236 244 246 249 250 251 251 251 252 250 250 250 247 239 241 236 239 233 234 233 238 243 244 243 243 247 246 250 253 252 326 327 325 257 262 334 332 259 260 254 250 249 247 320 319 321 319 319 316 312 307 309 312 309 311 312 312 314 314 314 315 313 316 317 316 311 313 315 312 320 313 322 319 322 329 323 324 324 325 327 327 335 329 338
232 233 238 245 243 240 244 247 250 249 244 245 245 240 242 239 237 234 233 231 230 232 234 234 236 242 245 246 246 321 317 314 324 326 327 329 331 330 329 252 251 250 320 316 314 315 312 311 239 306 306 303 305 303 307 309 315 319 321 327 315 316 316 312 310 312 312 312 314 320 322 320 312 314 320 324 325 322 321 324 326 328 336 333 336
225 225 231 239 244 243 244 242 244 244 244 240 241 240 239 237 236 230 237 231 232 233 238 239 234 234 234 238 243 312 312 316 321 320 326 329 325 327 325 326 321 321 318 315 311 309 312 310 301 301 302 300 305 302 308 308 313 314 319 313 310 310 315 311 308 310 310 307 310 304 310 318 317 319 322 321 312 319 319 316 321 318 325 329 328
221 226 230 233 237 239 233 237 240 238 240 239 237 240 239 236 236 232 231 229 230 230 233 232 230 232 231 312 239 239 241 244 328 333 331 324 319 321 321 323 322 317 316 313 311 309 311 310 298 297 297 297 301 300 306 311 318 318 313 313 307 307 311 309 307 304 304 308 313 306 306 314 309 313 318 316 316 319 311 311 318 311 311 325 330
215 219 224 227 231 236 238 236 237 238 238 234 235 235 236 233 235 229 225 224 225 226 230 232 227 226 301 230 231 234 237 308 316 318 319 320 312 317 319 311 317 318 314 311 301 302 306 298 294 299 296 298 297 230 230 241 314 316 315 308 303 304 305 307 310 301 308 307 306 307 302 314 312 312 311 316 320 318 313 318 315 310 313 319 324
287 291 218 221 224 231 231 233 234 234 234 235 231 229 234 231 229 231 221 222 223 222 226 228 228 223 224 227 229 233 305 311 311 310 318 320 322 324 322 315 310 311 310 309 302 296 296 294 292 295 291 296 297 228 231 230 314 313 317 315 309 308 302 304 302 301 301 302 307 305 308 312 308 309 309 312 314 313 314 318 310 307 306 319 318
275 281 288 296 297 224 226 227 230 230 227 230 231 231 230 228 225 227 224 225 296 291 292 293 296 299 297 296 225 300 300 309 311 310 314 316 318 319 318 313 310 309 307 303 302 296 293 291 294 289 295 293 301 225 227 230 312 307 306 306 306 308 303 300 304 300 304 307 307 301 311 307 309 313 311 306 310 314 313 308 313 308 308 314 311
267 273 284 286 287 217 219 222 225 223 225 226 230 230 229 223 302 303 302 220 219 293 294 293 293 294 295 294 295 296 305 304 307 309 311 310 312 313 311 311 309 306 302 301 300 297 294 295 298 298 294 297 300 297 228 296 310 305 306 308 305 301 295 295 294 293 296 300 303 299 306 306 303 304 303 304 308 311 302 309 312 313 307 315 314
264 270 281 281 281 283 213 216 221 220 220 221 224 227 226 221 299 299 299 219 217 218 219 291 294 294 294 295 300 298 302 303 305 305 308 308 307 308 305 307 305 303 301 301 299 296 292 293 296 297 294 294 295 291 220 294 298 296 306 304 307 302 295 290 300 299 298 296 298 298 297 304 302 300 301 302 306 306 306 307 314 315 313 321 317
261 268 276 277 277 282 281 286 216 213 218 218 221 291 290 220 288 295 294 215 216 220 287 287 291 289 291 294 296 295 299 298 300 305 306 302 304 304 304 304 303 301 301 298 294 294 293 292 290 293 295 292 283 288 283 222 299 294 299 303 297 294 291 293 290 296 298 298 301 302 303 304 299 301 302 300 304 304 303 306 310 315 310 316 320
261 265 273 273 275 273 274 277 213 212 213 287 217 286 287 289 292 288 282 284 213 212 286 285 289 291 294 295 293 294 294 302 223 303 304 302 301 302 300 299 300 300 299 298 292 290 293 293 293 295 292 292 285 283 287 229 295 296 293 298 296 297 295 293 288 292 294 292 296 305 298 295 296 294 289 293 301 299 302 307 303 314 317 314 317
258 260 270 270 268 267 267 272 277 277 278 278 279 280 280 284 285 283 279 285 289 208 207 283 283 286 289 291 293 290 292 299 301 304 300 302 303 302 297 297 297 295 293 298 291 292 292 292 292 293 290 294 294 291 289 290 296 299 297 295 291 287 292 288 289 286 294 293 288 298 301 302 295 292 296 297 303 301 299 305 302 317 317 314 313
262 260 265 265 265 263 263 269 273 274 274 273 273 273 277 280 281 278 283 280 287 284 204 284 282 283 285 289 295 296 295 296 300 300 299 300 302 300 296 296 295 293 290 295 294 293 289 289 289 290 289 289 294 289 288 288 299 298 302 294 294 292 285 286 285 289 289 290 288 294 300 294 290 292 285 292 301 305 301 305 296 303 310 309 309
258 261 263 263 262 262 261 266 270 267 269 265 266 267 272 275 276 274 274 280 281 281 278 282 285 282 287 292 298 293 293 293 296 298 297 298 298 298 294 293 294 291 290 290 289 291 289 289 287 286 288 289 287 287 287 290 291 293 293 291 296 296 291 286 283 285 286 291 284 284 288 286 281 288 289 289 293 309 305 310 295 304 305 309 306
258 260 263 258 262 262 260 262 265 262 262 264 262 262 264 263 267 265 270 271 276 280 277 278 285 284 288 290 287 292 291 295 294 292 293 294 297 295 295 291 291 289 286 288 287 288 287 288 289 289 285 284 283 282 284 287 286 285 285 285 289 286 288 294 285 288 284 288 285 287 289 283 281 283 282 286 286 296 303 303 306 306 307 310 312
258 258 260 259 259 259 258 260 260 261 255 259 263 261 260 261 261 258 265 265 267 270 277 278 280 278 286 291 288 290 291 297 296 289 290 294 294 293 294 289 286 288 286 284 287 287 285 286 286 287 283 284 283 281 283 288 286 285 282 289 289 283 290 292 292 292 291 287 285 288 285 285 283 285 277 281 282 287 305 305 310 299 308 311 310
259 258 256 254 256 257 255 257 257 258 257 254 254 261 259 261 256 255 258 260 263 270 276 281 278 279 279 285 289 287 289 292 295 294 293 296 294 292 290 287 287 284 283 283 283 283 283 284 285 282 285 282 283 280 280 281 284 287 283 287 283 284 289 290 288 288 289 289 283 279 284 287 282 277 277 277 282 287 296 297 299 292 304 305 295
257 257 252 253 253 256 254 256 255 256 253 250 251 255 257 256 254 253 256 262 262 268 274 278 280 278 277 284 286 289 289 290 293 294 292 293 291 290 289 287 285 285 281 282 282 280 283 280 282 284 283 279 284 278 279 280 282 282 284 289 289 286 287 288 289 286 288 288 280 283 279 280 284 280 277 277 283 283 282 281 289 282 288 295 293
255 255 250 251 253 253 252 254 252 253 247 249 250 252 256 257 257 258 257 257 259 261 270 270 275 275 277 283 283 288 291 289 295 299 294 295 293 288 284 285 282 282 280 277 279 279 279 282 279 282 281 285 285 278 279 280 279 283 285 285 286 286 283 286 290 288 284 287 283 279 279 276 272 281 275 276 277 287 275 278 282 283 286 286 277
251 248 249 247 248 249 249 252 251 248 249 253 254 255 254 258 258 256 253 255 261 262 265 266 270 269 275 280 280 286 288 289 294 296 295 291 288 284 279 280 280 280 280 278 278 277 276 280 277 276 280 282 283 279 278 277 278 283 283 286 286 286 285 285 283 285 282 283 277 274 274 271 274 277 277 267 271 271 271 274 284 290 295 284 273
246 243 243 244 245 247 243 247 249 250 250 253 250 251 252 252 252 255 254 258 262 264 267 268 268 268 275 278 280 279 281 289 290 293 286 286 284 280 278 279 278 280 278 277 276 278 278 275 273 272 272 279 282 277 279 282 284 284 281 282 284 282 281 280 279 280 281 277 275 272 275 272 271 277 276 268 275 276 276 271 283 286 296 298 284
242 244 242 241 241 244 244 248 248 248 248 250 248 250 251 250 250 250 252 253 257 262 263 268 271 267 270 275 279 277 282 285 284 282 281 277 274 274 276 277 274 275 274 272 275 273 270 272 274 272 273 277 280 277 276 278 281 280 279 281 279 278 279 279 278 279 277 278 278 277 270 272 270 276 277 271 287 275 276 272 276 274 276 297 283
240 239 238 240 241 241 242 242 243 246 246 247 248 250 249 251 252 250 251 252 254 260 261 265 268 265 267 265 272 272 273 273 279 276 277 272 276 270 271 272 268 273 272 272 270 272 270 269 272 268 271 277 277 284 279 275 281 281 280 279 278 280 279 276 276 275 275 278 277 274 269 268 267 272 270 268 280 276 271 273 281 268 273 286 279
237 238 236 236 237 237 237 240 242 245 245 248 250 247 249 254 252 251 250 252 255 258 256 260 258 255 262 262 263 260 265 275 273 269 271 269 271 272 269 265 268 264 266 264 271 266 266 268 274 266 267 272 277 279 272 275 275 278 280 277 274 276 278 271 273 273 273 276 273 273 269 267 267 265 270 268 270 272 270 273 277 267 275 273 278
233 235 238 235 236 234 237 238 241 241 243 244 244 246 245 248 244 247 245 250 256 251 258 259 259 259 264 260 252 259 261 265 267 270 270 270 272 268 267 261 262 267 268 265 266 266 263 268 262 267 267 269 267 274 281 272 278 274 276 274 274 273 277 272 272 274 271 272 274 276 270 264 268 268 270 274 275 275 276 270 271 274 270 277 283
231 231 233 233 234 234 236 237 237 240 238 239 242 244 243 241 242 244 245 250 250 249 256 256 254 256 257 259 261 262 260 258 264 270 269 263 266 267 263 251 258 264 258 265 263 264 267 265 263 262 269 263 267 274 271 272 273 272 271 272 274 271 271 270 273 271 269 271 275 269 266 265 265 267 266 270 272 270 278 279 273 275 273 274 276
230 231 232 232 233 232 232 234 234 239 241 239 240 241 243 243 244 244 243 245 249 244 248 250 250 253 252 257 260 260 253 257 259 267 263 264 262 261 258 252 255 259 262 257 259 263 260 257 262 263 263 262 267 265 269 266 273 268 265 270 267 271 268 269 269 269 269 270 268 267 266 262 264 266 260 268 267 260 263 273 273 274 277 273 271
