data/precipdrym.asc
ncols        384
nrows        480
xllcorner    138.000000000000
yllcorner    -29.000000000000
cellsize     0.041666666667
NODATA_value -9999
[rows 172 to 214 of 480, columns 96 to 191 of 384]
1 1 1 1 1 1 1 1 1 1 1 1 1 1 1 1 1 1 1 1 1 1 1 1 1 1 1 1 1 1 1 2 1 2 2 2 2 2 2 2 2 3 3 3 3 3 3 4 3 4 4 4 4 4 4 3 4 4 4 5 5 5 5 4 5 5 4 4 3 2 3 7 23 24 41 52 30 33 22 30 62 63 61 -9999 -9999 -9999 -9999 -9999 -9999 -9999 -9999 -9999 -9999 -9999 -9999 -9999
1 1 1 1 1 1 1 1 1 1 1 1 1 1 1 1 1 1 1 1 1 1 1 1 1 1 1 1 1 1 2 2 2 1 1 2 2 2 2 2 2 2 2 3 3 3 3 3 4 3 3 4 4 4 4 4 4 4 4 4 5 5 5 5 5 5 5 4 3 3 3 7 22 28 38 47 28 27 36 42 42 58 44 37 -9999 -9999 -9999 -9999 -9999 -9999 -9999 -9999 -9999 -9999 -9999 -9999
1 1 1 1 1 1 1 1 1 1 1 1 1 1 1 1 1 1 1 1 1 1 1 1 1 1 1 1 1 2 2 2 2 2 2 2 2 2 2 2 2 2 3 2 3 3 2 3 3 3 3 4 4 4 4 4 4 4 5 4 5 5 5 5 5 5 4 4 4 4 4 7 11 19 20 15 16 27 32 33 35 37 36 32 -9999 -9999 -9999 -9999 -9999 -9999 -9999 -9999 -9999 -9999 -9999 -9999
1 1 1 1 1 1 1 1 1 1 1 1 1 1 1 1 1 1 1 1 1 1 1 1 1 1 1 1 2 2 2 2 2 2 2 2 1 1 2 2 2 2 2 2 2 3 2 2 2 2 3 3 4 4 4 4 4 4 5 5 5 5 5 5 4 4 4 4 4 3 4 4 8 9 9 10 20 68 49 26 30 28 12 16 -9999 -9999 -9999 -9999 -9999 -9999 -9999 -9999 -9999 -9999 -9999 -9999
1 1 1 1 1 1 1 1 1 1 1 1 1 1 1 1 1 1 1 1 1 1 1 1 1 1 1 1 2 2 2 2 2 2 2 2 2 2 2 2 2 3 2 3 2 2 2 2 2 2 3 3 4 4 4 3 3 3 3 4 5 5 5 5 5 4 5 4 3 4 3 3 5 6 7 7 12 57 62 42 35 23 -9999 -9999 -9999 -9999 -9999 -9999 -9999 -9999 -9999 -9999 -9999 -9999 -9999 -9999
1 1 1 1 1 1 1 1 1 1 1 1 1 1 1 1 1 1 1 1 1 1 1 1 1 1 1 2 2 2 2 2 2 2 2 2 2 2 2 2 2 2 2 2 3 3 2 1 2 2 2 3 3 3 2 3 3 3 2 3 4 5 5 5 5 5 5 4 4 4 3 4 5 5 5 6 8 39 61 63 48 21 -9999 -9999 -9999 24 -9999 -9999 -9999 -9999 -9999 -9999 -9999 -9999 -9999 -9999
1 1 1 1 1 1 1 1 1 1 1 1 1 1 1 1 1 1 1 1 1 1 1 1 1 1 2 2 2 2 2 2 2 2 2 2 2 2 2 2 2 2 1 1 2 2 1 2 2 2 2 2 2 2 2 2 3 3 3 4 4 5 5 5 5 5 5 5 4 3 3 4 5 5 5 6 10 37 61 62 57 32 -9999 -9999 -9999 -9999 -9999 -9999 -9999 -9999 -9999 -9999 -9999 -9999 -9999 -9999
1 1 1 1 1 1 1 1 1 1 1 1 1 1 1 1 1 1 1 1 1 1 1 1 1 2 2 2 2 2 2 2 2 2 2 2 2 2 2 2 2 2 2 1 2 2 1 2 2 1 2 2 2 2 2 3 3 4 3 4 4 4 5 5 5 5 5 4 4 4 4 3 4 5 5 7 8 15 60 64 57 39 13 9 -9999 -9999 -9999 -9999 -9999 -9999 -9999 -9999 -9999 -9999 -9999 -9999
1 1 1 1 1 1 1 1 1 1 1 1 1 1 1 1 1 1 1 1 1 1 1 1 1 2 2 2 2 2 2 2 2 2 2 2 2 2 2 2 2 2 1 1 1 1 2 2 2 2 3 3 3 2 2 3 3 2 3 3 3 3 5 5 5 4 4 4 4 4 4 3 2 3 4 5 7 8 34 63 68 41 17 11 -9999 -9999 -9999 -9999 -9999 -9999 -9999 -9999 -9999 -9999 -9999 -9999
1 1 1 1 1 1 1 1 1 1 1 1 1 1 1 1 1 1 1 1 1 1 1 1 2 2 2 2 2 2 2 2 2 2 2 2 2 2 2 2 2 2 1 1 2 2 2 2 2 1 2 2 2 2 2 2 3 3 2 2 3 4 5 3 5 5 4 4 3 4 4 4 3 3 3 5 6 7 21 63 71 45 32 14 10 -9999 -9999 -9999 -9999 -9999 -9999 -9999 -9999 -9999 -9999 -9999
1 1 1 1 1 1 1 1 1 1 1 1 1 1 1 1 1 1 1 1 1 1 1 2 2 2 2 2 2 2 2 2 2 2 2 2 2 2 2 2 2 2 2 2 2 2 2 2 2 1 1 2 2 2 2 2 2 2 2 3 2 4 5 5 5 5 4 4 3 3 2 2 2 3 3 5 6 7 20 51 43 52 45 34 19 -9999 -9999 -9999 -9999 -9999 -9999 -9999 -9999 -9999 -9999 -9999
1 1 1 1 1 1 1 1 1 1 1 1 1 1 1 1 1 1 1 1 1 1 1 2 2 2 2 2 2 2 2 2 2 2 2 2 2 2 2 2 2 2 2 2 2 2 2 2 2 2 2 2 3 2 2 3 3 2 3 2 2 3 4 4 4 4 3 4 4 3 3 4 5 4 4 5 6 8 11 35 39 34 24 47 43 19 -9999 -9999 -9999 -9999 -9999 -9999 -9999 -9999 -9999 -9999
1 1 1 1 1 1 1 1 1 1 1 1 1 1 1 1 2 1 1 1 2 1 2 2 2 2 2 2 2 2 2 2 2 2 2 2 2 2 2 2 2 2 2 2 2 2 1 1 2 2 2 2 3 3 2 2 2 2 2 2 3 3 3 3 3 4 4 5 4 4 4 3 4 5 5 7 11 9 10 12 19 27 35 43 54 47 21 -9999 -9999 -9999 -9999 -9999 -9999 -9999 -9999 -9999
1 1 1 1 1 1 1 1 1 1 1 1 1 1 2 2 2 2 2 2 2 2 2 2 2 2 2 2 2 2 2 2 2 2 2 2 2 2 2 2 2 2 2 2 2 2 2 2 2 2 2 2 2 3 2 2 2 2 2 2 3 3 4 4 3 4 4 3 4 4 4 4 4 4 5 7 11 10 8 12 15 24 32 42 37 31 29 26 16 -9999 -9999 -9999 -9999 -9999 -9999 -9999
1 1 1 1 1 1 1 1 1 1 1 1 2 2 2 2 2 2 2 2 2 2 2 2 2 2 2 2 2 2 2 2 2 2 2 3 2 2 2 2 2 2 2 2 2 3 3 2 3 3 2 2 3 2 2 2 2 2 2 2 3 3 4 4 3 5 5 4 4 3 4 4 4 5 5 6 8 8 8 8 11 16 21 26 30 34 36 35 23 -9999 -9999 -9999 -9999 -9999 -9999 31
1 1 1 1 1 1 1 1 1 1 1 1 1 1 2 2 2 2 2 2 2 2 2 2 2 2 2 2 2 2 2 2 2 2 2 2 2 2 2 2 2 2 2 2 3 3 3 3 3 2 2 2 3 2 2 2 3 2 2 2 3 3 3 3 3 5 5 4 4 4 4 4 5 5 6 6 7 8 8 8 9 11 15 21 21 24 30 39 35 23 -9999 -9999 -9999 -9999 -9999 -9999
1 1 1 1 1 1 1 1 1 1 1 2 1 1 1 2 2 2 2 2 2 2 2 2 2 2 2 2 2 2 2 2 2 2 2 2 2 2 2 2 2 2 3 3 2 3 3 3 2 2 3 3 3 3 2 2 2 3 3 3 3 3 3 3 3 4 5 4 4 4 4 5 5 5 5 6 6 8 8 8 8 8 10 10 17 23 25 29 28 28 21 -9999 -9999 -9999 16 -9999
1 1 1 1 1 1 1 1 1 1 2 2 2 1 1 2 2 2 2 2 2 2 2 2 2 2 2 2 2 2 2 2 2 2 2 2 2 2 2 2 3 2 2 2 3 3 3 3 3 3 3 3 3 3 3 3 2 2 3 4 4 4 4 4 3 4 4 3 4 4 4 5 5 5 5 5 5 8 9 9 8 8 8 9 12 16 30 33 34 28 26 26 16 18 18 -9999
1 1 1 1 1 1 1 1 1 1 2 2 2 2 2 2 2 2 2 2 2 2 2 2 2 2 2 2 2 2 2 2 2 2 2 2 2 2 3 2 2 2 2 3 3 3 3 3 3 3 3 2 2 3 3 3 2 3 2 4 5 5 4 4 4 4 4 4 4 4 5 5 5 5 5 5 6 7 9 10 11 9 10 10 11 13 16 32 39 27 25 30 23 17 17 19
1 1 1 1 1 1 1 1 1 2 2 2 2 2 2 2 2 2 2 2 2 2 2 2 2 2 2 2 2 2 2 2 2 2 2 2 3 3 3 2 2 2 2 3 3 3 3 3 3 3 2 3 2 3 3 2 2 2 2 3 3 3 3 4 4 4 5 5 4 4 4 5 5 5 5 5 6 7 9 8 7 8 9 9 11 17 21 35 34 31 33 30 38 27 -9999 -9999
1 1 1 1 1 1 1 2 2 2 2 2 2 2 2 2 2 2 2 2 2 2 2 2 2 2 2 2 2 2 2 2 2 2 2 2 2 2 3 3 3 2 2 3 3 3 3 3 3 3 3 3 3 3 2 2 2 3 3 3 3 3 3 3 3 3 4 5 4 4 5 5 5 5 5 5 6 6 8 9 9 8 12 11 9 11 20 65 60 36 26 29 28 18 -9999 -9999
1 1 1 1 1 1 1 1 1 1 1 2 2 2 2 2 2 2 2 2 2 2 2 2 2 2 2 2 2 2 2 2 2 2 2 2 3 2 2 3 3 3 2 3 3 3 3 2 3 3 3 2 2 2 2 2 3 3 3 3 3 3 3 3 3 4 4 5 4 5 5 5 5 5 5 5 5 7 7 8 9 10 9 10 8 11 30 55 103 55 34 25 38 20 -9999 -9999
1 1 1 1 1 1 1 1 1 1 1 1 1 2 2 2 2 2 2 2 2 2 2 2 2 2 2 2 2 2 2 2 2 2 2 2 2 2 2 2 3 3 3 3 3 3 3 3 3 2 2 2 2 2 2 2 2 3 3 3 3 3 3 3 3 4 5 5 4 5 5 5 5 5 5 5 5 6 8 8 7 9 10 9 9 18 39 49 45 53 35 30 28 47 37 -9999
1 1 1 1 1 1 1 1 1 1 1 1 1 1 1 2 2 2 2 2 2 2 2 2 2 2 2 2 2 2 2 2 2 2 2 2 2 2 2 2 2 3 3 3 3 3 3 3 2 2 2 2 3 2 2 2 2 3 3 3 4 4 3 3 3 4 5 6 4 4 5 5 5 5 5 6 6 6 7 8 7 7 10 9 8 23 33 45 37 33 53 46 33 50 50 -9999
1 1 1 1 1 1 1 1 1 1 1 1 1 2 2 2 2 2 2 2 2 2 2 2 2 2 2 2 2 2 2 2 2 2 2 2 2 2 2 2 2 2 3 3 3 3 3 2 2 2 2 2 3 2 3 3 3 3 3 3 3 3 4 4 5 5 6 5 4 5 5 5 5 6 5 5 6 5 6 7 6 8 9 12 20 19 30 32 36 31 59 47 33 34 48 34
1 1 1 1 1 1 1 1 1 1 1 1 1 1 2 2 2 2 2 2 2 2 2 2 2 2 2 2 2 2 2 2 2 3 2 2 2 2 2 2 2 3 3 3 2 3 3 2 3 2 2 2 2 3 3 3 3 4 3 3 3 3 4 5 5 4 6 6 3 4 5 5 5 6 6 6 6 6 7 6 6 8 14 20 19 24 28 30 35 29 30 40 80 97 61 40
1 1 1 1 1 1 1 1 1 1 1 1 1 1 1 1 1 2 2 2 2 2 2 2 2 2 2 2 2 2 2 2 2 2 2 2 2 2 3 3 2 2 3 2 2 2 2 2 3 3 3 3 3 3 3 3 3 3 3 3 3 4 5 5 5 5 5 6 4 3 4 4 5 6 6 6 6 7 8 7 7 10 22 42 33 41 40 35 40 33 24 40 108 94 84 44
1 1 1 1 1 1 1 1 1 1 1 1 1 1 1 1 1 1 1 2 1 2 2 2 2 2 2 2 2 2 2 2 2 2 2 2 2 2 3 3 2 2 3 3 2 2 3 3 2 3 3 3 3 3 3 3 3 3 3 3 3 4 4 4 5 5 6 5 4 4 5 5 5 6 6 6 6 6 7 8 9 10 27 43 45 40 42 44 38 49 39 39 84 85 101 53
1 1 1 1 1 1 1 1 1 1 1 1 1 1 1 1 1 1 1 1 1 1 2 2 2 2 2 2 2 2 2 2 2 2 2 2 2 2 2 3 2 3 3 3 3 3 3 3 3 3 3 3 3 3 3 3 3 4 4 4 4 4 5 5 5 5 6 4 3 3 3 5 5 6 6 6 6 7 7 8 9 9 18 37 44 35 39 48 37 52 53 74 110 119 102 66
1 1 1 1 1 1 1 1 1 1 1 1 1 1 1 1 1 1 1 1 1 1 1 2 2 2 2 2 2 2 2 2 2 2 2 2 2 2 2 3 3 2 2 3 3 3 3 3 3 3 3 3 3 3 3 3 3 3 3 4 4 4 4 4 5 5 5 3 4 4 5 5 5 5 6 6 6 7 8 10 8 8 12 39 44 42 40 47 46 35 57 89 81 95 84 88
1 1 1 1 1 1 1 1 1 1 1 1 1 1 1 1 1 1 2 1 1 1 1 1 1 2 2 2 2 2 2 2 2 2 2 2 2 2 2 2 2 3 2 3 3 3 3 3 3 3 3 3 3 3 3 3 3 3 4 3 4 4 4 4 5 5 5 3 4 5 5 5 6 6 6 6 6 8 9 9 9 11 11 38 45 34 53 58 73 97 87 104 113 98 101 68
1 1 1 1 1 1 1 1 1 1 1 1 1 1 1 1 1 1 1 1 1 1 1 1 2 2 2 2 2 2 2 2 2 2 2 2 2 2 2 3 3 2 2 3 3 3 3 3 3 3 3 3 3 3 3 3 3 3 4 4 4 4 5 5 5 5 4 4 4 5 5 5 6 6 6 6 7 8 10 9 9 11 8 23 40 51 58 55 74 92 109 87 107 99 103 101
1 1 1 1 1 1 1 1 1 1 1 1 1 1 1 1 1 1 1 1 1 1 1 1 1 1 2 1 2 2 2 2 2 2 2 2 2 3 3 2 3 3 2 2 3 3 3 2 3 3 3 3 3 3 3 4 4 3 4 4 4 5 5 5 5 5 4 3 5 5 6 6 6 6 6 6 7 8 10 9 10 10 9 17 27 49 52 50 49 101 96 111 109 106 107 109
1 1 1 1 1 1 1 1 1 1 1 1 1 1 1 1 1 1 1 1 1 1 1 2 2 2 2 2 2 1 2 2 2 2 2 2 2 2 2 2 2 3 2 2 3 2 2 3 3 3 3 3 3 3 3 3 4 4 4 4 4 4 5 5 5 5 4 4 5 5 6 6 6 7 7 7 7 8 9 9 10 10 8 16 21 52 82 68 92 105 124 101 98 96 99 88
1 1 1 1 1 1 1 1 1 1 1 1 1 1 1 1 1 1 1 1 1 1 2 2 2 2 2 2 1 1 1 2 2 2 2 2 2 2 3 2 2 3 3 2 2 2 2 3 3 3 3 3 3 3 3 3 4 4 4 4 4 4 4 5 5 4 4 4 5 6 6 6 7 7 7 7 6 8 9 9 10 9 8 21 27 44 53 59 102 94 99 96 80 105 111 86
1 1 1 1 1 1 1 1 1 1 1 1 1 1 1 1 1 1 1 1 1 1 1 1 2 2 2 2 1 1 2 2 2 2 2 2 2 2 2 2 2 3 3 3 3 2 2 2 3 3 3 3 3 3 3 4 4 4 4 4 4 4 4 4 4 5 4 5 6 6 6 6 7 6 7 7 8 9 9 9 10 9 13 19 37 50 92 65 89 82 96 94 102 115 105 89
1 1 1 1 1 1 1 1 1 1 1 1 1 1 1 1 1 1 1 1 1 1 1 1 1 1 2 1 1 1 1 1 1 2 2 2 2 2 2 2 2 3 3 3 3 3 2 3 3 3 3 3 3 3 3 4 4 4 4 3 4 5 5 4 4 5 5 6 6 6 6 6 7 7 8 8 9 10 10 11 11 15 21 24 40 65 95 89 80 96 83 96 92 85 97 100
1 1 1 1 1 1 1 1 1 1 1 1 1 1 1 1 1 1 1 1 1 1 1 1 1 1 1 1 2 1 1 1 1 1 2 2 2 2 2 2 2 2 2 3 3 3 3 3 3 3 3 3 4 4 4 4 4 4 4 4 4 4 4 5 5 5 5 6 6 6 6 6 7 8 8 9 10 9 9 10 10 21 22 25 34 52 62 90 98 104 106 101 81 77 76 93
1 1 1 1 1 1 1 1 1 1 1 1 1 1 1 1 1 1 1 1 1 1 1 1 1 1 1 1 1 1 1 1 1 1 2 2 2 2 2 2 2 2 2 2 3 3 3 2 3 3 3 3 4 4 4 4 4 4 4 4 4 4 4 4 5 5 5 6 6 7 6 6 8 8 8 9 9 8 13 12 15 21 20 23 37 47 44 47 74 112 106 94 103 98 69 64
1 1 1 1 1 2 2 2 1 1 1 1 1 1 1 1 1 1 1 1 1 1 1 1 1 1 1 1 1 1 1 1 1 2 2 2 2 2 2 2 2 2 2 3 3 2 3 3 3 3 3 3 4 3 3 4 4 4 4 4 4 4 4 5 5 5 5 6 6 6 7 7 8 7 8 8 7 8 12 14 15 20 21 26 43 53 72 64 59 87 74 93 86 91 95 69
1 1 1 1 1 1 2 1 1 1 1 1 1 1 1 1 1 1 1 1 1 1 1 1 1 1 1 1 1 1 1 1 2 2 2 2 2 2 2 2 2 2 2 3 3 3 3 3 3 3 3 3 3 3 3 4 4 5 5 4 4 4 4 4 5 5 6 6 6 6 7 7 7 7 8 7 7 7 9 11 14 16 21 22 39 38 51 69 81 54 52 53 87 100 88 103
1 1 1 1 1 2 1 1 1 1 1 1 1 1 1 1 1 1 1 1 1 1 1 1 1 1 1 1 1 1 1 2 2 2 2 2 2 2 2 2 2 2 2 2 3 2 2 3 3 3 3 3 3 3 3 4 4 5 5 5 4 4 4 4 4 5 6 6 6 6 7 7 7 8 8 7 8 8 10 12 12 16 17 23 38 36 44 60 104 79 52 53 74 108 99 92
1 1 1 1 1 1 1 1 1 1 1 1 1 1 1 1 1 1 1 1 1 1 1 1 1 1 1 1 1 1 1 2 1 2 2 2 2 2 2 2 2 2 2 2 2 2 3 3 3 3 3 3 3 3 3 4 4 4 4 4 4 4 4 4 4 5 6 6 6 6 7 7 8 8 8 8 6 11 11 12 14 12 15 27 38 31 53 74 101 66 49 51 54 73 96 102
