data/precipdrym.asc
ncols        384
nrows        480
xllcorner    138.000000000000
yllcorner    -29.000000000000
cellsize     0.041666666667
NODATA_value -9999
[rows 387 to 429 of 480, columns 288 to 383 of 384]
26 27 26 27 26 26 26 26 26 26 26 26 26 26 26 25 26 26 25 25 25 25 25 25 25 25 26 26 26 26 26 26 27 27 29 30 30 30 31 29 29 30 32 30 30 31 31 30 31 30 32 31 31 32 31 33 32 33 33 34 34 33 34 34 -9999 -9999 -9999 -9999 -9999 -9999 -9999 -9999 -9999 40 39 40 47 45 44 43 -9999 -9999 -9999 -9999 -9999 -9999 -9999 -9999 -9999 -9999 -9999 -9999 -9999 -9999 -9999 -9999
25 26 25 26 27 26 26 26 26 26 26 26 26 25 26 26 26 25 26 25 26 25 25 26 26 25 25 26 26 26 26 26 26 27 28 31 30 31 30 30 28 29 30 33 30 30 31 31 32 30 30 31 32 33 32 31 31 32 32 33 33 33 33 34 -9999 -9999 -9999 -9999 -9999 -9999 -9999 -9999 39 43 40 40 45 46 42 -9999 -9999 -9999 -9999 -9999 -9999 -9999 -9999 -9999 -9999 -9999 -9999 -9999 -9999 -9999 -9999 -9999
24 24 24 24 25 25 26 26 26 25 26 26 26 26 26 26 26 26 26 26 25 25 25 25 25 25 26 26 26 26 26 26 26 27 27 29 30 31 30 29 28 29 31 30 31 31 30 30 32 30 30 31 31 32 32 31 31 33 32 33 33 35 34 33 33 -9999 -9999 38 -9999 -9999 -9999 39 40 41 40 41 41 43 44 -9999 -9999 -9999 -9999 -9999 -9999 -9999 -9999 -9999 -9999 -9999 -9999 -9999 -9999 -9999 -9999 -9999
25 25 25 24 25 26 27 26 26 27 26 26 26 26 26 26 26 26 26 26 25 25 25 25 25 25 26 26 26 26 27 26 26 27 27 27 27 29 28 27 28 30 31 32 30 30 29 31 31 30 30 31 32 32 32 31 31 31 31 33 34 35 35 35 35 34 36 36 39 34 39 -9999 -9999 41 45 41 42 40 -9999 -9999 -9999 -9999 -9999 -9999 -9999 -9999 -9999 -9999 -9999 -9999 -9999 -9999 -9999 -9999 -9999 -9999
26 25 25 25 25 26 27 27 27 28 27 27 26 26 26 26 26 27 27 26 26 25 26 26 26 25 26 25 25 26 26 26 26 27 27 26 27 27 27 27 28 27 28 29 29 29 30 30 31 30 31 31 31 31 31 30 33 31 31 31 34 34 35 37 37 34 36 37 39 38 37 39 -9999 40 44 41 41 43 -9999 -9999 -9999 -9999 -9999 -9999 -9999 -9999 -9999 -9999 -9999 -9999 -9999 -9999 -9999 -9999 -9999 -9999
26 26 26 25 26 26 26 27 28 28 27 27 27 26 27 27 27 26 26 26 26 25 26 26 26 26 25 25 25 26 26 26 26 27 26 27 26 26 26 28 27 27 27 28 29 29 29 31 31 31 31 31 30 32 32 32 32 32 32 31 31 34 34 34 36 36 37 40 40 37 -9999 -9999 -9999 42 41 43 45 -9999 -9999 -9999 -9999 -9999 -9999 -9999 -9999 -9999 -9999 -9999 -9999 -9999 -9999 -9999 -9999 -9999 -9999 -9999
26 26 25 25 26 26 28 27 27 28 28 27 27 27 27 27 26 26 26 26 26 26 26 26 25 26 25 25 26 26 26 26 26 25 27 26 26 26 26 27 27 27 27 28 28 28 29 29 30 31 31 30 30 31 33 31 31 33 30 31 32 32 34 34 35 37 37 38 37 40 -9999 -9999 41 40 41 41 46 -9999 -9999 -9999 -9999 -9999 -9999 -9999 -9999 -9999 -9999 -9999 -9999 -9999 -9999 -9999 -9999 -9999 -9999 -9999
27 27 27 26 27 28 28 26 26 27 27 27 26 27 27 26 26 26 26 26 26 26 26 26 26 26 25 25 26 26 27 26 27 27 25 26 26 26 26 26 27 26 27 28 28 28 28 29 31 30 30 32 31 32 30 32 31 31 32 31 30 33 32 34 34 36 37 35 36 42 42 39 40 40 40 42 -9999 -9999 -9999 -9999 -9999 -9999 -9999 -9999 -9999 -9999 -9999 -9999 -9999 -9999 -9999 -9999 -9999 -9999 -9999 -9999
27 25 28 26 27 28 28 28 25 25 27 26 26 27 27 26 26 26 26 26 26 26 26 25 25 25 25 25 25 26 27 26 26 26 27 26 26 25 26 26 27 26 26 27 28 29 28 30 28 30 29 31 31 33 31 32 30 33 31 31 32 31 31 33 36 37 38 37 38 41 41 39 39 40 40 42 -9999 -9999 -9999 -9999 -9999 -9999 -9999 -9999 -9999 -9999 -9999 -9999 -9999 -9999 -9999 -9999 -9999 -9999 -9999 -9999
27 28 30 30 30 29 29 28 26 26 27 25 25 25 27 27 26 26 26 26 26 26 26 26 25 25 26 25 25 26 25 26 26 26 26 26 25 25 25 27 26 27 27 27 28 29 29 29 29 29 30 30 30 32 32 33 33 33 32 31 31 33 33 36 36 37 38 39 40 40 40 39 41 40 42 53 -9999 -9999 -9999 -9999 -9999 -9999 -9999 -9999 -9999 -9999 -9999 -9999 -9999 -9999 -9999 -9999 -9999 -9999 -9999 -9999
28 28 26 25 27 29 27 27 28 28 27 26 27 27 26 27 26 26 26 26 26 25 26 25 26 26 26 25 25 25 25 25 25 25 26 26 27 28 27 26 26 26 27 27 28 30 29 28 30 30 29 29 31 31 31 33 33 33 30 30 31 31 34 37 39 40 39 38 39 38 39 39 40 41 41 -9999 -9999 -9999 -9999 -9999 -9999 -9999 -9999 -9999 -9999 -9999 -9999 -9999 -9999 -9999 -9999 -9999 -9999 -9999 -9999 -9999
28 27 26 26 25 27 26 27 27 28 27 26 26 27 26 27 25 26 25 25 25 26 26 25 25 25 26 26 25 25 25 26 25 25 25 25 27 26 27 27 25 26 26 27 30 29 28 29 30 31 31 31 30 31 33 33 33 33 33 33 32 32 36 37 38 37 38 38 38 40 40 42 42 40 42 -9999 -9999 -9999 -9999 -9999 -9999 -9999 -9999 -9999 -9999 -9999 -9999 -9999 -9999 -9999 -9999 -9999 -9999 -9999 -9999 -9999
25 27 26 25 26 25 27 28 26 28 28 27 27 27 25 26 26 26 26 25 25 25 25 25 25 25 25 26 25 26 25 25 25 27 25 24 25 28 25 25 25 27 26 26 29 28 28 29 31 32 31 31 30 30 33 31 31 33 34 33 34 33 35 37 38 38 39 43 40 42 48 42 45 42 -9999 -9999 -9999 -9999 -9999 -9999 -9999 -9999 -9999 -9999 -9999 -9999 -9999 -9999 -9999 -9999 -9999 -9999 -9999 -9999 -9999 -9999
26 27 25 25 24 25 29 27 27 25 25 26 25 25 25 26 26 25 24 25 25 25 25 25 25 25 25 25 26 26 25 25 26 27 27 25 25 25 25 25 25 25 26 26 27 28 28 29 30 29 31 30 32 31 31 30 31 33 34 36 34 34 36 38 38 39 39 41 39 39 -9999 40 46 44 -9999 -9999 -9999 -9999 -9999 -9999 -9999 -9999 -9999 -9999 -9999 -9999 -9999 -9999 -9999 -9999 -9999 -9999 -9999 -9999 -9999 -9999
25 25 26 26 24 25 26 27 25 26 25 25 25 24 26 26 26 25 24 25 25 25 25 25 25 25 25 25 25 25 25 25 25 26 26 25 24 24 25 25 26 26 26 26 27 29 29 31 29 30 31 31 31 31 31 31 32 32 32 34 34 35 35 38 38 38 39 44 39 41 45 41 41 43 -9999 -9999 -9999 -9999 -9999 -9999 -9999 -9999 -9999 -9999 -9999 -9999 -9999 -9999 -9999 -9999 -9999 -9999 -9999 -9999 -9999 -9999
27 28 26 25 26 25 25 27 27 27 26 25 26 26 26 26 25 25 25 25 24 25 25 25 25 25 25 25 25 25 25 25 25 25 25 25 25 24 25 25 25 26 27 26 27 29 28 30 30 29 30 30 31 32 31 32 32 32 33 34 34 37 37 38 38 38 39 39 39 40 40 41 41 41 43 -9999 -9999 -9999 -9999 -9999 -9999 -9999 -9999 -9999 -9999 -9999 -9999 -9999 -9999 -9999 -9999 -9999 -9999 -9999 -9999 -9999
26 25 26 26 24 27 26 27 26 25 25 25 25 26 27 26 25 26 25 25 25 25 25 25 25 25 25 25 25 26 25 25 25 25 25 25 26 25 25 25 25 26 26 26 26 27 28 28 29 29 30 31 31 31 31 32 34 32 33 34 37 38 38 38 38 39 40 40 42 41 41 43 45 43 -9999 -9999 -9999 -9999 -9999 -9999 -9999 -9999 -9999 -9999 -9999 -9999 -9999 -9999 -9999 -9999 -9999 -9999 -9999 -9999 -9999 -9999
27 26 25 26 26 27 27 25 25 24 24 25 25 26 26 26 25 25 25 25 24 25 24 25 26 25 25 25 25 25 25 25 25 25 25 25 26 26 26 25 25 26 26 26 26 27 28 28 30 30 31 31 33 31 32 32 35 35 35 35 37 38 38 38 39 41 41 40 42 44 42 41 41 44 -9999 -9999 -9999 -9999 -9999 -9999 -9999 -9999 -9999 -9999 -9999 -9999 -9999 -9999 -9999 -9999 -9999 -9999 -9999 -9999 -9999 -9999
29 29 27 27 26 27 27 26 25 25 24 24 24 25 25 25 25 25 25 25 25 25 25 25 25 25 25 25 26 25 25 25 25 25 25 25 26 26 26 25 25 26 26 26 27 27 27 27 29 30 31 35 34 32 32 32 33 35 37 38 38 38 38 39 38 40 40 41 42 45 42 42 41 42 44 -9999 -9999 -9999 -9999 -9999 -9999 -9999 -9999 -9999 -9999 -9999 -9999 -9999 -9999 -9999 -9999 -9999 -9999 -9999 -9999 -9999
29 28 28 27 26 26 26 25 25 24 24 24 24 24 25 25 25 25 26 25 25 25 25 25 25 25 25 25 26 25 25 25 25 25 25 25 25 25 25 25 26 26 26 26 27 27 27 28 28 29 29 30 32 33 31 31 31 32 33 37 38 39 38 39 40 38 39 39 42 47 44 43 41 43 43 44 44 -9999 -9999 -9999 -9999 -9999 -9999 -9999 -9999 -9999 -9999 -9999 -9999 -9999 -9999 -9999 -9999 -9999 -9999 -9999
29 27 28 27 28 27 26 25 24 24 23 23 24 25 24 25 25 25 25 25 25 25 25 25 25 25 25 25 26 25 26 26 25 25 25 25 25 25 25 25 26 26 26 27 27 28 28 28 28 28 30 32 32 32 32 31 31 33 34 34 37 38 41 40 39 39 40 40 40 43 45 47 43 42 42 44 44 -9999 -9999 -9999 -9999 -9999 -9999 -9999 -9999 -9999 -9999 -9999 -9999 -9999 -9999 -9999 -9999 -9999 -9999 -9999
27 28 28 28 28 26 25 25 24 25 24 24 25 25 25 25 25 25 26 26 25 26 25 25 25 25 25 25 26 26 26 26 25 25 26 25 25 25 26 26 26 26 26 26 27 27 28 27 27 29 28 30 32 32 34 32 32 32 33 35 36 38 39 39 40 39 40 40 42 42 46 48 44 43 42 43 -9999 -9999 -9999 -9999 -9999 -9999 -9999 -9999 -9999 -9999 -9999 -9999 -9999 -9999 -9999 -9999 -9999 -9999 -9999 -9999
28 28 28 27 28 26 24 24 24 25 25 24 25 25 24 25 25 25 25 25 26 25 25 26 26 26 26 26 26 26 26 26 25 25 26 26 25 26 26 26 26 26 26 26 27 27 28 27 28 28 30 30 32 31 33 31 31 31 33 35 36 37 37 39 39 40 41 41 43 42 42 45 45 42 42 43 -9999 -9999 -9999 -9999 -9999 -9999 -9999 -9999 -9999 -9999 -9999 -9999 -9999 -9999 -9999 -9999 -9999 -9999 -9999 -9999
28 28 28 27 27 27 26 24 25 25 25 24 25 25 24 24 25 26 25 26 26 25 25 26 25 26 26 26 26 26 26 26 27 26 26 27 26 26 26 26 26 26 27 26 27 28 29 27 27 28 30 29 30 31 31 33 33 33 34 36 36 36 37 39 38 39 40 42 44 46 44 44 44 42 43 -9999 -9999 -9999 -9999 -9999 -9999 -9999 -9999 -9999 -9999 -9999 -9999 -9999 -9999 -9999 -9999 -9999 -9999 -9999 -9999 -9999
28 28 27 28 26 27 26 25 25 24 25 25 25 25 25 25 25 26 25 25 25 25 26 25 26 26 26 26 26 26 26 26 26 26 26 26 26 26 26 27 25 27 27 27 28 27 28 30 30 29 32 30 33 32 32 36 37 38 34 39 37 35 37 37 39 39 40 41 43 45 47 46 42 42 43 -9999 -9999 -9999 -9999 -9999 -9999 -9999 -9999 -9999 -9999 -9999 -9999 -9999 -9999 -9999 -9999 -9999 -9999 -9999 -9999 -9999
26 28 27 27 27 26 25 26 26 25 26 27 25 25 25 25 25 24 24 24 24 25 25 26 26 26 26 26 27 27 26 27 26 27 27 26 26 26 26 27 27 27 28 28 28 27 28 30 31 29 34 34 37 37 34 37 38 38 38 38 39 37 35 38 38 39 41 45 45 48 47 43 43 43 42 -9999 -9999 -9999 -9999 -9999 -9999 -9999 -9999 -9999 -9999 -9999 -9999 -9999 -9999 -9999 -9999 -9999 -9999 -9999 -9999 -9999
27 27 27 26 26 26 25 25 26 27 27 26 25 24 24 24 24 25 25 25 25 24 25 26 26 26 26 26 26 26 27 26 27 27 27 26 26 26 26 27 27 28 28 29 28 28 28 28 31 31 34 37 37 33 37 38 38 38 38 39 38 39 37 36 36 38 42 44 49 49 43 42 44 42 -9999 -9999 -9999 -9999 -9999 -9999 -9999 -9999 -9999 -9999 -9999 -9999 -9999 -9999 -9999 -9999 -9999 -9999 -9999 -9999 -9999 -9999
27 27 27 26 26 25 26 25 24 26 27 26 25 25 25 24 23 25 24 24 25 25 25 25 25 26 26 26 27 27 27 27 27 28 27 27 27 26 26 27 27 27 28 28 29 28 29 29 32 31 35 37 37 37 38 38 38 38 38 38 39 41 37 36 35 39 42 47 48 49 46 42 42 44 -9999 -9999 -9999 -9999 -9999 -9999 -9999 -9999 -9999 -9999 -9999 -9999 -9999 -9999 -9999 -9999 -9999 -9999 -9999 -9999 -9999 -9999
27 27 26 26 26 25 26 25 24 25 27 27 26 27 25 24 24 24 24 24 24 24 25 25 24 26 26 26 26 26 26 27 27 27 27 27 27 27 27 28 27 27 27 28 29 29 30 29 30 31 34 35 37 37 37 37 37 38 38 37 38 37 38 37 37 40 41 44 48 49 47 46 42 42 -9999 -9999 -9999 -9999 -9999 -9999 -9999 -9999 -9999 -9999 -9999 -9999 -9999 -9999 -9999 -9999 -9999 -9999 -9999 -9999 -9999 -9999
27 28 28 27 26 25 26 25 24 23 24 26 26 26 25 25 23 23 24 24 24 24 24 24 25 25 25 26 26 26 26 26 27 27 28 28 27 27 27 28 29 28 28 28 29 29 31 31 31 31 33 35 37 37 37 38 38 38 38 39 37 35 39 38 36 40 44 44 46 48 48 48 43 43 -9999 -9999 -9999 -9999 -9999 -9999 -9999 -9999 -9999 -9999 -9999 -9999 -9999 -9999 -9999 -9999 -9999 -9999 -9999 -9999 -9999 -9999
28 27 27 27 26 25 25 24 24 23 23 24 26 26 24 25 24 23 24 24 24 24 24 24 25 25 25 25 25 25 26 27 27 27 27 27 27 27 28 27 28 28 28 29 30 30 30 31 31 32 32 33 34 36 37 38 39 38 38 39 38 38 37 39 39 41 44 47 46 48 47 48 46 43 44 -9999 -9999 -9999 -9999 -9999 -9999 -9999 -9999 -9999 -9999 -9999 -9999 -9999 -9999 -9999 -9999 -9999 -9999 -9999 -9999 -9999
28 27 27 27 27 25 25 25 24 24 23 26 26 23 24 23 24 24 24 24 24 24 24 24 24 24 25 25 25 25 26 26 27 27 27 26 27 28 28 28 28 28 28 29 30 29 30 30 31 32 35 37 35 35 36 38 38 38 38 38 38 38 37 37 39 41 41 47 47 47 49 48 46 42 43 -9999 -9999 -9999 -9999 -9999 -9999 -9999 -9999 -9999 -9999 -9999 -9999 -9999 -9999 -9999 -9999 -9999 -9999 -9999 -9999 -9999
28 27 27 27 27 26 26 26 26 25 23 24 26 24 24 23 24 23 24 24 24 24 24 24 24 24 24 24 25 25 26 27 26 27 27 27 27 28 28 28 28 28 28 29 30 30 30 31 32 33 34 37 37 35 36 37 38 38 37 38 36 37 38 36 37 41 40 42 44 45 45 47 46 42 43 -9999 -9999 -9999 -9999 -9999 -9999 -9999 -9999 -9999 -9999 -9999 -9999 -9999 -9999 -9999 -9999 -9999 -9999 -9999 -9999 -9999
27 26 27 27 27 27 26 26 26 26 25 22 22 22 24 23 23 23 23 24 24 24 24 24 24 24 25 25 25 25 26 27 27 26 27 27 27 27 28 28 28 29 29 29 30 30 31 31 33 33 34 35 35 35 36 36 37 37 38 35 35 35 36 38 38 41 44 42 43 47 45 44 46 42 42 -9999 -9999 -9999 -9999 -9999 -9999 -9999 -9999 -9999 -9999 -9999 -9999 -9999 -9999 -9999 -9999 -9999 -9999 -9999 -9999 -9999
26 26 27 27 27 27 26 27 26 26 26 23 23 22 22 23 22 22 23 23 23 24 23 23 23 24 24 25 25 26 26 26 26 27 26 27 27 28 28 28 29 29 30 29 30 30 31 32 32 34 33 33 35 35 35 35 36 37 35 35 35 35 37 39 38 39 44 46 45 48 46 45 45 41 42 -9999 -9999 -9999 -9999 -9999 -9999 -9999 -9999 -9999 -9999 -9999 -9999 -9999 -9999 -9999 -9999 -9999 -9999 -9999 -9999 -9999
26 27 27 27 26 26 26 26 26 26 25 25 25 24 24 23 22 22 22 23 23 23 23 23 24 23 24 24 25 26 26 26 26 27 27 27 27 28 28 28 29 30 30 30 30 33 34 34 33 34 32 34 35 35 35 35 35 35 34 34 35 35 36 37 39 38 42 49 49 48 47 44 44 42 42 -9999 -9999 -9999 -9999 -9999 -9999 -9999 -9999 -9999 -9999 -9999 -9999 -9999 -9999 -9999 -9999 -9999 -9999 -9999 -9999 -9999
26 27 27 27 26 27 26 25 26 25 25 25 24 24 24 24 23 23 23 23 22 22 22 23 23 24 24 24 25 25 26 26 26 27 27 28 28 28 28 29 29 30 30 30 31 33 33 33 33 32 33 33 34 35 35 35 34 34 35 35 35 37 37 37 38 41 45 47 49 48 44 44 43 41 41 -9999 -9999 -9999 -9999 -9999 -9999 -9999 -9999 -9999 -9999 -9999 -9999 -9999 -9999 -9999 -9999 -9999 -9999 -9999 -9999 -9999
26 27 27 27 26 26 26 25 24 25 25 25 25 24 24 23 24 24 23 23 22 22 23 23 23 24 23 24 25 25 25 26 26 27 27 27 28 28 29 29 30 30 30 30 32 32 32 34 35 32 32 33 34 35 35 35 35 35 35 35 35 38 36 38 37 43 45 48 49 50 44 44 44 44 42 41 -9999 -9999 -9999 -9999 -9999 -9999 -9999 -9999 -9999 -9999 -9999 -9999 -9999 -9999 -9999 -9999 -9999 -9999 -9999 -9999
27 27 27 27 26 25 25 25 24 25 25 25 25 24 24 24 24 24 23 23 23 23 23 23 23 24 24 24 25 25 25 25 26 26 26 28 28 29 30 29 30 30 31 33 33 32 33 34 33 32 31 35 35 33 35 35 36 34 35 36 36 36 41 41 38 41 44 48 48 49 46 44 44 43 41 40 -9999 -9999 -9999 -9999 -9999 -9999 -9999 -9999 -9999 -9999 -9999 -9999 -9999 -9999 -9999 -9999 -9999 -9999 -9999 -9999
26 27 27 27 26 25 25 25 25 26 25 25 24 24 24 24 24 24 24 24 24 23 23 23 24 24 25 24 24 24 25 25 25 26 27 28 29 29 30 31 30 32 34 33 33 33 34 32 33 32 34 35 34 32 32 34 33 34 35 36 36 35 38 39 39 42 44 49 48 49 47 45 45 43 41 39 -9999 -9999 -9999 -9999 -9999 -9999 -9999 -9999 -9999 -9999 -9999 -9999 -9999 -9999 -9999 -9999 -9999 -9999 -9999 -9999
26 27 27 26 26 25 25 25 25 25 25 25 24 24 24 24 24 24 24 24 24 23 23 23 24 24 24 24 24 25 25 25 25 25 26 27 29 32 32 32 31 31 32 33 33 33 33 34 34 35 34 35 33 33 34 35 34 33 35 35 35 35 35 37 41 42 46 48 47 49 47 44 42 41 41 40 -9999 -9999 -9999 -9999 -9999 -9999 -9999 -9999 -9999 -9999 -9999 -9999 -9999 -9999 -9999 -9999 -9999 -9999 -9999 -9999
26 27 26 26 26 26 25 25 25 25 25 25 24 23 24 24 24 24 24 23 24 24 24 24 24 24 24 24 24 24 25 25 25 25 26 26 28 33 36 34 34 32 32 32 31 32 33 34 34 35 35 35 35 35 34 33 33 32 33 35 35 35 34 36 40 43 45 44 47 46 44 43 41 41 39 39 -9999 -9999 -9999 -9999 -9999 -9999 -9999 -9999 -9999 -9999 -9999 -9999 -9999 -9999 -9999 -9999 -9999 -9999 -9999 -9999
27 27 26 26 26 26 26 25 25 25 25 24 24 24 24 23 24 24 24 24 24 24 24 24 24 24 24 24 23 24 24 24 24 24 25 26 26 28 35 35 31 33 31 30 32 33 33 33 34 36 36 38 36 34 32 32 34 34 34 33 33 34 35 35 37 37 40 42 44 45 44 43 41 40 40 39 -9999 -9999 -9999 -9999 -9999 -9999 -9999 -9999 -9999 -9999 -9999 -9999 -9999 -9999 -9999 -9999 -9999 -9999 -9999 -9999
