data/precipcoldq.asc
ncols        384
nrows        480
xllcorner    138.000000000000
yllcorner    -29.000000000000
cellsize     0.041666666667
NODATA_value -9999
[rows 440 to 479 of 480, columns 182 to 272 of 384]
56 59 58 57 58 57 59 62 63 61 62 67 67 68 68 66 65 64 63 64 63 64 63 64 63 64 62 61 63 63 64 63 66 65 66 65 66 66 68 69 71 70 70 72 72 74 74 74 74 76 76 73 74 76 77 77 78 80 79 79 80 81 81 81 83 82 85 85 86 88 88 90 90 89 90 92 90 88 86 87 87 87 88 88 87 87 87 87 87 88 88
54 54 57 58 58 58 58 60 61 62 61 64 69 68 68 69 67 66 63 63 63 64 63 62 63 64 61 62 62 61 63 63 63 64 66 67 67 68 67 70 70 72 72 74 73 73 75 74 73 74 74 75 75 75 76 78 79 79 79 80 79 79 80 81 82 82 85 83 84 87 89 88 88 89 90 90 90 89 87 87 87 90 90 90 87 87 88 88 88 90 88
51 54 57 56 57 59 56 58 59 59 59 62 64 68 67 67 68 66 64 63 63 65 62 64 64 63 62 60 61 61 60 62 62 63 64 66 66 69 69 69 69 72 73 71 73 73 74 73 73 73 74 74 76 77 77 78 78 79 78 78 77 78 79 78 81 83 83 83 85 87 88 88 89 91 91 90 90 89 87 89 88 89 90 89 88 88 89 90 90 89 89
52 54 56 55 58 57 56 57 58 60 59 63 61 66 67 66 67 68 63 63 63 63 64 64 63 63 63 61 60 60 59 60 62 63 64 64 67 68 68 71 71 70 74 72 73 74 74 74 75 74 74 75 75 76 76 77 76 77 76 75 77 77 77 77 80 81 80 83 84 87 87 88 89 90 91 90 91 90 90 88 88 89 89 89 89 90 90 89 90 89 89
53 53 56 57 57 61 57 56 54 58 59 61 61 63 62 63 64 66 62 64 64 62 61 62 62 62 63 62 61 61 61 62 63 64 64 67 68 70 69 70 72 74 74 73 74 75 75 76 74 74 75 73 74 75 76 74 76 75 75 75 74 75 77 78 78 81 83 83 83 85 86 87 87 90 91 92 92 91 90 87 88 88 89 88 89 90 91 91 91 89 89
54 55 56 57 56 56 58 57 57 56 58 61 62 60 62 63 62 63 63 63 60 62 63 62 61 60 60 61 61 60 60 61 62 64 65 66 69 67 69 71 70 74 74 75 74 75 76 75 75 74 73 73 74 73 74 73 73 73 74 77 76 75 77 79 80 80 81 83 84 85 86 87 87 89 91 91 91 89 90 89 88 88 90 90 89 90 90 91 92 90 89
55 57 57 57 59 59 58 58 55 57 57 57 58 59 59 60 60 61 63 64 64 62 61 62 61 62 60 60 60 60 60 61 62 63 63 66 67 69 71 71 71 74 73 74 75 76 75 75 76 74 73 72 72 72 73 72 71 72 72 74 74 75 75 77 79 79 83 83 82 84 86 88 89 89 89 88 89 88 91 89 88 88 88 90 91 90 91 90 93 91 90
57 56 56 58 60 58 57 54 52 54 57 56 58 61 62 62 60 61 61 62 63 62 62 63 63 59 59 59 60 58 59 60 62 62 63 66 68 71 71 73 73 75 74 76 76 76 74 75 74 74 73 73 72 71 72 71 73 72 72 72 72 73 74 77 77 78 81 82 81 82 83 85 87 86 87 88 89 88 88 89 88 88 89 91 91 91 91 91 92 91 90
57 56 55 58 59 60 58 56 53 55 55 61 60 61 63 61 61 62 60 62 63 59 61 61 61 60 58 59 60 57 59 60 60 61 64 65 67 69 70 72 74 77 77 79 80 78 76 75 75 74 73 72 72 70 71 72 71 71 71 72 73 74 73 75 77 79 81 82 81 82 82 84 86 86 88 87 89 88 88 88 88 88 89 90 91 92 91 90 92 92 91
56 57 54 57 58 60 59 57 56 56 56 58 60 60 61 62 63 60 59 60 59 58 60 61 60 61 60 60 60 60 59 59 61 61 65 66 67 67 69 73 75 78 79 79 79 80 77 76 74 74 73 72 71 70 70 71 71 69 70 72 70 72 73 74 75 76 79 82 82 81 83 82 84 85 87 85 87 89 89 89 89 89 88 88 91 92 91 93 93 93 93
56 58 56 59 60 60 57 57 56 56 57 58 59 62 62 61 60 60 60 60 60 60 61 61 62 60 59 59 59 58 59 58 62 63 66 67 67 67 71 72 75 76 80 80 80 80 78 77 75 76 73 72 70 69 69 68 67 68 71 73 73 73 74 73 75 77 77 80 81 79 81 81 83 85 85 86 87 87 88 88 89 89 90 90 92 91 92 93 93 94 94
55 55 58 58 60 60 59 57 57 58 58 59 60 59 59 60 60 61 58 60 61 59 58 58 60 60 59 59 59 59 56 58 59 62 65 67 66 67 70 70 74 74 79 79 80 78 78 76 75 74 75 74 69 70 70 69 68 69 68 70 70 70 72 73 73 74 76 78 78 81 82 83 83 84 84 85 87 88 89 88 89 89 89 90 92 91 92 94 94 93 92
56 58 59 61 61 60 59 59 59 58 57 57 57 59 57 58 58 59 59 60 59 58 61 59 59 59 59 58 58 58 59 61 62 64 65 67 67 68 69 70 72 75 79 77 77 77 76 74 74 75 72 73 71 69 69 70 71 71 70 71 70 69 71 74 74 74 76 77 79 82 83 81 82 84 84 85 88 87 87 89 89 88 91 90 90 92 92 93 92 93 92
57 58 60 60 62 59 59 59 60 60 58 59 59 59 59 58 58 60 59 58 60 58 60 60 60 60 59 59 59 60 61 60 63 63 66 66 69 70 71 71 73 74 76 75 75 76 75 74 74 72 71 70 70 70 69 70 70 70 71 69 69 71 70 71 72 74 78 79 80 81 83 84 85 84 85 86 86 87 88 88 89 89 89 90 90 90 90 91 91 92 91
56 59 61 62 63 62 62 61 60 61 60 60 59 59 59 59 59 58 59 59 59 59 59 59 59 60 61 61 61 60 61 60 62 65 67 68 68 69 71 71 71 73 74 74 73 74 74 73 72 72 71 70 69 69 69 69 67 67 69 68 67 70 71 69 73 75 76 77 77 79 83 84 85 83 84 84 86 88 87 87 88 89 89 88 89 88 89 90 91 91 91
57 59 59 63 62 62 62 62 59 60 60 59 60 61 60 59 59 60 60 61 61 60 60 59 62 62 62 63 61 60 61 62 63 65 67 68 69 70 71 72 72 71 73 73 72 73 73 72 73 70 72 69 69 69 68 67 68 67 64 66 68 69 70 70 70 71 73 75 77 81 82 84 84 84 84 85 86 87 87 88 87 88 88 89 88 89 88 88 89 90 90
61 64 65 65 64 62 62 62 63 60 60 60 59 61 60 60 60 61 61 62 61 59 60 61 61 61 60 61 61 60 63 62 63 65 67 68 69 70 70 71 72 72 73 73 73 72 72 71 71 71 70 69 68 66 67 66 67 68 68 64 67 67 68 69 69 73 75 77 78 80 82 82 84 83 83 85 86 86 87 87 89 89 88 88 89 88 88 88 90 90 91
66 64 66 64 64 62 63 61 62 61 60 59 59 61 60 62 62 61 60 61 61 60 60 60 62 62 61 61 61 60 62 63 62 65 66 68 69 69 71 71 71 72 73 73 73 73 71 72 70 72 69 69 68 66 65 65 66 67 63 63 64 64 66 69 70 72 76 76 78 80 82 82 83 84 84 84 86 85 86 87 88 89 89 88 89 89 90 90 90 89 91
66 65 65 63 63 62 63 63 62 62 60 59 58 59 61 62 61 61 62 62 63 63 63 62 62 62 61 60 59 60 61 64 63 64 66 67 69 69 71 70 72 73 72 72 73 72 71 71 70 70 69 68 67 65 65 64 64 65 63 63 62 61 62 65 68 72 75 76 78 80 82 82 83 85 84 84 86 86 87 87 88 89 90 90 90 90 90 91 89 92 91
63 65 65 64 65 65 63 64 63 62 60 60 60 61 62 62 62 60 63 62 62 64 63 62 62 62 62 60 61 61 62 64 64 66 67 67 69 70 70 71 72 72 72 71 72 71 71 71 71 72 70 68 67 67 64 63 62 62 65 64 58 61 64 63 68 71 73 76 78 80 82 82 84 84 85 84 85 86 88 87 89 89 88 90 91 92 92 90 90 91 92
62 60 64 65 65 65 63 62 63 64 63 62 63 63 64 62 64 63 64 63 65 64 64 64 62 61 61 60 60 61 62 63 64 65 67 68 69 71 71 71 72 72 71 71 70 71 70 71 69 68 69 67 65 66 64 62 64 63 62 65 63 63 64 65 67 74 73 76 78 80 81 82 84 84 85 85 86 86 87 88 88 89 89 90 91 90 90 91 91 91 91
62 61 61 64 64 63 63 63 63 63 64 63 62 64 62 62 64 62 64 64 65 65 65 63 62 60 59 60 60 62 62 64 64 65 67 68 69 71 70 71 72 71 72 73 73 71 72 71 71 69 69 67 67 65 65 63 61 64 61 64 66 64 66 68 71 72 74 76 79 82 81 83 84 84 85 85 86 86 86 88 89 90 90 90 92 91 90 91 91 90 92
59 61 60 62 63 63 63 63 64 63 63 63 62 63 63 62 63 63 63 64 65 66 65 63 62 61 59 59 59 61 63 63 65 66 67 68 69 71 69 72 71 73 72 73 74 73 72 71 71 70 69 69 68 68 64 63 62 62 65 65 66 67 68 70 72 74 74 77 79 81 81 83 84 84 85 85 85 86 87 88 87 89 89 90 90 91 91 91 92 91 93
61 59 60 62 62 62 62 62 62 63 63 63 63 63 63 63 64 64 63 64 65 66 66 64 61 59 59 59 59 60 62 63 64 66 67 67 68 70 72 71 71 73 74 74 74 74 74 73 71 71 71 69 68 66 63 65 65 63 63 67 67 68 68 71 73 75 77 77 80 81 82 83 85 85 85 85 87 87 88 88 88 88 88 88 90 91 90 91 92 93 94
60 60 60 60 62 62 61 63 62 62 63 62 63 61 61 63 64 63 65 64 65 66 66 64 60 57 58 59 60 61 62 62 63 65 66 67 69 70 72 72 73 74 74 76 74 74 74 74 72 71 71 69 67 65 64 64 65 64 65 67 67 70 71 73 73 75 76 78 81 83 83 84 85 86 86 87 87 87 89 88 88 88 89 89 88 89 88 90 91 92 94
59 59 60 60 60 60 61 61 61 61 61 62 63 62 63 64 63 63 64 63 65 64 62 61 60 58 57 56 59 60 62 64 64 65 66 69 69 71 72 72 73 74 75 77 75 75 75 74 73 72 71 69 67 67 66 64 64 63 65 68 71 71 73 74 75 77 78 81 81 83 84 85 85 86 87 88 87 88 87 88 88 90 89 88 88 89 89 91 93 93 95
58 57 58 60 59 59 61 60 59 60 61 62 62 63 62 63 63 63 63 63 65 66 63 61 60 58 55 57 59 60 62 62 65 67 67 69 70 71 72 73 74 76 76 76 77 77 74 75 74 72 71 70 69 68 68 67 68 68 68 70 72 73 72 75 78 80 81 82 83 82 84 84 86 87 87 88 87 88 87 89 89 89 89 89 88 89 89 90 91 93 94
58 58 58 58 60 59 60 61 59 60 60 61 62 62 62 62 63 63 64 65 63 63 64 62 61 60 57 57 59 61 62 63 66 67 68 70 70 71 72 73 75 76 77 78 77 78 76 74 73 74 73 73 71 71 70 70 70 70 71 71 73 74 75 76 78 80 81 83 85 84 84 86 86 86 88 88 89 87 88 88 89 89 90 89 88 89 88 89 90 90 92
58 58 57 57 58 58 59 60 62 60 60 62 62 62 63 63 63 65 65 65 63 63 62 63 62 60 58 59 59 62 62 65 65 67 68 69 71 71 72 75 75 77 78 78 79 77 77 77 76 75 76 74 73 72 73 72 75 75 74 74 75 75 76 77 80 82 82 84 86 85 86 86 86 87 88 89 89 89 88 88 90 89 89 89 88 87 87 88 88 91 92
56 58 56 57 56 57 58 58 60 61 60 61 63 63 64 63 63 65 68 67 64 63 62 62 61 60 58 60 62 62 63 66 66 68 69 69 71 72 74 75 75 77 79 80 81 79 78 79 78 77 79 76 75 75 75 76 76 76 77 76 76 77 77 79 81 83 82 85 84 86 86 86 87 89 89 89 89 90 90 90 90 91 90 90 90 88 89 88 90 90 93
56 57 57 58 58 57 58 58 59 60 61 61 61 63 65 65 65 64 66 65 65 65 63 64 63 63 61 61 62 63 64 66 67 68 69 70 71 73 74 75 75 76 77 77 78 78 79 78 78 79 78 76 77 77 79 80 78 78 79 80 80 79 80 80 80 82 83 84 85 86 87 87 88 89 88 89 90 90 91 91 90 90 90 90 90 89 89 90 90 92 94
56 57 57 57 57 56 57 57 58 59 59 62 63 63 64 64 66 66 67 66 67 65 65 64 64 64 64 63 63 63 65 66 67 67 70 72 72 72 74 75 76 76 77 80 79 78 78 78 77 79 79 78 80 80 81 83 82 82 80 81 80 79 81 81 81 83 83 84 85 85 87 89 88 89 90 91 91 91 91 91 91 90 90 91 91 90 89 89 92 92 94
55 58 59 58 57 57 57 56 57 59 60 63 64 64 65 67 67 67 67 67 67 68 67 67 67 66 65 66 65 66 66 66 67 68 71 72 73 73 74 76 76 78 78 78 78 79 79 78 77 80 78 79 79 80 82 83 83 83 81 82 80 81 81 83 83 84 85 85 86 86 87 89 89 89 89 91 90 91 92 91 92 91 91 90 90 91 90 90 92 94 95
55 57 60 57 57 57 57 57 57 60 60 63 64 64 66 66 67 67 68 67 68 68 68 67 68 67 67 66 68 67 67 67 69 69 71 72 73 73 74 75 76 76 77 78 78 78 78 77 78 79 78 79 80 81 81 82 83 82 82 81 81 81 82 83 83 85 84 85 86 86 87 88 89 89 90 91 91 93 93 93 92 90 91 92 91 91 90 90 93 93 93
56 58 58 59 58 58 58 57 59 60 61 63 65 67 69 68 67 67 69 69 69 69 69 68 67 68 67 66 67 68 68 69 70 71 71 73 74 75 75 76 76 77 77 78 79 78 78 77 77 79 78 78 80 80 81 81 81 82 81 81 81 82 83 82 83 84 85 85 87 86 87 89 89 88 90 91 91 92 92 92 92 91 91 91 91 91 90 91 92 93 93
56 57 58 59 59 59 59 58 60 60 61 63 65 68 69 67 67 69 67 69 68 68 69 69 68 67 69 67 68 68 70 71 72 73 72 73 75 74 75 75 77 77 76 76 77 77 78 77 79 78 79 80 80 80 80 81 81 80 83 82 83 83 83 84 84 85 85 85 87 86 86 88 89 89 90 91 93 92 92 92 92 92 92 91 90 90 91 92 93 92 92
58 60 59 60 60 59 61 60 60 62 62 63 65 67 67 67 68 69 70 69 69 70 69 70 69 70 69 69 69 69 71 72 72 72 72 74 75 76 75 76 77 78 77 77 78 76 77 77 78 78 78 78 80 79 79 80 80 81 81 82 82 84 83 83 83 86 85 86 86 86 88 88 89 88 91 91 92 93 92 93 92 92 92 90 90 91 91 91 92 91 91
59 61 61 62 61 61 63 62 63 62 64 64 66 67 69 68 69 69 70 69 71 70 71 71 70 70 71 70 70 72 72 74 72 73 73 74 74 76 76 77 77 77 78 77 77 78 78 78 78 77 79 78 78 77 79 79 80 80 80 82 81 82 83 83 83 85 85 86 86 86 88 88 88 89 90 91 92 92 92 93 92 91 92 92 89 91 90 90 91 92 92
59 60 61 61 61 61 63 64 64 65 65 67 67 69 68 70 70 71 71 71 71 71 71 71 71 70 70 70 71 71 73 75 75 74 75 75 74 75 76 76 76 77 78 78 77 77 78 78 78 78 77 77 76 77 78 78 80 80 81 81 82 81 83 83 84 84 85 85 85 87 87 88 89 89 88 90 91 92 93 93 93 93 92 91 91 91 91 90 91 92 92
60 62 63 62 63 63 65 65 65 65 66 67 68 69 70 70 71 71 71 72 71 71 72 73 72 71 72 73 71 73 73 74 75 75 76 75 75 75 77 77 77 76 76 77 77 78 79 78 77 77 77 77 77 76 78 78 79 79 81 82 82 81 83 83 84 84 85 86 86 86 87 87 88 89 89 90 91 93 92 92 92 93 93 92 92 91 91 90 90 92 93
