data/precipdryq.asc
ncols        384
nrows        480
xllcorner    138.000000000000
yllcorner    -29.000000000000
cellsize     0.041666666667
NODATA_value -9999
[rows 440 to 479 of 480, columns 273 to 363 of 384]
86 87 88 88 87 87 88 89 87 87 88 89 89 90 91 91 92 91 90 89 89 88 87 88 86 86 86 87 87 87 89 87 86 89 90 90 90 90 90 90 89 87 89 88 88 86 86 87 85 86 86 87 88 91 90 92 93 95 95 98 100 104 107 113 120 118 124 124 110 108 105 106 106 105 108 108 109 112 116 122 138 153 138 129 126 128 131 134 137 139 142
88 89 88 87 87 87 89 89 88 88 89 88 90 89 91 92 90 90 90 89 88 88 87 87 87 87 88 88 87 88 88 87 87 88 90 92 91 90 92 90 87 89 89 88 88 88 87 86 87 86 88 89 89 89 89 90 92 93 94 96 100 102 108 114 114 115 125 121 111 106 105 105 104 107 108 109 108 109 110 113 122 145 138 125 129 128 129 133 135 135 139
87 88 87 87 86 88 88 88 86 88 89 91 90 91 91 90 91 90 90 89 89 88 88 88 87 87 87 88 88 88 87 88 88 88 91 91 91 90 91 89 88 89 88 89 89 89 88 88 88 87 87 88 89 91 91 91 92 92 93 99 101 106 111 107 101 107 113 114 111 107 102 102 103 105 106 106 108 109 110 109 114 120 129 130 129 126 128 129 133 134 136
88 88 88 86 87 87 87 87 87 88 90 89 90 90 90 90 90 90 90 90 89 88 88 86 86 87 87 89 88 87 88 88 89 89 91 91 94 94 94 92 90 88 90 89 89 90 88 88 88 88 88 89 89 90 91 93 93 92 94 98 103 108 107 102 98 100 105 106 107 103 100 100 98 100 101 103 108 107 105 106 109 114 123 126 125 128 127 128 137 132 141
89 89 87 87 86 85 86 84 88 88 89 89 90 91 91 90 91 91 90 89 87 87 88 86 87 87 87 87 87 88 89 88 89 90 91 92 92 94 94 90 90 89 89 91 90 89 89 89 90 89 89 89 90 90 91 93 91 93 94 95 103 108 102 97 99 95 95 96 97 96 96 96 96 98 98 99 102 104 102 104 105 111 114 117 118 119 121 127 131 133 142
89 89 88 86 85 81 82 86 88 88 89 90 91 91 91 91 91 91 90 88 88 87 86 87 86 86 87 87 88 88 88 90 92 91 90 93 93 93 92 92 91 89 90 89 90 90 90 90 88 89 89 91 91 91 92 94 95 94 94 98 104 110 110 97 96 93 92 93 94 95 94 95 94 97 97 100 101 100 103 105 105 106 110 115 116 123 126 125 131 135 140
88 89 88 87 86 85 86 87 87 89 89 89 92 90 91 90 90 90 89 87 88 86 87 87 88 87 87 87 86 88 88 90 90 91 93 93 94 97 94 92 91 90 90 90 90 89 91 91 91 90 89 89 90 93 92 94 97 95 95 100 102 111 108 98 99 93 90 92 95 96 97 97 97 97 96 101 101 102 101 101 103 107 111 112 116 116 120 125 131 136 143
89 90 89 89 88 87 88 89 90 91 90 90 91 90 90 91 90 90 88 87 87 87 86 86 87 86 87 87 87 88 87 88 89 92 90 94 95 100 96 94 95 92 91 90 90 89 90 90 91 90 90 90 92 94 95 95 95 94 95 97 102 103 102 96 96 96 94 92 94 96 95 98 99 99 98 98 97 97 98 100 102 104 107 113 114 115 118 124 130 134 140
91 89 89 89 88 87 89 89 91 89 90 92 91 91 91 92 93 92 89 86 85 86 85 86 87 87 87 88 89 88 88 89 88 90 92 94 95 95 94 93 94 95 92 89 91 90 93 91 91 90 90 90 91 93 95 96 95 93 94 94 94 98 104 102 100 102 95 95 94 98 102 99 102 100 98 95 94 98 99 99 100 104 106 110 113 115 118 123 127 131 137
91 90 90 89 88 88 89 89 90 91 91 90 90 90 91 91 92 93 91 87 85 87 87 86 87 87 87 88 88 89 90 90 89 91 93 96 96 95 94 93 93 92 93 92 93 92 92 91 90 89 89 90 91 92 95 95 95 93 92 94 95 97 102 100 98 98 100 100 96 103 105 101 104 102 97 93 93 95 96 96 101 105 107 109 113 113 115 122 124 130 135
92 92 91 89 89 89 89 90 90 90 90 90 91 90 92 92 93 94 91 90 89 88 88 87 87 88 88 89 89 90 90 90 91 92 94 96 97 93 93 93 94 94 95 95 94 92 92 91 90 89 89 90 90 93 92 93 94 92 93 93 93 94 99 99 96 99 99 99 99 105 106 104 104 101 100 93 96 95 96 98 99 104 109 109 111 110 112 118 122 127 136
91 91 90 89 90 89 89 88 89 89 89 91 91 92 89 92 93 94 92 91 90 89 88 89 87 88 89 89 90 90 90 90 91 93 95 95 96 97 95 95 95 94 95 95 94 93 93 92 90 90 89 90 90 91 91 92 92 92 93 94 93 91 90 91 98 98 102 96 106 106 109 104 106 104 101 96 97 96 97 98 99 102 111 106 108 107 113 117 122 129 137
91 90 90 89 88 90 91 88 88 90 90 92 90 92 92 93 94 94 94 89 90 89 89 89 88 87 89 90 90 91 91 91 91 92 94 95 97 98 95 94 96 95 96 97 95 95 94 92 90 91 90 90 90 90 92 92 93 93 93 92 91 90 89 91 93 98 101 99 100 108 114 105 105 105 104 100 97 97 97 98 99 100 103 103 103 108 112 117 125 127 135
90 90 90 91 89 90 88 89 89 89 91 90 92 93 93 93 93 93 93 91 91 89 90 88 89 89 89 89 91 91 91 92 93 94 95 97 99 98 96 96 97 96 96 97 97 95 95 95 93 91 90 90 90 91 92 92 93 93 93 93 91 90 91 94 99 97 102 104 105 108 124 119 105 104 104 103 102 101 99 100 100 104 105 104 102 106 112 119 124 128 139
90 89 89 90 89 91 90 89 91 89 91 91 91 93 93 94 95 93 93 92 90 90 90 89 90 90 90 90 90 91 93 93 93 94 95 97 96 98 98 98 97 97 97 97 97 96 96 96 95 93 92 90 90 92 94 93 93 94 92 93 92 90 92 94 96 99 101 106 108 119 117 127 109 104 105 101 101 100 100 101 99 100 102 102 105 108 111 121 126 129 140
90 91 90 91 90 90 90 90 90 88 90 91 92 92 94 94 94 93 94 92 92 92 92 90 91 91 91 91 92 93 93 93 94 95 96 98 97 98 98 100 98 98 96 98 97 97 96 97 96 95 93 92 91 94 96 95 96 94 93 93 92 93 94 94 95 98 103 107 117 115 121 133 122 104 102 104 103 105 102 98 99 108 105 106 106 104 110 115 122 129 137
92 91 90 92 90 89 90 89 87 89 89 91 93 91 93 94 95 93 93 92 93 92 92 91 91 92 91 93 92 93 92 93 94 96 98 99 98 100 100 101 100 100 98 97 99 97 96 98 99 96 94 94 94 96 97 95 95 94 94 94 93 95 95 94 93 95 97 103 104 105 113 129 124 106 104 104 104 108 101 100 104 110 106 113 106 104 110 114 122 133 147
91 91 91 91 91 89 90 89 88 90 91 92 91 93 93 93 93 95 94 94 94 93 91 92 92 92 91 93 93 92 92 92 94 96 99 102 102 102 100 100 101 99 99 97 97 97 96 98 98 97 97 94 95 94 97 95 98 95 94 94 94 93 94 94 94 97 97 99 98 102 110 117 129 110 106 107 107 102 103 104 106 106 106 106 105 104 116 118 120 141 158
91 92 92 92 91 91 90 90 90 89 89 91 92 91 92 92 93 95 94 94 95 92 93 91 93 92 92 93 93 93 93 93 93 97 100 102 105 104 103 102 102 99 98 98 97 97 98 97 98 98 97 97 95 94 95 96 97 96 95 94 95 95 96 94 94 95 99 105 114 113 121 133 135 115 108 108 113 105 105 110 108 105 103 103 104 105 115 118 123 141 155
94 93 93 93 91 90 88 89 88 89 88 89 92 91 93 92 94 94 94 94 94 94 92 94 92 91 92 92 94 94 94 95 97 99 102 104 102 105 103 104 104 100 98 98 97 98 97 99 100 99 100 99 96 96 97 98 98 98 97 96 96 96 95 95 96 96 97 100 111 116 120 128 134 138 111 111 111 107 111 109 106 107 109 107 105 107 111 124 137 165 172
94 94 94 92 89 90 88 86 84 86 87 89 90 91 92 93 94 94 96 94 94 93 94 93 93 92 93 93 93 94 96 96 98 102 104 104 102 101 101 105 103 101 99 98 98 99 98 100 100 100 101 101 100 99 99 99 98 98 98 97 97 96 95 95 97 98 97 100 101 109 130 128 139 140 135 121 118 119 114 111 113 102 110 109 107 109 114 128 145 179 189
92 92 92 91 91 89 87 84 84 85 88 87 90 90 91 93 93 94 94 95 93 92 94 93 94 92 92 92 93 95 97 97 99 103 102 101 99 98 101 105 104 101 99 98 97 97 98 99 100 100 103 103 102 102 103 101 99 99 99 99 98 99 98 96 95 96 97 100 100 110 126 143 148 155 152 131 128 127 135 125 119 103 106 109 112 118 120 126 142 175 199
92 92 90 92 91 89 89 84 83 87 86 89 90 90 92 91 92 94 94 94 93 94 94 94 93 93 94 94 94 96 98 97 101 104 103 103 103 102 104 106 103 100 98 97 98 97 98 99 99 102 102 103 104 105 105 103 102 102 102 98 98 97 98 97 97 98 101 100 103 116 131 141 150 145 144 144 132 153 156 150 119 118 115 116 116 129 129 138 154 172 199
92 92 91 92 91 89 88 87 86 86 88 90 90 90 92 93 93 94 94 94 94 95 95 94 93 93 93 95 96 96 97 99 102 103 106 104 105 103 106 106 103 99 97 96 98 97 96 97 98 101 101 101 103 104 106 108 108 105 101 99 98 99 100 99 99 99 101 103 106 113 126 135 149 144 142 151 143 147 153 151 132 124 130 143 140 140 143 158 177 188 189
94 93 92 91 91 90 89 89 87 88 89 88 89 90 92 92 93 95 95 94 94 95 94 93 94 93 93 94 95 97 98 100 102 104 105 105 107 105 106 105 102 99 97 96 98 97 98 98 100 101 103 101 104 108 109 110 109 107 107 103 101 102 105 102 102 102 103 105 110 114 124 139 145 132 137 141 136 133 135 133 139 142 142 141 148 154 149 163 184 191 156
95 94 93 92 93 93 91 91 90 90 89 90 90 91 92 93 92 95 97 96 94 94 95 94 94 94 94 95 96 98 99 100 103 103 105 105 107 105 105 104 101 99 97 98 98 98 98 100 101 103 104 104 106 108 111 113 110 109 108 106 109 113 113 109 112 105 106 108 110 120 126 138 133 125 143 137 131 132 136 133 127 142 139 137 141 148 140 162 180 193 159
95 95 94 95 93 92 93 92 93 90 89 89 90 91 92 94 94 96 97 97 97 97 96 95 95 94 94 95 96 99 99 101 103 104 106 106 106 107 104 103 101 101 100 99 98 101 101 101 104 104 106 107 109 110 114 113 110 110 109 109 112 119 120 115 118 113 109 111 114 117 118 119 121 137 140 129 129 133 133 138 136 137 134 138 139 138 140 143 156 178 177
95 95 97 97 95 93 93 93 92 91 92 91 91 92 94 95 97 97 98 98 99 99 99 96 96 94 94 95 95 97 100 101 103 104 106 108 108 106 104 103 102 102 102 103 103 101 104 106 106 109 110 112 111 115 115 112 112 110 113 120 121 126 123 122 132 128 117 112 113 114 114 119 132 128 125 126 125 130 140 144 149 147 140 136 134 134 136 141 146 165 179
94 97 97 98 97 96 96 94 94 93 93 94 93 94 95 95 97 99 99 99 99 101 101 100 98 98 95 97 98 99 99 103 102 103 104 105 107 107 106 105 105 105 103 103 103 105 105 107 109 110 113 114 117 117 117 115 116 116 123 135 136 131 130 129 131 123 115 113 113 112 115 126 120 117 119 121 124 131 130 130 134 137 138 135 131 130 129 132 141 149 154
95 97 98 98 96 96 95 96 95 95 96 96 96 96 96 98 97 98 100 100 102 103 103 101 101 101 99 100 98 100 101 102 103 102 104 106 106 109 107 106 106 106 106 106 106 107 109 110 113 114 116 118 120 123 118 119 120 125 135 136 133 130 129 126 123 120 116 114 108 112 117 121 118 117 122 128 119 120 124 124 133 127 132 129 127 125 122 127 145 148 148
94 97 97 97 96 96 97 98 97 98 98 96 96 98 99 99 100 100 101 102 103 105 105 105 105 103 103 102 101 101 101 101 103 102 104 106 107 108 107 105 106 106 106 109 109 109 112 113 115 117 123 122 121 121 122 124 126 129 136 131 126 130 127 125 125 125 128 120 112 111 114 117 117 115 125 123 116 115 119 133 130 121 120 121 119 124 121 126 141 136 146
94 94 96 95 93 94 97 98 98 98 98 99 98 99 99 101 101 102 103 105 105 106 105 105 107 107 104 104 103 103 103 102 103 103 103 106 108 107 107 106 107 108 108 108 111 113 116 118 119 120 122 123 122 120 121 122 123 125 131 126 124 123 126 131 131 130 132 130 115 112 115 116 114 120 126 127 113 112 118 126 128 120 117 117 114 120 118 125 139 137 140
93 94 94 94 93 94 95 99 98 97 98 97 99 101 100 102 103 104 105 106 106 107 106 106 107 108 106 106 105 104 102 102 104 105 106 105 105 105 105 106 107 107 109 109 112 114 117 122 125 123 123 124 121 122 122 123 124 129 133 130 123 125 124 131 137 134 127 119 113 115 121 114 114 114 122 117 111 113 118 123 130 123 114 115 110 115 115 120 131 140 134
92 93 93 90 92 93 96 99 100 98 99 100 99 99 100 103 103 105 106 107 109 108 108 108 107 109 106 107 105 105 103 103 103 106 106 107 104 104 105 106 107 109 111 111 115 116 120 125 126 124 124 122 122 122 122 123 124 131 133 127 124 132 131 133 138 136 125 115 119 124 128 118 112 113 114 110 112 110 113 118 123 123 118 113 112 112 113 118 122 130 133
92 90 92 91 91 91 98 98 99 99 99 99 100 100 102 103 104 105 107 108 109 111 110 109 109 108 107 107 106 104 105 103 104 104 106 107 106 105 106 106 107 111 111 111 116 119 122 126 126 125 124 123 123 124 127 123 123 122 125 124 132 140 137 136 139 137 127 122 121 128 123 116 118 119 110 107 109 107 113 120 131 124 116 112 110 110 112 118 123 125 131
91 89 91 92 92 93 95 98 99 99 100 100 101 101 101 103 104 105 106 108 109 111 112 111 110 109 108 108 107 106 106 104 104 106 107 109 107 107 107 107 107 108 110 114 118 122 122 126 126 126 124 125 123 128 127 124 128 125 124 124 129 137 143 143 140 142 138 134 123 128 119 121 116 113 106 104 105 106 109 112 127 114 112 111 109 110 111 116 119 125 130
91 91 91 90 90 91 94 97 98 100 100 100 100 101 103 103 105 105 106 108 109 111 112 112 110 110 109 108 108 106 107 107 105 104 107 111 109 109 109 109 108 109 110 114 118 119 119 123 127 127 127 125 125 129 125 129 140 129 128 126 132 141 145 148 146 140 143 142 127 124 123 124 121 118 109 103 104 104 106 107 111 108 111 112 110 111 112 115 118 121 127
90 90 90 90 91 92 94 97 98 99 101 101 102 102 103 104 104 106 107 108 109 110 110 111 111 110 110 110 109 108 107 107 107 103 108 113 110 110 111 111 111 113 112 112 114 115 119 125 127 127 128 126 125 126 131 139 141 134 141 142 132 133 148 154 147 142 150 147 130 127 129 125 121 115 107 102 101 102 103 104 108 113 114 113 110 110 111 115 118 122 125
90 91 91 90 90 91 92 95 96 99 101 102 102 103 103 105 105 105 106 107 109 110 112 111 112 111 111 112 112 109 109 109 108 107 107 111 115 115 115 113 115 118 116 116 115 117 121 126 127 126 127 126 124 126 127 133 137 145 152 141 133 131 141 149 148 148 150 137 126 128 135 126 122 117 107 105 100 102 101 101 105 111 110 110 110 110 112 115 118 122 126
88 88 88 87 89 91 94 96 98 100 101 101 102 102 104 105 106 107 108 108 110 111 112 112 113 114 114 114 116 113 112 112 112 112 110 112 117 119 119 118 119 123 123 120 119 117 119 125 127 125 124 122 124 127 126 127 130 142 150 138 129 129 132 134 136 135 132 132 131 132 127 126 124 121 111 104 98 100 101 99 102 104 106 107 109 110 112 115 118 121 127
