data/precipwetm.asc
ncols        384
nrows        480
xllcorner    138.000000000000
yllcorner    -29.000000000000
cellsize     0.041666666667
NODATA_value -9999
[rows 342 to 379 of 480, columns 255 to 339 of 384]
99 105 104 102 99 100 101 99 103 105 101 103 102 101 101 105 105 101 99 101 107 106 110 108 108 111 119 116 120 120 124 124 128 125 128 125 127 144 136 146 149 142 136 147 146 157 166 174 173 180 161 138 146 -9999 214 -9999 -9999 -9999 -9999 -9999 -9999 -9999 -9999 -9999 -9999 -9999 -9999 -9999 -9999 -9999 -9999 -9999 -9999 -9999 -9999 -9999 -9999 -9999 -9999 -9999 -9999 -9999 -9999 -9999 -9999
100 101 102 104 100 98 97 97 106 103 112 102 102 100 102 103 102 101 104 100 106 106 113 109 109 112 114 114 126 125 120 123 119 120 125 122 127 135 138 137 137 142 146 145 149 149 156 157 168 171 157 147 161 -9999 -9999 -9999 -9999 -9999 -9999 -9999 -9999 -9999 -9999 -9999 -9999 -9999 -9999 -9999 -9999 -9999 -9999 -9999 -9999 197 197 -9999 -9999 -9999 -9999 -9999 -9999 -9999 -9999 -9999 -9999
96 101 97 100 98 99 100 96 98 96 104 102 100 98 97 103 102 101 98 101 103 107 107 105 110 109 112 114 112 117 115 113 116 125 128 128 127 128 137 140 143 145 149 148 147 170 159 157 169 174 157 157 149 -9999 -9999 234 -9999 -9999 -9999 -9999 -9999 -9999 -9999 -9999 -9999 -9999 -9999 -9999 -9999 -9999 -9999 -9999 -9999 -9999 -9999 -9999 -9999 -9999 -9999 -9999 -9999 -9999 -9999 -9999 -9999
98 98 97 100 100 102 101 101 101 99 99 102 100 98 101 104 103 103 104 104 105 100 104 107 110 110 110 120 111 103 107 110 117 118 119 116 122 127 131 136 145 143 145 147 160 203 150 164 179 159 173 158 150 -9999 -9999 -9999 -9999 -9999 -9999 -9999 511 -9999 -9999 -9999 -9999 -9999 -9999 -9999 -9999 -9999 -9999 -9999 -9999 -9999 -9999 -9999 -9999 -9999 -9999 -9999 -9999 -9999 -9999 -9999 -9999
93 94 106 102 97 109 101 100 101 102 102 102 99 99 102 103 104 103 115 113 130 114 104 104 106 113 109 112 111 110 108 110 113 112 115 117 127 123 129 133 139 138 141 140 146 149 152 153 186 180 160 171 170 130 -9999 -9999 -9999 170 174 -9999 -9999 -9999 -9999 -9999 -9999 -9999 -9999 -9999 -9999 -9999 -9999 -9999 -9999 -9999 -9999 -9999 -9999 -9999 -9999 -9999 -9999 -9999 -9999 -9999 -9999
97 99 96 94 95 101 104 100 100 100 99 101 100 99 105 103 103 102 107 104 119 107 105 105 105 113 109 108 112 108 110 110 111 111 109 116 125 124 128 125 118 130 136 144 145 144 146 150 144 160 162 152 160 152 -9999 -9999 160 152 154 171 176 -9999 138 -9999 -9999 -9999 -9999 -9999 -9999 -9999 -9999 -9999 -9999 -9999 -9999 -9999 -9999 -9999 -9999 -9999 -9999 -9999 -9999 223 -9999
99 98 98 99 97 98 101 100 97 97 98 101 103 112 117 105 104 101 102 105 116 106 114 118 107 168 109 108 110 105 104 108 104 110 120 126 115 113 124 132 125 124 135 129 135 139 151 152 146 140 153 141 142 144 169 -9999 152 156 161 165 149 151 144 -9999 -9999 -9999 -9999 -9999 -9999 -9999 -9999 -9999 -9999 -9999 228 -9999 -9999 -9999 -9999 -9999 -9999 -9999 -9999 -9999 -9999
100 101 99 104 100 99 100 100 96 98 101 102 100 111 102 101 104 103 103 105 113 111 117 137 124 107 107 110 105 103 103 106 107 114 107 119 116 121 122 128 126 133 131 130 136 144 140 129 128 127 145 136 130 148 136 139 152 153 171 166 151 150 143 -9999 -9999 -9999 -9999 -9999 -9999 -9999 -9999 -9999 -9999 -9999 -9999 -9999 -9999 -9999 -9999 -9999 -9999 -9999 -9999 -9999 -9999
99 99 98 103 102 101 103 98 104 101 97 101 98 101 108 100 102 103 103 106 112 105 109 113 119 104 105 107 102 106 104 110 113 107 110 110 113 123 126 126 122 129 126 124 133 139 139 134 133 126 123 142 123 141 136 147 136 145 157 171 173 154 142 -9999 -9999 -9999 -9999 -9999 -9999 -9999 -9999 -9999 -9999 -9999 -9999 -9999 -9999 -9999 -9999 -9999 -9999 -9999 -9999 -9999 -9999
101 101 103 102 104 102 103 100 103 98 100 100 104 104 101 103 104 102 101 105 103 102 115 116 110 130 210 131 107 101 102 101 109 108 110 113 120 111 120 121 126 127 129 131 135 142 143 143 148 143 141 132 129 131 150 159 159 156 152 158 163 154 143 151 -9999 -9999 -9999 -9999 -9999 -9999 -9999 -9999 -9999 -9999 -9999 -9999 -9999 -9999 -9999 -9999 -9999 -9999 -9999 -9999 -9999
100 97 102 101 99 104 103 99 99 100 106 96 101 105 102 104 107 108 103 98 99 103 118 127 111 114 121 122 110 113 105 105 111 107 108 114 111 109 119 123 124 124 129 127 127 138 140 145 144 152 155 155 153 159 158 152 155 161 157 164 162 169 163 143 -9999 -9999 -9999 -9999 -9999 -9999 -9999 -9999 -9999 -9999 -9999 -9999 -9999 -9999 -9999 -9999 -9999 -9999 -9999 -9999 -9999
97 98 100 102 96 97 103 97 99 102 99 97 101 117 105 102 99 99 102 99 98 108 108 101 106 112 130 103 104 114 108 104 108 107 105 109 114 117 118 124 126 131 123 124 119 136 141 144 146 147 146 147 152 151 158 153 151 148 160 158 152 175 172 166 160 -9999 -9999 -9999 -9999 -9999 -9999 -9999 -9999 -9999 -9999 -9999 -9999 -9999 -9999 -9999 -9999 -9999 -9999 -9999 -9999
95 97 99 100 99 100 103 97 99 101 101 100 100 104 104 101 100 103 96 98 99 107 109 103 106 105 99 103 105 110 136 105 102 102 112 113 112 114 124 116 122 133 131 129 124 125 132 144 147 143 147 144 144 152 159 155 157 165 158 152 159 151 150 141 169 178 -9999 -9999 -9999 -9999 -9999 -9999 -9999 -9999 -9999 -9999 -9999 -9999 -9999 -9999 -9999 -9999 -9999 -9999 -9999
100 96 96 98 99 101 100 94 98 102 100 100 99 100 107 93 97 100 97 101 102 105 102 104 105 104 100 100 104 109 139 122 120 111 107 109 115 117 115 115 122 122 123 131 135 129 130 137 138 142 145 143 141 144 150 151 158 154 153 154 153 150 158 170 156 150 -9999 -9999 -9999 -9999 -9999 -9999 -9999 -9999 -9999 -9999 -9999 -9999 -9999 -9999 -9999 -9999 -9999 -9999 -9999
98 95 99 99 99 96 97 97 101 101 100 97 97 97 96 99 97 99 113 103 96 98 99 100 104 104 102 103 103 105 112 111 120 119 113 110 114 113 116 115 113 121 119 120 134 128 120 132 127 132 133 137 143 143 135 155 155 159 157 149 161 154 137 162 155 152 149 -9999 -9999 -9999 -9999 -9999 -9999 -9999 -9999 -9999 -9999 -9999 -9999 -9999 -9999 -9999 -9999 -9999 -9999
104 99 99 99 97 97 96 99 98 100 97 95 95 100 104 100 99 103 100 105 101 100 102 103 103 104 102 103 107 107 108 107 108 109 109 104 112 114 119 122 120 116 114 115 123 123 126 133 129 136 131 134 136 139 139 147 150 157 154 158 164 162 162 151 154 145 158 -9999 -9999 -9999 -9999 -9999 -9999 -9999 -9999 -9999 -9999 -9999 -9999 -9999 -9999 -9999 -9999 -9999 -9999
101 98 100 99 100 96 97 99 98 100 99 99 100 100 104 103 101 97 104 116 117 105 102 110 112 100 102 103 112 105 105 106 106 106 112 109 112 111 117 128 118 116 117 120 119 127 126 126 117 128 135 142 142 139 149 148 140 144 148 155 160 156 165 154 160 159 155 -9999 -9999 -9999 -9999 -9999 -9999 -9999 -9999 -9999 -9999 -9999 -9999 -9999 -9999 -9999 -9999 -9999 -9999
99 101 102 99 100 98 101 101 101 99 100 102 100 98 102 98 100 101 103 116 116 115 114 112 110 108 99 102 102 105 104 105 108 104 102 108 104 103 106 115 122 120 117 109 109 109 121 120 114 130 136 135 146 139 137 152 148 146 151 150 152 153 157 155 162 168 151 154 160 -9999 -9999 185 165 156 -9999 -9999 -9999 -9999 -9999 -9999 -9999 -9999 -9999 -9999 -9999
99 99 99 100 100 100 102 100 98 100 99 100 100 101 106 110 110 102 106 110 112 110 109 115 103 103 102 105 103 103 106 104 104 107 102 104 103 104 106 104 108 107 105 103 106 105 112 124 118 137 127 131 134 139 145 143 142 142 153 151 148 146 157 158 163 155 162 159 152 150 160 190 169 154 170 200 -9999 -9999 -9999 -9999 -9999 -9999 -9999 -9999 -9999
100 100 99 100 100 100 99 99 99 98 101 98 99 100 107 115 112 99 100 101 111 104 111 112 109 106 99 101 102 100 102 107 108 103 105 102 102 101 105 102 110 105 102 103 102 98 104 122 118 134 132 133 131 129 131 134 136 147 155 152 154 148 148 147 155 156 163 165 158 153 180 181 166 164 158 161 -9999 -9999 -9999 -9999 -9999 -9999 -9999 -9999 -9999
98 100 100 99 98 99 99 99 103 98 97 100 100 100 107 112 104 109 114 109 109 101 113 106 111 106 100 101 101 101 102 101 100 100 103 101 101 101 100 100 118 109 102 100 100 117 124 118 118 129 135 130 120 122 129 134 139 146 149 149 159 152 155 151 170 155 165 180 166 168 171 179 179 184 164 156 -9999 -9999 -9999 -9999 -9999 -9999 -9999 -9999 -9999
97 104 98 98 98 99 97 98 102 99 99 99 100 98 104 108 104 102 101 105 102 106 101 107 103 101 101 105 104 101 101 101 102 101 101 101 108 106 101 105 111 119 103 110 104 103 124 107 125 104 123 119 129 122 125 135 138 138 150 149 152 137 150 155 151 161 151 161 164 170 176 173 174 183 173 167 162 -9999 166 -9999 -9999 -9999 -9999 -9999 -9999
102 102 100 102 101 100 100 99 99 98 98 100 101 97 97 105 107 99 98 105 109 109 111 108 108 102 103 101 101 104 104 104 102 99 101 102 107 100 99 99 102 114 104 126 110 118 113 127 127 128 118 110 121 136 121 128 144 146 142 146 139 146 155 161 155 167 172 174 168 183 168 171 164 174 180 171 181 166 158 -9999 -9999 -9999 -9999 -9999 -9999
104 99 100 100 101 101 99 97 97 97 96 99 97 99 100 98 106 108 104 105 104 107 109 99 104 102 100 100 103 102 101 107 102 101 99 99 100 99 109 106 100 103 130 103 105 112 108 121 121 114 107 101 112 110 131 138 145 139 144 147 150 146 160 153 152 154 157 149 154 173 172 165 172 187 167 172 175 191 166 148 -9999 -9999 -9999 -9999 -9999
102 101 98 100 99 98 101 97 103 96 94 96 98 106 98 101 107 107 98 97 102 99 101 101 102 105 100 99 98 104 103 101 99 98 98 99 97 100 108 103 100 98 100 99 94 102 109 103 111 114 124 112 101 100 111 134 140 139 145 146 152 161 152 145 147 148 165 162 164 160 170 163 158 178 170 172 164 177 170 145 -9999 -9999 -9999 -9999 -9999
101 100 98 98 101 99 101 103 98 102 97 98 104 100 103 109 107 107 103 106 99 96 98 97 100 101 104 96 97 100 99 99 98 99 99 98 96 96 96 95 97 98 95 108 101 107 102 107 113 108 126 129 103 102 104 126 130 140 146 142 148 144 147 155 149 150 150 165 159 173 177 167 171 163 174 160 165 171 179 147 134 -9999 -9999 -9999 -9999
101 100 99 101 100 100 100 101 100 104 96 97 103 107 104 103 104 111 103 100 98 97 98 98 97 100 102 98 98 99 99 97 98 98 99 99 98 97 96 95 98 96 95 96 105 115 97 101 114 102 119 127 112 104 121 132 131 136 138 149 148 147 143 145 159 151 158 154 146 159 175 168 166 172 162 167 163 179 173 156 145 -9999 -9999 -9999 -9999
100 99 102 102 97 100 107 101 99 97 98 97 103 105 106 99 99 99 99 99 99 98 100 99 99 98 98 97 97 98 98 97 98 98 97 97 97 96 98 95 96 97 96 96 100 99 102 97 99 100 111 122 121 107 122 130 131 137 144 135 133 146 153 147 154 157 156 164 155 167 174 175 168 165 170 164 172 178 177 169 141 -9999 -9999 -9999 -9999
99 100 99 99 98 99 97 100 100 107 102 98 98 100 101 98 99 100 99 99 99 98 98 98 98 98 97 98 101 96 98 97 96 97 96 97 96 94 99 98 95 95 100 98 103 111 100 95 98 98 110 107 122 113 119 123 122 134 133 138 142 143 140 139 155 158 143 159 155 160 161 165 162 166 166 174 173 169 178 174 149 148 -9999 -9999 -9999
100 98 99 97 101 99 97 98 99 101 102 101 96 98 98 98 98 97 97 98 97 116 97 97 99 100 97 96 96 97 97 96 95 96 97 96 96 94 95 96 99 101 98 102 96 104 103 92 100 111 122 114 118 121 114 120 124 132 130 130 136 142 146 144 147 152 148 158 156 155 165 158 154 167 153 164 166 168 171 163 162 140 -9999 -9999 -9999
126 102 99 100 100 100 97 97 98 98 100 102 98 98 98 97 96 96 97 98 97 116 101 97 97 97 97 96 97 96 96 96 95 95 94 97 95 94 94 95 97 103 94 94 101 98 95 99 104 100 100 108 110 124 120 108 121 130 121 122 133 133 146 152 145 147 143 161 149 158 154 158 162 162 158 157 166 162 176 172 169 161 152 -9999 -9999
96 95 99 98 102 97 99 97 98 101 98 97 97 98 98 98 97 98 97 98 99 98 98 96 98 96 97 96 96 97 96 95 95 94 95 94 93 95 92 95 105 101 103 104 106 98 96 94 103 100 97 99 117 111 123 122 122 128 121 128 132 144 147 145 149 143 162 166 167 154 146 153 155 156 152 157 165 168 170 168 170 167 160 159 -9999
102 112 109 98 98 96 98 100 98 102 102 96 99 98 98 98 100 98 97 96 98 98 97 97 96 96 96 96 97 96 95 96 95 96 95 94 94 93 95 97 95 100 99 100 105 100 99 103 107 102 104 103 99 107 108 122 126 129 126 131 125 132 132 135 141 143 150 139 146 141 160 150 156 158 166 156 159 166 161 168 170 171 159 159 163
98 112 94 94 99 99 98 102 109 104 97 97 99 97 97 97 96 97 98 97 96 96 97 96 96 96 97 96 96 95 95 95 95 94 95 93 93 93 95 92 99 97 99 95 94 96 104 105 108 107 104 102 109 103 107 119 120 124 126 124 131 128 132 138 138 153 148 150 162 142 145 149 150 158 146 163 154 158 154 165 166 171 166 170 164
102 99 95 96 96 95 95 100 107 102 95 100 104 98 98 98 95 96 103 96 95 96 94 95 96 95 96 96 95 95 94 95 94 94 94 93 93 94 93 98 102 97 98 95 91 94 99 107 106 104 101 100 99 112 105 104 116 120 121 115 126 137 136 133 139 143 142 139 154 147 148 156 153 156 147 161 157 159 160 169 165 169 164 170 165
105 100 96 93 99 96 96 96 106 105 96 96 102 99 102 100 99 103 95 96 95 95 96 96 98 96 97 95 96 96 95 95 94 94 94 92 94 93 94 97 99 98 99 97 97 99 95 99 100 93 93 95 99 112 112 100 104 118 113 108 123 129 130 132 137 133 134 135 136 143 153 150 156 154 153 161 155 156 160 170 159 161 159 167 165
105 99 102 92 97 98 98 96 105 105 105 102 107 100 101 98 96 97 96 96 96 97 97 97 96 95 97 97 96 95 96 95 94 93 93 92 95 93 93 92 96 101 96 99 94 96 98 105 97 92 97 96 95 96 113 104 115 119 123 120 123 122 125 127 130 128 131 133 138 140 152 149 157 151 146 145 148 145 161 159 155 159 155 159 160
105 104 100 95 97 95 97 98 106 105 94 104 104 103 104 97 97 95 96 96 96 96 97 97 97 98 96 96 98 94 96 95 94 93 93 93 93 93 93 93 92 93 96 91 98 94 97 106 94 91 91 97 96 100 104 112 117 116 116 115 117 121 125 129 126 126 131 130 136 147 147 142 152 153 154 149 152 156 157 161 155 158 157 163 163
