data/precipdryq.asc
ncols        384
nrows        480
xllcorner    138.000000000000
yllcorner    -29.000000000000
cellsize     0.041666666667
NODATA_value -9999
[rows 440 to 479 of 480, columns 91 to 181 of 384]
30 30 31 31 30 31 31 31 30 31 31 30 30 32 32 33 33 33 33 34 34 34 34 35 34 34 34 35 35 35 35 35 36 37 38 38 39 39 39 40 40 41 41 41 41 42 41 42 42 43 41 42 43 41 41 41 42 43 42 43 42 41 42 43 43 46 49 50 48 50 52 52 51 52 54 53 53 53 54 54 54 53 52 49 48 52 48 49 49 51 52
32 32 32 31 31 30 31 31 31 31 32 31 32 32 33 33 33 33 33 34 34 34 34 34 35 34 34 36 36 35 35 35 37 37 37 38 38 39 40 40 40 41 42 41 41 41 43 43 41 41 41 41 42 42 43 42 42 41 41 41 42 41 42 43 44 47 48 48 50 49 49 51 51 50 51 52 52 54 55 54 53 52 54 48 45 47 48 53 53 50 52
32 32 32 32 31 30 32 32 32 31 31 31 33 33 33 33 33 33 33 33 34 34 34 34 34 36 35 35 35 35 36 36 36 36 37 38 38 40 40 40 40 41 42 41 41 41 41 42 42 43 42 41 41 41 42 43 41 41 42 40 41 41 41 43 45 46 48 50 50 50 51 51 51 51 51 51 51 52 51 53 52 51 51 52 47 45 49 53 52 51 50
33 32 32 31 31 32 32 32 31 31 31 32 33 34 33 33 33 33 33 33 34 34 34 34 35 36 35 36 36 35 35 37 38 36 37 37 39 40 40 41 40 41 41 41 41 41 41 41 42 44 43 44 43 42 41 43 41 40 40 40 40 41 41 42 44 47 48 49 50 49 50 51 50 51 50 50 51 51 52 49 50 51 52 52 49 48 50 51 53 55 53
32 32 32 32 32 32 32 32 32 32 31 31 35 34 33 33 33 33 33 34 34 34 34 34 35 35 35 36 36 35 36 36 37 37 37 37 39 40 40 40 41 41 41 42 41 42 42 42 43 44 42 42 43 43 44 42 41 42 42 41 40 40 40 40 43 46 48 49 49 49 51 50 52 51 51 51 51 52 52 51 51 50 50 50 49 48 50 50 53 52 52
31 31 31 31 33 32 32 33 33 33 33 32 34 33 33 33 33 34 34 34 34 34 33 34 35 34 35 36 36 36 36 37 38 38 37 37 38 39 40 40 42 42 43 43 42 42 43 42 43 44 44 43 43 45 44 42 42 42 42 40 40 40 42 43 44 47 47 49 49 49 51 51 52 50 52 51 50 49 49 49 50 51 50 49 49 51 51 50 53 51 54
28 29 30 30 32 32 33 32 33 33 33 33 33 32 33 34 34 35 35 35 34 35 34 35 35 35 35 36 36 35 35 36 38 38 38 38 38 39 40 39 40 42 42 44 45 43 43 43 44 44 43 44 44 43 42 42 42 43 42 42 41 43 43 44 46 46 47 48 49 48 50 51 51 51 52 51 51 49 50 50 49 50 47 47 50 49 49 52 52 54 54
29 29 30 32 32 33 32 33 33 33 33 33 33 33 33 33 35 36 35 35 35 34 35 35 36 35 35 36 36 36 36 37 38 38 38 39 38 39 39 40 40 42 42 44 44 43 44 43 43 44 43 43 44 45 44 42 43 42 43 42 43 43 45 44 47 47 47 49 50 50 50 52 51 52 52 49 50 51 51 48 47 48 48 48 49 51 51 51 52 52 55
30 31 31 33 32 31 31 32 33 33 33 34 33 33 33 33 36 36 35 35 36 35 35 35 36 36 36 36 36 37 37 38 38 38 38 39 39 39 39 40 40 43 42 43 43 44 43 43 42 45 45 45 45 45 45 44 44 43 42 44 45 44 45 46 47 47 47 48 48 50 50 52 52 53 51 50 50 51 52 51 48 50 46 47 49 50 51 51 52 52 57
31 31 30 31 31 30 29 31 34 34 35 34 34 32 33 35 34 35 35 34 34 34 35 35 36 36 37 36 36 37 37 38 38 39 39 39 39 40 40 41 42 41 43 44 44 46 44 44 45 46 45 46 45 46 45 46 45 44 44 43 46 45 45 47 47 49 48 48 49 50 51 52 53 51 50 52 52 52 52 51 50 49 50 49 51 50 50 52 54 53 53
29 30 30 28 29 28 29 31 32 34 35 35 34 34 34 34 35 35 35 35 34 35 36 36 36 36 37 36 36 37 37 38 39 39 39 39 40 39 40 41 41 43 43 43 43 44 44 45 46 46 46 46 46 46 46 47 47 46 45 45 44 44 45 47 49 49 49 49 49 49 49 49 51 53 52 52 51 52 53 51 51 51 50 47 49 51 52 53 52 52 53
30 30 27 27 27 27 29 33 35 35 35 34 34 34 34 35 35 34 35 35 35 36 36 36 35 36 36 36 35 37 38 38 39 39 39 39 41 41 40 40 41 43 43 43 44 46 46 46 46 47 47 46 46 46 47 48 47 46 46 46 45 45 46 48 49 49 48 50 49 48 49 49 51 51 50 50 51 52 51 50 48 49 50 47 51 51 52 52 55 54 54
28 26 27 27 28 26 30 31 32 31 34 35 35 34 33 35 35 35 34 34 35 36 36 35 35 35 36 36 36 36 38 40 39 40 39 40 40 40 41 40 41 41 43 43 44 46 47 47 48 48 47 46 47 47 49 48 47 47 47 47 46 46 48 49 49 49 49 49 50 49 49 50 49 51 51 51 52 53 51 51 49 48 48 50 51 52 52 53 55 57 55
26 27 25 29 29 26 26 29 30 32 34 34 34 33 34 34 35 35 35 34 35 35 35 35 35 35 37 37 38 38 40 40 40 41 41 41 40 40 42 42 41 42 43 45 46 47 47 47 49 49 48 48 48 47 48 49 49 47 47 48 47 47 49 49 51 50 49 50 50 51 49 49 51 51 51 51 53 51 51 52 51 48 47 52 53 52 53 54 54 53 56
24 25 23 22 24 24 25 27 28 30 29 31 31 31 32 34 35 34 34 36 36 37 36 36 36 36 37 38 38 38 39 39 40 41 40 40 40 42 41 41 42 44 44 45 45 48 48 49 50 49 50 50 49 49 50 50 49 47 47 48 47 49 50 49 50 50 51 51 51 50 51 51 51 51 51 52 53 50 50 49 49 48 47 51 50 52 52 53 54 54 56
23 22 21 25 25 25 26 26 26 27 28 29 30 33 33 34 35 35 35 35 35 36 37 36 36 37 37 38 38 37 38 39 39 41 40 40 40 40 41 44 44 44 44 45 47 48 48 49 50 50 51 50 49 50 50 49 49 49 49 48 49 49 51 51 51 51 51 51 51 51 50 51 51 50 52 51 52 52 52 50 49 50 50 50 54 54 52 53 57 56 57
22 22 21 21 22 24 24 26 27 26 28 29 29 31 33 33 34 34 34 35 36 37 37 36 38 38 37 37 38 38 38 39 40 40 40 40 41 41 42 45 44 45 45 45 46 47 49 50 50 51 51 51 51 50 51 50 50 50 49 49 48 47 50 50 51 51 51 52 52 51 51 50 51 51 52 52 52 51 51 52 51 50 50 51 51 51 54 56 57 57 58
22 21 20 21 21 21 24 26 26 28 27 27 29 31 33 32 34 34 34 37 37 37 39 39 39 40 40 38 39 39 38 39 40 42 41 40 42 42 42 44 44 45 45 46 46 48 47 50 50 49 50 50 50 51 51 50 50 50 51 48 48 48 51 51 51 50 51 52 52 51 52 50 50 49 51 52 52 51 51 50 52 50 52 52 52 53 54 55 56 59 59
21 19 20 20 21 25 27 26 25 26 28 28 30 32 32 32 34 34 36 38 38 38 39 40 38 38 38 39 39 38 38 41 40 41 41 41 41 42 42 43 44 44 44 46 47 48 48 49 50 49 50 50 50 50 51 51 51 50 50 49 50 51 52 52 50 50 51 52 53 52 51 52 50 49 50 50 50 51 51 53 52 51 50 51 51 52 55 56 57 57 60
22 21 21 22 22 23 27 26 25 27 28 29 30 31 32 33 32 32 34 37 39 39 40 39 39 38 40 41 41 40 39 41 40 41 41 41 40 41 42 42 42 44 44 45 47 47 48 48 49 50 50 50 49 50 51 51 51 51 51 50 51 50 50 51 52 52 52 52 52 51 51 51 51 51 51 50 49 50 50 51 52 53 52 52 53 54 55 55 56 54 57
22 22 22 24 23 24 23 24 26 27 28 28 30 31 32 33 33 33 34 37 39 38 38 39 39 41 41 40 41 41 40 39 39 41 41 41 41 42 42 43 43 44 44 46 46 47 48 48 48 49 50 50 49 51 51 51 51 51 51 50 51 50 51 52 52 52 54 53 51 51 51 52 50 49 50 51 50 50 51 52 52 52 53 54 53 52 54 55 57 58 59
23 22 23 24 24 22 23 25 28 29 29 31 31 31 32 32 33 34 35 37 38 39 37 38 39 40 41 41 41 41 40 40 40 40 41 42 40 42 42 44 44 44 45 45 46 47 48 48 48 47 48 49 50 50 51 51 51 51 51 51 51 51 53 53 52 52 53 54 52 50 49 50 49 49 50 50 49 51 51 50 50 51 52 52 52 53 53 56 57 56 58
23 23 26 24 24 22 24 26 28 28 28 32 32 33 32 32 32 32 33 34 36 37 38 39 40 40 41 41 40 41 41 41 40 42 43 43 42 42 42 44 45 44 47 47 47 47 47 47 46 47 47 48 50 49 50 51 51 51 51 51 52 52 52 53 53 53 53 53 51 50 50 50 49 48 49 50 49 50 50 51 50 50 51 52 51 53 55 56 56 56 57
24 23 23 22 22 24 25 27 28 28 31 32 32 31 31 31 32 32 34 35 35 37 38 38 40 40 40 41 41 42 42 41 42 42 43 43 42 42 44 45 44 45 45 46 48 47 46 45 47 46 46 48 49 50 49 49 49 51 52 51 51 51 51 52 53 53 53 54 51 50 49 49 49 48 48 49 49 50 50 50 50 50 52 51 52 54 55 57 55 57 58
22 23 22 22 24 24 25 27 27 28 31 33 32 33 33 33 33 33 34 35 36 38 38 40 40 40 41 41 42 42 42 42 42 43 43 43 42 42 44 46 44 45 45 47 46 46 46 45 45 46 46 47 47 47 47 49 49 51 51 52 52 51 50 51 52 53 51 52 50 49 50 48 48 48 49 48 49 50 50 49 50 50 51 51 53 52 54 55 56 57 57
23 23 23 25 24 24 26 26 27 28 29 31 31 33 33 33 33 34 34 34 35 37 39 40 40 40 42 42 41 42 42 42 42 43 43 43 43 43 43 44 44 45 46 46 46 46 46 45 46 45 46 46 46 47 47 50 51 51 51 52 52 52 51 54 53 52 51 51 50 50 49 48 47 47 47 47 47 48 49 50 50 50 52 52 52 54 54 55 55 54 56
24 23 25 26 25 24 25 27 27 28 30 31 32 31 32 31 34 34 34 34 36 37 39 39 42 42 42 42 43 42 42 42 42 42 42 43 43 43 44 44 44 44 45 46 46 46 46 47 46 44 44 44 45 47 47 48 49 51 49 52 52 52 53 53 54 53 52 52 51 50 48 47 47 47 47 47 47 48 48 49 49 49 50 51 53 53 55 54 54 55 56
25 25 25 26 26 26 26 26 28 29 31 30 32 30 31 31 34 34 35 34 36 40 40 41 41 42 43 43 43 44 43 43 43 43 43 43 44 45 45 45 44 44 45 45 46 45 47 46 45 44 43 43 44 45 45 47 48 50 49 51 51 52 53 53 53 54 53 51 50 49 48 47 47 47 47 47 47 47 47 49 49 49 51 52 53 53 53 55 54 54 54
27 26 26 24 26 25 27 28 28 28 30 32 32 32 32 32 32 34 37 37 38 39 38 39 41 42 43 43 44 45 45 43 43 43 43 45 45 45 45 45 45 44 44 45 46 47 46 46 45 44 44 43 45 45 46 47 48 49 50 51 51 52 53 53 52 54 53 51 49 49 46 46 47 46 46 47 47 47 47 48 49 50 51 51 52 53 54 53 55 54 54
27 26 27 27 26 26 28 29 28 28 29 30 30 30 32 32 33 34 36 36 37 38 39 42 42 41 41 42 44 45 44 44 44 44 44 44 45 45 45 45 44 44 45 46 47 46 45 44 44 43 44 44 44 46 47 48 48 49 51 52 53 53 53 53 54 54 53 51 48 46 47 46 45 47 45 46 46 47 47 47 49 50 51 50 51 54 52 52 54 54 54
28 27 26 26 27 28 28 28 29 28 30 30 29 30 31 32 34 35 35 38 39 40 42 43 41 41 41 42 45 45 43 43 44 44 45 45 45 46 45 45 45 45 45 46 46 45 45 45 43 44 43 43 43 46 46 47 49 49 51 52 54 54 54 53 53 54 51 50 49 46 46 45 44 44 45 46 46 47 47 47 49 50 51 50 52 53 53 53 52 53 54
29 29 27 29 27 29 30 30 31 28 29 29 30 32 32 34 33 35 35 37 39 41 42 43 41 43 42 43 45 44 44 43 44 45 45 45 45 45 45 45 45 46 46 45 46 43 44 45 43 43 43 42 42 44 45 45 46 49 50 50 52 55 54 54 55 53 51 49 48 47 45 45 44 45 45 45 45 46 46 48 49 49 51 51 51 52 53 53 53 54 54
30 29 27 30 29 28 28 30 29 28 29 29 32 33 33 33 34 35 36 36 39 41 42 43 43 44 45 45 45 44 44 45 44 44 45 45 44 45 45 45 45 46 45 44 44 44 45 45 45 43 43 41 40 42 45 45 47 48 49 49 51 54 55 55 53 53 51 49 48 46 45 43 43 43 45 45 46 46 47 48 48 49 50 51 51 52 54 55 53 54 54
30 29 29 30 30 32 29 30 29 32 31 32 34 35 36 35 35 36 35 37 39 41 41 43 44 46 46 45 45 46 45 43 44 43 44 44 44 45 46 46 46 45 45 45 45 45 45 46 44 42 41 41 41 42 45 45 46 47 49 50 52 53 55 55 53 52 51 50 49 46 45 44 44 44 45 45 46 47 46 49 48 48 49 51 52 52 53 53 53 54 53
34 31 31 32 31 31 30 31 31 32 34 34 31 34 35 36 36 36 38 40 41 45 44 43 45 46 44 44 45 46 46 46 45 44 46 45 46 46 46 46 46 46 46 46 47 46 47 46 45 43 42 42 42 43 44 46 46 47 48 50 52 52 53 53 55 54 51 50 49 47 46 44 44 44 45 45 46 46 46 48 48 48 50 52 53 53 53 53 53 54 55
33 31 33 33 31 33 33 32 32 33 33 36 36 35 40 39 37 39 39 40 41 42 42 44 46 45 44 43 47 46 46 45 45 44 45 45 46 46 45 46 46 47 45 45 45 46 48 47 46 44 42 42 42 43 43 42 45 47 48 50 52 53 52 53 53 53 51 50 48 47 46 45 45 45 46 46 45 47 49 48 48 48 50 53 53 54 54 54 54 55 56
33 32 33 33 32 33 33 33 33 34 35 39 34 38 46 44 39 38 38 40 42 42 44 47 46 44 44 44 45 46 47 47 44 45 44 45 46 46 46 46 46 47 46 46 46 47 47 48 46 43 43 42 43 43 42 43 45 48 49 51 53 52 52 53 53 52 51 50 49 47 46 46 45 45 46 45 46 46 49 49 49 50 49 52 53 55 54 55 56 56 57
33 33 33 34 34 33 35 32 34 36 43 43 38 35 47 46 46 40 40 40 42 43 46 48 46 46 46 47 45 46 47 46 46 45 45 45 46 46 46 46 45 46 46 46 47 47 47 47 47 45 44 43 45 44 43 46 49 50 48 50 52 51 53 54 54 53 51 50 49 47 47 46 46 46 46 46 46 48 47 48 50 51 50 51 52 55 55 56 56 57 58
34 34 34 35 35 36 35 33 33 35 38 42 36 36 44 49 49 45 40 41 42 45 49 48 45 48 48 48 46 47 48 46 45 45 45 47 45 45 45 45 45 47 47 47 47 47 48 49 47 47 46 46 45 45 46 46 47 48 49 51 51 53 52 53 54 53 51 51 50 49 47 47 46 47 46 47 47 47 47 48 50 50 51 51 51 55 55 56 56 58 58
36 36 36 37 37 38 36 36 35 36 37 37 39 48 49 49 50 49 43 42 41 45 51 47 42 45 49 50 52 49 47 47 45 46 48 48 47 46 46 46 46 45 46 47 48 47 47 47 48 48 47 46 46 47 48 48 48 49 50 51 52 53 53 53 54 53 52 51 50 49 48 47 46 46 47 47 48 47 48 48 51 50 50 51 52 53 54 55 58 59 59
