data/precipwetq.asc
ncols        384
nrows        480
xllcorner    138.000000000000
yllcorner    -29.000000000000
cellsize     0.041666666667
NODATA_value -9999
[rows 304 to 341 of 480, columns 170 to 254 of 384]
272 270 274 277 281 282 280 280 282 281 280 281 288 290 293 292 304 303 304 294 296 308 306 303 304 314 313 305 303 305 310 304 302 291 298 301 294 326 345 296 300 314 320 306 324 306 311 324 321 312 307 301 292 288 289 302 306 308 304 302 293 288 299 301 307 309 298 301 326 293 288 302 318 314 308 337 329 316 335 344 329 338 371 381 387
282 277 278 274 278 277 277 280 280 280 287 296 294 294 291 299 300 301 304 302 294 302 307 306 300 308 305 304 301 297 306 303 300 290 280 308 308 298 291 292 292 301 322 297 289 303 310 317 306 305 311 299 290 295 295 300 318 296 303 317 299 288 298 301 316 312 298 306 317 301 299 326 304 319 333 318 331 332 314 313 323 348 365 356 366
272 273 272 266 273 277 273 278 282 279 282 286 289 294 289 288 294 292 296 300 302 309 298 303 301 310 300 295 297 291 303 312 303 292 290 306 296 285 296 288 302 297 313 310 304 289 286 313 301 309 308 298 295 292 330 318 315 309 314 307 316 302 296 297 305 319 319 305 314 296 292 334 304 298 300 318 323 326 356 324 309 347 348 409 341
267 263 269 271 273 276 276 275 275 278 279 281 282 283 287 283 287 293 293 299 300 297 295 303 304 306 301 286 290 292 304 308 304 285 289 304 292 293 292 287 302 297 306 304 299 300 290 363 309 296 295 298 292 298 324 318 326 338 326 312 296 314 321 316 312 320 305 301 298 297 286 298 313 287 308 319 312 319 404 403 317 332 344 355 350
270 265 265 269 271 271 267 271 267 275 276 279 280 280 278 284 286 291 290 293 295 295 298 300 301 305 304 300 296 292 299 299 306 304 292 285 296 305 302 308 297 301 296 308 303 284 294 284 313 323 289 303 293 311 312 329 323 319 311 293 300 299 312 293 319 315 298 300 303 297 284 296 309 287 304 301 311 352 328 428 426 327 321 336 340
267 267 266 268 267 270 272 262 259 272 276 278 277 280 278 282 285 284 286 286 291 294 298 301 303 301 299 301 301 296 289 297 299 296 287 289 285 291 297 298 283 291 287 301 296 294 304 302 308 313 312 317 309 308 314 333 318 310 314 290 286 299 297 298 307 311 305 301 298 291 299 299 298 289 296 310 300 303 301 304 334 410 314 323 351
264 264 259 264 269 267 264 267 257 270 278 274 277 278 275 280 281 279 279 285 282 284 286 287 295 297 291 295 300 296 288 287 287 283 283 284 289 298 295 285 285 287 286 285 297 300 309 299 304 305 305 329 317 328 305 306 321 314 318 287 297 285 294 293 296 306 300 301 305 299 294 307 301 301 306 294 295 295 302 327 309 417 332 340 383
260 264 259 261 268 259 252 259 259 270 271 271 274 271 272 276 277 278 283 282 284 280 282 286 294 297 296 294 295 290 297 294 291 289 289 280 283 295 285 283 286 291 291 299 304 286 291 300 285 309 296 302 313 306 306 308 313 297 296 293 284 282 273 290 295 314 314 311 298 298 297 296 298 293 297 300 290 303 396 326 354 372 328 328 424
256 259 259 260 258 258 250 262 267 265 272 269 268 272 270 271 279 274 276 282 277 277 277 280 293 291 295 295 292 303 295 288 288 282 278 282 286 288 280 282 284 287 288 289 291 288 290 289 296 307 310 300 298 304 300 293 305 310 297 306 302 281 293 291 311 314 314 308 300 300 301 312 285 281 304 308 290 300 303 321 454 317 453 429 425
254 252 252 257 258 237 251 255 261 262 266 265 266 271 265 268 270 277 274 277 277 277 280 281 287 293 291 293 294 293 300 287 284 306 290 285 295 290 290 282 279 290 297 288 295 293 290 296 291 297 291 287 290 303 291 297 293 289 292 301 298 291 290 273 299 312 288 334 301 303 286 290 291 290 283 288 288 290 294 312 643 491 447 413 335
241 251 255 261 251 229 239 248 251 262 263 263 262 269 264 267 269 279 280 279 274 276 279 278 286 284 293 288 292 294 290 286 281 280 293 290 296 288 295 301 282 278 294 283 288 287 296 294 286 290 293 280 279 295 296 307 300 290 371 324 292 282 285 290 304 296 296 295 292 297 295 288 295 292 288 290 291 289 289 293 411 312 457 516 324
247 249 253 249 238 234 242 243 252 258 261 269 263 262 262 263 272 272 277 279 272 274 276 279 280 287 290 288 281 290 283 296 286 286 286 306 294 301 302 303 292 286 293 279 284 279 278 277 288 289 290 291 289 290 300 285 279 276 297 492 431 287 280 278 278 286 286 293 294 292 288 293 302 298 303 294 296 290 302 292 295 303 307 317 313
250 238 239 241 239 244 247 247 253 256 264 264 261 261 261 268 271 273 271 269 274 279 275 276 273 289 281 294 285 281 286 296 298 293 301 300 290 294 306 296 298 284 276 273 276 270 279 282 298 281 285 293 294 290 289 284 276 273 288 281 295 304 295 310 303 298 297 308 298 296 286 294 287 294 296 292 290 297 293 294 294 303 300 306 308
238 247 245 238 242 244 246 248 260 259 257 257 260 262 258 261 262 263 264 271 276 272 274 267 273 282 293 287 285 286 290 292 294 292 299 298 289 291 298 304 293 287 276 268 274 281 281 280 279 284 285 285 292 286 282 286 273 269 280 288 294 291 283 307 299 296 310 315 299 284 329 439 311 296 287 298 295 300 290 284 292 309 301 314 314
249 249 241 250 254 244 256 252 252 253 255 260 255 254 260 260 261 258 265 270 267 271 270 270 275 279 282 288 281 288 293 294 290 293 295 297 290 282 293 295 286 278 270 259 265 275 291 280 275 288 285 283 274 288 290 280 275 276 281 301 300 296 293 289 295 305 310 310 293 294 301 420 362 290 288 290 294 300 302 296 303 298 303 368 420
243 248 250 254 244 236 249 250 253 252 257 257 256 255 259 255 259 257 261 263 264 266 266 274 281 280 278 289 287 286 283 293 284 286 285 290 290 290 297 293 295 282 278 279 275 280 281 274 274 277 283 282 283 294 280 281 275 279 292 296 303 296 301 293 298 309 301 300 293 290 303 308 303 292 284 291 292 298 297 311 309 302 291 301 383
237 245 245 247 247 244 257 253 252 252 252 257 255 255 254 257 259 266 259 263 262 264 267 267 274 274 281 285 280 288 293 297 299 288 292 294 288 300 301 297 296 293 297 270 281 278 277 277 270 272 276 276 276 283 290 289 275 275 294 293 280 287 304 300 308 307 307 287 293 292 306 306 297 297 289 288 304 303 296 300 295 303 295 298 292
237 237 236 238 242 247 242 249 243 248 248 251 248 252 254 256 255 253 255 268 265 264 264 265 265 267 278 275 277 278 289 295 293 297 296 289 299 298 299 296 293 265 278 272 278 287 283 284 283 274 276 270 289 288 290 306 284 277 275 288 291 280 290 294 287 293 288 280 314 292 288 305 305 306 301 292 287 291 308 299 295 298 288 281 294
236 235 238 236 239 240 238 242 246 247 257 252 258 255 252 251 248 250 251 256 262 263 262 263 269 279 277 270 274 272 273 286 287 289 296 300 295 287 295 292 277 293 301 272 296 292 286 288 290 287 285 277 279 289 289 284 285 286 282 287 282 285 282 284 296 297 301 302 302 303 294 289 292 302 303 296 284 284 292 289 298 310 305 296 306
233 236 234 233 236 232 246 246 249 241 255 260 263 254 248 249 255 259 256 256 257 262 268 267 268 272 274 277 277 272 278 280 282 281 284 291 293 299 295 297 293 295 307 280 294 296 291 283 283 301 284 292 287 287 288 294 291 299 291 285 282 285 287 303 300 290 291 290 298 299 293 280 288 292 290 298 286 290 290 298 288 290 297 293 368
232 236 234 237 235 240 243 240 242 247 247 257 266 260 251 252 257 259 260 256 255 257 264 271 268 267 272 278 270 272 277 285 280 286 275 279 288 290 295 290 294 294 290 281 290 302 292 294 292 294 300 295 287 287 286 286 289 295 299 305 288 283 294 299 302 297 293 311 304 283 289 288 290 284 287 288 299 294 293 290 290 298 318 320 324
233 234 233 239 239 237 241 240 239 245 248 256 256 253 250 249 250 253 256 257 256 254 260 264 268 272 276 269 267 273 269 274 286 287 274 284 295 289 289 285 291 296 283 272 280 296 296 293 295 299 312 298 276 279 260 297 298 285 297 310 295 304 303 293 289 295 293 303 305 298 308 292 286 299 292 297 289 305 287 291 321 305 306 311 326
231 232 231 235 236 235 236 244 244 248 244 249 246 246 250 249 247 251 254 257 255 257 255 262 260 265 268 273 273 273 275 273 288 287 289 291 289 296 284 272 278 287 289 270 285 287 293 286 289 269 269 285 287 296 269 290 294 294 284 298 297 302 291 282 284 287 286 303 299 295 300 295 286 294 305 299 299 297 292 289 297 304 305 298 303
226 228 231 232 232 231 234 237 239 240 243 240 241 249 243 248 246 251 256 254 252 256 259 257 265 263 267 262 264 267 274 276 285 284 283 285 290 282 287 280 277 282 287 270 271 289 295 286 263 284 334 281 297 291 261 256 282 263 263 301 300 293 290 285 287 283 286 290 299 300 292 287 297 290 302 296 297 301 295 297 286 296 302 290 291
222 222 225 226 230 229 231 233 233 236 237 245 245 246 248 250 248 248 248 246 252 257 257 261 264 265 267 264 265 264 265 271 280 275 280 281 284 282 280 278 287 277 278 275 274 283 278 267 274 303 292 273 294 282 299 254 260 251 286 308 292 296 293 289 287 281 284 296 302 303 304 291 277 332 287 294 296 302 301 282 285 291 292 286 291
222 225 220 223 224 230 232 228 233 233 237 241 245 250 244 243 245 246 245 245 250 255 257 263 261 260 268 264 261 262 267 269 280 280 280 287 284 288 280 282 286 275 287 271 254 276 280 286 295 298 301 294 290 297 298 278 245 256 284 298 295 288 290 288 304 311 305 301 303 304 301 303 288 304 308 296 301 299 299 289 292 290 292 286 295
223 218 221 228 222 228 225 227 229 231 239 238 238 245 243 241 244 246 246 246 249 250 259 259 260 263 265 261 264 270 278 266 278 268 275 282 278 271 280 275 271 283 284 283 290 284 284 291 297 303 299 291 295 289 288 270 293 302 299 299 304 290 290 295 301 300 300 293 307 297 300 305 298 294 294 292 294 295 330 304 285 292 293 303 292
217 216 218 218 223 224 223 228 229 228 251 238 237 238 241 239 245 246 249 248 251 254 251 254 257 252 260 259 271 269 274 277 278 278 280 279 278 275 270 269 274 274 275 272 292 286 286 291 261 277 272 303 302 295 271 271 310 300 267 302 299 306 291 291 288 298 295 288 308 307 303 299 298 285 292 296 287 292 321 310 300 287 308 284 301
216 218 221 221 221 220 223 223 226 228 244 242 237 236 245 242 239 242 244 247 245 254 256 250 254 257 261 262 262 261 268 270 276 271 275 268 271 279 267 278 271 274 278 266 280 279 284 287 286 285 288 303 298 281 299 293 294 266 271 291 301 306 294 299 295 289 293 293 298 304 307 303 301 304 301 297 293 292 289 294 294 299 305 301 305
212 217 215 221 223 217 218 220 223 229 236 238 236 241 244 242 244 242 246 246 250 247 250 253 253 255 260 258 253 254 263 264 264 263 265 268 278 280 277 277 272 285 279 261 273 285 281 277 297 293 292 296 296 294 302 312 312 309 298 297 294 272 306 302 294 291 294 287 308 310 306 290 300 299 304 304 298 277 287 281 307 295 292 298 297
210 207 214 215 218 218 224 221 227 227 226 239 242 238 245 238 236 237 241 242 244 252 256 253 259 260 255 257 261 263 260 259 260 262 270 278 278 267 272 271 276 284 281 270 274 280 280 286 286 288 274 302 295 298 288 306 303 293 293 309 316 309 309 302 298 292 294 305 305 299 284 291 291 301 298 297 294 284 278 286 299 298 301 299 289
210 207 211 212 212 221 224 221 225 224 222 238 239 237 239 238 237 240 236 238 240 248 251 251 259 262 259 241 263 268 263 261 262 259 265 265 267 261 261 262 263 264 261 279 280 273 282 288 282 291 282 295 293 299 295 302 284 291 314 309 306 309 305 298 292 294 287 294 293 290 297 295 296 303 299 302 297 292 296 295 291 287 291 299 300
205 207 207 208 210 213 215 216 219 220 233 236 244 242 242 244 239 235 240 243 241 242 244 251 255 258 260 253 259 263 262 261 259 272 261 265 268 261 255 263 261 260 262 270 278 289 281 284 284 277 285 294 290 300 304 301 301 281 293 298 304 301 308 297 308 294 291 300 294 294 291 297 294 292 295 291 297 297 297 287 291 297 294 291 277
200 204 207 208 213 213 215 217 218 220 226 232 239 244 243 244 245 243 239 242 241 248 245 243 253 254 254 249 253 258 256 263 264 262 265 265 256 253 253 258 263 258 257 263 270 278 279 281 290 287 288 296 287 301 288 284 286 285 283 287 299 294 297 301 297 300 291 293 289 300 295 300 295 293 293 279 287 294 294 299 296 300 303 291 281
200 202 206 208 212 212 214 219 221 226 228 234 233 243 242 244 245 245 241 236 235 244 246 243 248 249 251 252 255 260 259 250 254 253 256 265 253 251 261 270 268 268 256 263 263 278 270 271 286 290 294 300 282 294 293 284 280 291 283 294 287 290 298 318 311 308 312 301 291 294 298 295 295 296 290 287 289 283 285 287 286 291 286 285 278
201 201 200 203 210 210 212 214 215 221 235 231 237 239 241 247 246 242 236 241 243 240 246 243 245 251 250 254 255 253 255 251 253 256 257 262 256 250 256 263 256 269 263 260 261 273 264 269 275 284 295 301 287 284 294 285 281 288 294 292 293 306 290 314 309 297 289 301 301 303 294 286 290 298 290 292 294 293 294 290 288 292 296 286 282
202 206 204 206 208 212 218 223 213 215 225 226 233 240 242 241 240 235 237 237 247 246 248 245 249 243 252 252 250 255 255 261 259 258 260 261 255 256 251 254 263 261 250 256 264 273 268 284 273 263 287 301 297 297 300 288 278 289 294 262 296 307 286 298 293 306 305 292 301 306 289 290 301 290 289 288 293 288 293 284 285 285 281 293 284
214 211 206 208 206 211 214 214 217 222 229 232 234 236 237 239 240 239 240 243 246 250 250 250 249 247 252 248 252 259 252 259 249 261 259 255 255 258 258 270 261 255 251 251 250 257 266 274 286 285 283 290 300 297 298 305 297 299 307 311 307 297 293 297 301 290 298 294 293 292 295 296 290 286 286 288 284 287 291 297 285 285 283 279 290
