data/precipwarmq.asc
ncols        384
nrows        480
xllcorner    138.000000000000
yllcorner    -29.000000000000
cellsize     0.041666666667
NODATA_value -9999
[rows 266 to 303 of 480, columns 0 to 84 of 384]
270 272 275 276 279 281 283 285 287 290 293 294 298 300 301 304 306 308 310 314 317 320 323 327 330 332 337 341 344 346 348 353 354 358 358 361 359 359 358 358 347 345 253 255 260 264 269 272 274 275 275 273 271 268 266 262 260 258 257 257 256 254 252 251 249 246 245 244 242 240 238 241 240 239 243 245 249 246 249 252 257 260 263 264 265
266 268 271 274 276 278 279 281 284 286 289 291 294 296 297 299 302 304 305 309 312 314 318 321 324 328 331 336 340 342 343 350 350 353 354 357 351 345 344 344 338 334 342 252 257 259 264 266 269 270 271 270 269 266 263 262 259 259 258 256 254 252 251 249 247 244 244 242 238 238 236 237 235 235 238 241 245 246 247 251 252 253 256 258 263
263 265 267 270 272 274 275 277 279 282 284 287 289 291 293 297 297 299 301 304 306 310 313 316 319 323 327 330 332 338 340 343 346 347 348 351 345 341 340 344 332 330 339 250 250 350 354 263 265 265 266 268 265 264 261 260 259 259 258 256 253 251 249 247 245 243 241 238 236 234 233 233 232 234 234 238 241 243 244 247 250 249 253 258 262
261 262 265 267 270 270 272 273 276 277 280 283 285 286 289 292 293 294 297 300 303 306 309 310 314 318 322 325 328 330 335 337 342 341 343 344 342 335 334 334 332 327 337 337 342 344 348 259 261 262 263 265 263 263 261 259 257 258 256 254 253 249 248 245 244 243 239 235 234 232 231 230 230 231 229 232 236 238 240 243 247 247 248 253 257
257 260 262 262 265 267 268 269 271 272 275 278 281 281 284 287 287 290 295 295 298 301 304 307 310 313 316 319 322 326 329 332 336 336 336 336 336 328 330 332 327 324 328 333 336 338 254 258 351 352 259 262 260 261 261 259 257 257 255 254 252 249 247 245 242 240 238 233 232 231 230 227 225 227 227 228 231 231 234 238 241 241 244 248 250
255 256 258 260 261 264 265 268 269 270 272 273 275 277 279 282 282 285 290 293 293 296 298 302 305 307 310 314 319 323 324 326 330 328 331 327 326 320 323 324 326 322 324 329 332 246 253 344 346 347 257 258 259 258 259 257 256 256 254 253 251 249 246 243 241 237 234 230 229 225 226 224 222 223 222 223 226 226 230 232 235 236 239 241 244
251 253 254 256 259 259 260 263 264 265 268 269 272 274 276 277 279 282 285 288 290 292 293 297 300 302 305 308 311 314 317 319 321 321 321 320 318 317 317 320 322 316 319 325 330 246 249 340 342 344 254 254 256 256 257 257 256 254 252 251 249 248 244 241 237 234 230 228 226 224 224 220 219 220 219 218 224 226 225 229 231 233 236 238 242
247 250 252 254 255 257 257 259 262 262 264 267 267 268 270 273 275 276 279 283 286 286 289 292 294 296 299 302 305 306 309 313 315 318 314 314 314 317 316 312 314 316 314 320 329 332 333 336 338 340 250 251 252 253 340 254 254 251 251 249 247 245 241 238 235 232 229 225 222 220 219 218 217 216 215 216 217 219 225 228 227 229 235 235 237
246 248 249 250 252 253 253 255 256 258 261 262 263 264 266 269 270 274 275 278 280 283 283 286 289 291 293 296 298 302 305 307 310 312 310 310 314 311 310 306 312 313 309 315 323 331 332 332 334 336 338 249 249 251 253 339 251 250 248 245 244 240 240 236 232 229 226 223 219 215 214 212 212 210 213 210 212 214 217 220 226 225 230 229 231
243 244 247 247 249 250 251 251 253 255 257 258 258 261 263 265 267 271 271 272 274 277 279 280 284 286 290 293 293 296 299 301 305 308 306 306 309 308 306 304 307 302 305 312 322 324 326 328 330 332 335 245 246 248 250 337 332 245 243 240 238 236 235 232 229 223 222 218 216 211 209 206 205 204 206 203 205 209 212 214 219 221 227 227 229
241 242 242 245 245 247 248 249 250 252 253 252 255 258 260 259 263 265 266 267 268 270 273 275 277 280 283 286 289 291 293 296 298 303 301 298 299 299 297 300 297 295 300 309 317 319 321 324 328 330 332 241 242 333 333 332 327 319 313 307 302 229 229 225 223 219 215 211 210 208 205 203 200 200 197 198 202 204 206 211 214 217 218 225 228
239 239 240 241 242 242 244 245 246 247 248 249 250 252 253 256 256 258 261 262 264 266 268 270 272 276 280 283 284 285 289 292 293 296 298 294 293 293 289 292 288 289 295 302 311 316 320 322 326 327 238 238 327 327 327 239 318 311 304 299 294 290 220 219 216 213 211 208 205 203 201 196 194 191 193 192 198 199 202 205 209 208 214 216 222
237 237 237 237 239 239 239 241 243 243 244 245 246 248 249 251 252 254 254 256 258 261 264 266 268 271 274 275 278 280 283 285 288 291 291 292 289 290 288 283 283 286 292 299 307 313 316 319 322 323 325 323 322 321 319 315 308 300 294 290 285 282 212 211 210 208 206 203 200 198 194 191 187 186 185 190 189 192 193 199 201 208 211 213 222
233 234 234 234 234 235 236 238 238 239 241 240 241 244 244 245 247 248 250 252 253 256 258 260 263 264 267 270 271 274 278 281 283 285 286 287 285 289 285 284 284 286 290 299 305 310 312 316 319 320 321 320 319 315 311 306 300 293 285 278 275 205 204 205 274 271 200 199 196 192 189 187 184 182 183 183 180 186 268 189 196 199 207 213 220
230 231 231 231 232 232 232 234 234 235 236 237 238 239 240 240 243 245 245 248 249 250 253 254 257 259 261 263 265 269 273 276 278 280 281 282 283 284 283 279 281 285 288 294 301 308 310 313 315 316 317 316 312 312 306 301 294 286 278 268 265 268 269 269 268 268 267 195 193 190 186 183 178 176 176 182 179 182 182 264 273 199 203 212 217
228 228 229 228 229 229 229 231 231 231 231 232 233 235 236 236 239 239 241 243 244 246 248 250 252 253 256 259 261 264 267 271 273 275 276 283 277 281 280 276 281 284 287 293 298 305 308 311 314 315 314 311 310 308 303 297 290 282 273 265 263 265 266 266 265 266 264 263 261 257 186 179 177 175 174 180 180 181 180 178 268 271 199 203 292
225 226 226 225 224 226 226 227 227 226 227 227 229 230 232 232 234 235 238 238 240 242 243 245 246 249 250 254 258 260 262 265 268 269 271 271 272 277 276 274 280 283 286 291 297 302 306 307 310 311 310 309 307 304 301 295 288 279 272 267 263 263 266 265 264 265 263 260 261 257 184 180 179 174 174 252 177 180 180 260 263 265 270 275 278
222 223 223 223 222 223 223 224 223 223 223 224 225 226 228 229 229 231 232 233 235 237 238 239 241 243 247 248 252 254 257 261 262 265 264 265 266 273 273 273 279 282 284 290 296 302 302 305 306 307 307 307 306 303 298 293 287 279 274 268 264 265 264 265 263 262 261 259 258 258 257 256 254 253 251 252 255 258 258 256 258 258 258 262 266
219 220 220 220 219 218 220 219 219 219 220 220 221 222 223 225 225 226 228 230 230 231 232 235 236 238 241 245 246 250 252 254 258 261 260 260 261 264 270 272 277 278 282 288 294 296 299 301 304 305 305 305 303 301 296 289 286 279 274 270 267 265 265 265 263 262 261 259 258 258 258 256 256 254 255 255 257 257 253 253 254 252 248 258 263
216 217 217 216 215 214 216 215 216 215 216 217 217 218 218 219 222 222 223 225 224 226 227 229 232 233 236 239 241 245 249 250 253 257 256 257 258 260 267 272 275 278 280 285 293 296 297 299 301 303 303 303 301 298 295 289 283 279 274 270 268 266 264 265 263 263 261 258 259 258 257 257 257 257 257 257 258 257 253 252 254 251 253 257 263
214 214 214 213 213 212 212 211 212 213 213 213 213 214 214 217 217 219 218 219 221 221 223 225 226 229 231 234 236 239 243 246 248 251 252 255 257 257 264 269 275 276 279 285 291 295 297 298 300 302 301 299 299 296 293 290 285 281 275 272 269 269 266 265 265 262 260 260 259 258 258 258 256 258 257 256 258 259 257 252 251 254 258 256 263
212 211 210 211 210 209 208 207 209 208 209 209 210 210 211 211 213 213 214 215 216 217 218 219 222 223 226 230 231 235 238 242 245 247 249 253 256 259 262 267 273 274 278 285 287 292 293 296 296 298 299 299 299 296 292 289 286 282 277 271 269 269 265 267 266 263 260 261 261 261 259 260 258 258 258 257 259 260 260 259 254 255 256 261 263
209 209 208 207 206 206 204 204 205 204 205 206 206 207 208 208 208 209 210 211 211 213 214 216 218 219 222 224 227 232 236 238 241 243 246 249 254 259 263 266 272 274 278 283 285 289 290 294 295 297 298 298 297 295 292 289 286 281 277 274 271 267 268 268 269 263 261 261 261 261 262 260 258 260 260 262 264 263 262 261 260 260 259 258 260
207 206 204 204 203 202 201 200 201 201 201 202 202 203 204 204 205 206 207 207 207 208 209 211 213 214 217 220 224 229 232 234 239 242 245 250 256 259 262 265 271 277 279 282 285 288 290 293 294 294 296 296 296 294 291 288 285 282 275 274 271 268 267 269 268 266 263 261 262 262 262 261 261 262 263 265 266 264 266 265 263 262 260 258 259
203 202 201 201 199 198 198 198 197 197 198 198 199 200 201 202 201 201 202 202 203 205 207 207 209 211 213 218 221 225 228 233 236 240 246 250 258 260 264 265 270 278 281 281 284 286 288 290 292 293 294 296 296 294 291 289 286 281 276 276 272 270 269 269 267 265 261 262 263 263 262 263 264 264 266 269 272 270 268 268 266 266 265 260 258
200 199 198 196 196 196 195 195 195 194 195 194 196 197 198 198 197 198 199 200 200 202 201 202 205 207 210 214 218 222 226 229 234 239 244 248 255 258 264 265 270 275 278 280 284 284 286 289 290 291 293 294 295 294 292 290 286 280 278 275 273 270 269 268 268 265 263 261 263 263 261 264 265 266 267 269 272 275 274 272 270 268 265 260 259
197 195 194 194 193 192 192 191 192 191 192 192 192 194 195 195 196 196 197 197 199 199 200 200 200 203 208 211 216 221 224 229 234 239 244 249 253 257 263 267 270 275 277 280 281 284 285 286 288 289 291 292 294 296 292 290 285 279 278 276 272 271 270 270 269 264 263 263 264 263 264 265 265 265 269 272 277 279 276 273 274 271 266 263 259
195 194 192 191 191 189 189 188 189 189 189 189 190 191 192 193 194 194 195 195 196 195 196 197 197 199 205 209 215 220 225 230 233 238 244 248 254 260 262 266 270 275 277 278 280 282 283 284 285 286 288 289 291 292 289 287 283 279 275 274 271 269 269 269 266 262 262 262 263 263 264 265 267 268 270 271 276 280 281 277 273 269 266 262 259
192 192 191 189 187 186 186 186 186 186 187 188 189 189 191 191 192 192 193 193 193 194 196 197 197 200 203 208 213 219 222 227 233 238 243 249 255 258 262 266 270 274 276 276 277 278 279 280 282 282 283 285 287 287 284 282 280 277 274 273 271 269 268 267 266 264 260 262 262 262 264 266 268 268 273 275 277 282 286 280 273 269 265 261 259
190 190 189 187 185 185 184 184 185 185 187 186 187 187 188 189 190 191 191 192 193 194 194 196 198 201 204 207 213 218 223 227 232 239 243 248 253 257 261 264 269 271 273 273 274 275 275 276 277 278 279 279 280 280 280 278 276 274 272 271 269 266 266 266 265 262 260 261 260 260 262 264 266 268 272 274 277 278 278 276 271 268 262 259 255
188 188 186 187 186 184 184 183 184 184 185 186 186 186 187 187 188 189 191 192 192 193 195 196 199 202 205 209 214 218 223 226 231 237 242 246 251 254 257 262 265 267 270 270 270 270 271 271 273 273 274 275 275 275 275 273 271 271 269 268 267 265 263 264 261 261 260 259 258 258 261 263 264 267 268 271 273 273 270 269 267 263 258 254 250
187 185 185 185 185 184 183 183 184 184 185 184 185 185 185 186 187 188 189 191 191 192 195 197 199 202 207 210 214 218 222 226 231 236 239 243 248 252 255 259 261 264 265 266 266 266 266 266 266 267 268 269 269 269 270 270 268 267 264 262 263 260 260 259 259 257 258 256 255 256 259 261 261 263 262 265 266 263 262 261 259 257 251 249 247
184 184 184 185 184 184 184 184 183 184 184 185 183 183 184 184 185 187 188 189 190 193 194 197 200 202 208 211 215 218 224 226 230 233 237 242 247 251 253 257 259 261 260 261 261 261 260 259 261 261 261 263 264 263 264 264 264 263 261 259 259 257 256 255 255 255 256 253 253 253 254 258 259 258 260 258 260 258 255 254 251 248 245 245 245
183 183 184 184 184 184 185 185 185 185 184 184 183 182 183 183 184 185 186 188 190 193 195 198 201 204 209 212 217 220 223 227 231 235 237 240 245 249 251 253 256 257 257 256 254 254 252 252 254 255 255 256 256 258 258 259 259 259 258 256 255 254 254 252 252 253 253 252 250 249 250 252 255 255 254 255 252 253 251 249 243 240 240 239 240
182 182 183 184 185 186 185 186 186 184 184 182 182 181 181 181 183 184 185 187 190 192 195 197 203 206 210 214 218 221 225 227 232 235 237 240 244 245 247 250 253 253 253 250 248 247 245 245 246 247 250 250 250 252 253 254 254 254 254 253 252 252 251 251 250 251 250 248 246 247 246 248 250 248 249 249 248 248 248 245 240 238 234 235 237
180 181 182 183 185 186 187 186 186 185 182 182 180 179 180 180 181 183 184 187 189 192 195 200 203 207 212 215 219 223 225 227 230 233 236 237 241 242 245 246 248 250 248 243 240 238 237 238 238 240 242 244 245 247 248 249 250 249 249 249 249 249 247 248 247 249 247 244 243 244 245 245 245 244 244 245 244 244 241 238 236 237 235 237 236
180 180 181 180 182 184 187 188 186 184 181 180 179 178 178 178 179 181 183 186 189 191 194 199 203 207 212 216 221 224 225 228 229 232 234 234 237 238 240 242 243 243 240 237 234 231 229 231 231 233 237 239 241 243 244 245 246 246 245 244 244 243 242 244 244 244 243 242 241 241 239 240 240 240 240 240 238 237 236 236 235 233 231 230 231
178 177 178 179 181 182 184 185 183 180 179 177 175 176 176 176 178 179 182 185 188 191 194 198 203 207 213 218 222 224 225 228 228 230 232 231 232 234 235 237 237 236 234 230 226 223 222 222 224 228 230 233 236 237 239 240 241 241 241 241 241 239 239 239 238 239 239 238 237 236 236 237 237 236 235 235 235 235 234 232 232 231 229 228 229
