data/precipcoldq.asc
ncols        384
nrows        480
xllcorner    138.000000000000
yllcorner    -29.000000000000
cellsize     0.041666666667
NODATA_value -9999
[rows 440 to 479 of 480, columns 0 to 90 of 384]
47 47 58 57 55 58 51 53 56 56 53 50 47 38 27 26 27 26 27 27 27 27 27 26 26 25 25 25 23 23 22 22 22 22 21 21 26 30 32 33 35 32 33 33 28 24 28 21 23 26 26 25 28 28 24 23 25 26 27 27 28 32 28 27 28 28 29 31 32 33 35 36 37 37 37 38 38 37 37 36 35 34 34 35 34 34 34 34 34 35 36
56 42 46 53 49 58 61 55 60 56 49 54 45 32 27 26 26 27 27 30 29 26 26 26 25 24 24 23 23 23 21 21 21 20 21 20 23 31 35 32 31 29 30 25 27 25 31 31 29 33 28 23 28 24 25 25 25 24 25 25 29 30 28 27 27 28 30 32 33 34 35 35 35 35 36 36 36 37 34 35 34 34 33 35 35 34 34 34 34 35 34
52 47 39 54 59 55 57 54 53 53 51 49 44 33 28 27 26 29 36 51 39 28 25 25 24 24 24 23 22 22 21 21 21 20 21 23 23 32 29 30 28 27 23 23 22 22 28 29 29 31 34 29 26 25 25 25 28 24 25 27 28 28 27 27 27 29 30 31 32 35 35 35 35 34 34 36 35 34 33 33 34 34 33 34 34 34 35 35 35 35 36
47 47 42 46 62 60 59 58 61 58 52 48 44 31 30 31 28 26 28 32 29 26 28 25 24 24 23 22 22 22 21 21 20 19 19 25 29 32 32 29 35 28 26 24 25 23 26 30 30 28 31 29 26 25 24 24 25 27 32 30 30 30 28 27 28 29 30 31 31 34 34 34 35 34 34 33 32 31 32 33 33 34 34 33 33 33 34 34 34 35 36
53 47 45 45 59 64 61 57 57 58 59 57 52 33 28 27 27 25 25 25 25 25 25 25 23 23 22 22 22 22 21 21 20 19 19 21 26 28 33 29 31 37 29 28 29 25 29 31 30 34 33 30 24 24 25 30 31 34 36 32 28 30 27 28 30 31 30 32 34 34 34 34 36 34 33 33 32 33 33 36 34 34 33 34 34 33 33 34 34 34 34
56 62 62 61 61 64 64 63 61 60 58 58 44 34 28 32 30 27 25 25 25 25 25 25 25 23 22 22 22 21 20 20 20 22 26 27 28 28 28 28 27 31 34 35 35 29 33 34 32 28 27 25 23 22 25 24 27 27 30 32 27 28 27 30 30 31 32 34 34 33 34 33 33 33 35 35 34 37 41 41 40 41 34 33 33 33 34 35 37 36 36
37 45 59 55 56 53 56 52 57 60 56 46 31 40 32 45 44 30 27 25 25 25 25 24 26 28 25 22 22 20 20 20 20 20 24 28 33 31 28 32 31 29 29 31 33 32 32 28 29 27 24 26 24 22 23 23 25 27 26 30 31 27 27 27 28 30 31 31 32 34 34 33 32 34 36 34 34 34 37 41 40 39 34 34 34 33 34 34 34 35 35
39 41 53 53 46 50 54 47 44 48 42 37 32 30 29 43 45 34 27 25 26 26 25 23 23 23 24 22 21 20 20 20 20 22 26 28 30 29 28 29 26 29 30 28 31 30 32 28 31 34 27 20 22 22 24 24 27 28 30 30 34 32 30 28 29 30 31 31 31 32 33 33 33 34 33 33 33 31 32 32 32 34 33 35 35 32 31 32 32 32 33
39 45 45 52 44 48 54 43 33 29 30 29 28 27 28 32 44 33 28 26 26 25 25 25 23 22 23 22 21 20 20 21 22 28 29 32 32 32 28 27 30 29 31 23 27 30 31 30 31 29 28 20 21 21 22 24 27 30 30 31 34 36 34 33 32 29 29 32 37 32 33 41 35 33 32 32 33 31 31 32 32 32 31 34 34 32 31 33 33 34 36
37 42 45 44 47 52 42 33 28 27 27 29 28 27 27 30 34 29 28 27 27 26 25 25 23 26 26 24 22 20 20 21 26 26 31 35 33 30 29 29 25 26 23 23 29 30 33 31 31 31 26 25 22 21 21 24 25 25 28 34 39 40 37 34 40 37 33 34 32 33 38 41 32 31 34 32 33 34 33 32 31 33 31 32 36 34 33 31 34 36 35
44 45 45 47 57 50 32 28 28 28 27 27 26 26 28 31 31 30 27 27 26 25 25 24 23 23 23 21 21 20 20 22 29 28 30 30 25 27 27 25 21 24 23 21 25 28 32 30 32 30 33 29 25 22 23 23 24 25 30 33 37 38 37 40 44 33 29 30 30 29 30 31 31 31 32 33 34 34 33 32 31 31 30 30 31 33 34 34 37 39 36
52 51 51 52 54 55 42 27 27 28 25 26 26 26 27 30 29 26 26 26 25 26 25 23 23 22 22 21 21 21 23 23 29 29 29 27 27 24 27 23 20 21 21 19 20 26 35 28 33 25 34 30 29 26 24 23 22 23 26 28 32 32 40 44 41 33 28 28 29 28 29 30 30 32 34 33 32 34 33 32 31 30 31 30 30 30 35 34 34 35 35
53 55 58 58 44 30 35 29 27 28 27 26 26 26 27 28 28 29 26 26 25 25 25 24 23 22 23 22 21 21 24 29 31 32 30 29 27 25 24 28 24 20 16 16 17 18 31 25 30 20 36 37 29 24 25 25 24 24 24 32 38 42 44 38 35 28 28 27 29 29 29 30 29 31 33 33 34 33 32 30 32 31 32 30 29 29 29 30 31 32 32
58 54 54 49 33 27 27 26 25 25 27 26 26 26 27 27 26 27 26 26 24 24 24 24 23 23 23 22 21 21 22 31 33 32 30 29 28 24 22 24 22 17 15 16 17 18 24 21 21 20 28 34 28 27 29 31 28 30 32 39 43 45 43 35 32 27 27 27 28 28 28 28 29 29 31 31 30 31 30 30 31 31 30 29 30 30 30 29 30 31 32
43 48 44 31 32 27 26 26 25 25 25 26 26 26 26 26 27 26 26 26 25 25 24 23 23 23 23 23 21 21 24 29 35 34 31 30 25 20 19 18 18 17 16 16 16 18 18 20 26 32 34 31 29 32 31 28 29 32 33 39 43 42 40 34 28 27 27 27 28 28 28 28 29 28 29 30 30 29 30 30 31 29 29 30 29 29 28 29 30 32 31
31 42 47 30 28 26 26 25 25 25 25 27 26 26 25 25 25 25 26 25 25 25 27 25 25 22 22 22 21 22 28 33 31 29 27 27 24 19 19 17 22 17 16 15 15 16 19 33 34 34 33 26 27 32 34 34 30 24 24 33 42 40 37 32 26 27 26 28 28 28 28 27 28 28 30 30 29 29 29 29 30 29 30 32 29 28 28 28 29 28 30
34 50 49 44 36 30 43 33 24 24 24 26 26 26 25 27 25 25 25 25 25 25 25 25 23 22 22 22 22 25 31 32 28 26 25 23 22 22 22 18 18 17 16 16 16 16 19 32 33 26 27 22 29 30 30 34 29 32 33 37 37 35 30 26 25 27 26 27 28 28 28 27 28 28 27 29 30 29 29 30 29 30 29 29 29 27 28 28 29 28 28
42 42 43 53 47 47 50 40 24 24 24 24 24 25 25 25 25 25 25 24 25 25 24 25 24 23 22 23 24 29 35 33 25 23 25 20 20 19 18 17 17 16 16 15 16 18 21 24 28 21 28 24 27 28 23 27 31 31 40 31 33 34 28 25 25 26 26 26 28 29 28 27 28 27 27 29 30 30 30 30 31 29 29 30 29 27 28 28 30 29 28
48 50 33 52 31 28 50 40 24 24 24 24 25 25 25 25 25 25 25 25 26 25 24 24 23 23 23 23 26 32 34 31 25 25 24 22 20 18 18 17 17 16 16 17 16 16 23 25 21 19 28 29 31 35 34 33 31 30 31 37 33 39 26 24 25 26 26 27 29 29 28 28 28 27 29 28 28 30 32 30 29 30 29 30 28 27 28 28 28 28 28
30 29 30 39 45 25 23 23 23 23 23 24 25 25 25 25 25 25 25 25 24 24 24 25 23 23 24 25 30 32 30 27 24 24 22 21 20 19 19 17 17 16 17 17 16 16 17 22 19 22 23 20 28 27 31 29 27 33 31 34 37 39 26 25 25 26 26 26 28 28 28 28 28 28 27 28 28 29 28 29 29 29 29 28 28 27 27 28 28 27 27
30 27 32 33 25 23 23 23 23 23 23 23 25 25 24 25 25 25 25 24 24 24 24 25 24 25 27 31 36 31 29 34 29 24 21 20 19 19 19 18 18 17 17 16 16 16 20 25 23 22 26 24 27 21 23 28 29 29 31 31 29 27 24 24 26 25 25 25 27 27 28 27 28 28 27 27 28 29 28 29 28 28 29 28 28 27 28 27 27 28 29
31 29 32 47 27 25 24 23 23 23 23 23 24 25 25 25 25 25 25 25 24 24 24 25 25 26 31 35 33 27 26 30 27 27 24 21 20 18 19 18 18 17 17 16 16 19 20 26 21 20 24 28 34 31 26 28 28 32 28 26 26 23 23 24 24 24 25 25 25 28 27 29 28 28 27 28 29 29 28 31 30 28 28 29 28 28 28 27 27 27 28
36 34 33 30 27 32 40 23 22 22 22 23 23 26 26 26 25 25 25 25 25 25 25 25 27 31 34 34 32 26 26 27 27 25 23 21 20 20 19 19 18 17 17 16 16 19 20 22 19 20 22 26 27 21 24 28 27 29 26 26 24 23 23 24 24 24 24 25 27 27 27 27 28 27 27 29 29 29 28 28 29 29 28 27 28 28 27 29 28 28 29
55 51 52 32 27 32 43 25 22 22 22 22 22 23 23 24 25 25 25 25 26 25 26 26 29 35 35 31 32 30 28 26 26 24 23 22 21 21 21 19 18 17 17 17 16 19 19 24 19 21 25 26 24 19 25 29 26 25 28 26 23 23 23 23 24 24 25 26 26 27 27 27 27 27 27 28 28 28 29 30 28 28 28 28 27 28 28 28 29 29 30
39 54 55 37 30 28 26 23 23 21 22 22 22 22 23 24 25 25 25 26 26 26 26 30 36 36 35 29 34 32 32 30 26 24 25 23 21 21 20 19 18 17 17 17 16 19 19 20 20 24 27 23 22 21 26 23 23 25 28 23 22 23 23 23 23 23 25 26 27 27 28 28 27 27 26 27 29 28 28 29 28 29 28 28 27 28 27 28 28 29 29
31 31 37 32 45 48 32 23 21 21 21 21 22 22 22 24 24 24 25 26 26 27 32 37 37 32 28 26 29 28 30 29 28 26 25 25 22 21 20 20 18 18 18 18 19 19 21 21 23 19 24 24 20 19 22 23 25 29 25 20 22 22 22 23 23 24 25 26 26 27 27 29 29 28 28 27 30 29 30 30 29 29 28 30 30 29 29 29 31 30 29
33 29 28 33 47 43 34 22 22 22 22 21 21 20 22 23 24 24 26 26 29 33 33 29 29 29 28 27 26 27 26 27 26 26 25 23 22 20 22 20 19 19 18 18 20 19 21 23 24 17 24 24 18 19 23 22 23 29 22 21 22 22 23 22 24 24 25 27 27 27 27 30 29 29 29 29 30 30 30 30 30 29 29 31 30 30 29 29 29 28 30
37 33 28 32 37 28 23 22 22 22 22 21 20 22 22 23 23 25 28 33 36 33 29 28 28 29 29 29 28 27 27 26 25 26 26 24 22 21 22 22 19 18 17 18 19 20 22 24 20 17 23 23 18 18 21 23 22 23 20 20 22 22 23 23 25 25 25 25 27 27 28 28 28 29 30 30 29 30 29 30 30 29 29 30 30 30 29 29 30 30 30
37 34 33 33 33 33 25 22 22 23 22 22 23 23 22 25 27 30 37 47 42 29 29 35 32 31 30 29 30 29 27 26 25 30 28 24 24 20 20 19 19 19 18 19 20 21 25 27 21 18 25 23 18 18 21 23 20 19 19 20 21 22 23 23 24 25 25 25 27 28 30 29 30 30 30 30 29 31 30 31 31 30 31 29 29 30 30 29 30 30 31
51 47 45 41 41 40 27 23 23 29 24 24 27 32 30 36 42 43 45 50 33 30 31 45 40 32 32 31 30 30 29 27 26 26 31 26 24 26 21 19 19 19 19 20 20 20 25 25 19 26 23 19 19 21 21 22 23 19 19 19 20 22 23 23 24 24 26 26 28 28 30 30 30 30 31 30 30 32 30 29 29 29 30 30 29 29 30 30 30 30 30
37 36 32 31 28 35 31 26 25 26 26 31 30 33 34 35 36 38 36 34 29 31 32 35 37 34 33 32 31 30 29 28 27 26 25 28 23 22 20 19 19 19 19 22 20 20 24 21 22 26 18 18 19 20 21 19 19 19 19 20 21 22 23 24 25 25 24 27 27 28 29 30 30 30 30 30 30 31 32 32 31 31 29 30 29 31 31 32 31 31 31
38 38 37 28 28 32 35 44 41 41 41 39 36 34 32 31 30 32 35 35 32 33 36 39 38 36 37 33 32 31 31 28 28 26 26 25 23 22 20 20 21 23 20 19 19 22 24 20 20 22 18 18 20 20 18 18 18 19 20 21 22 22 23 23 25 25 26 27 28 28 29 30 30 30 31 30 30 30 31 32 31 31 31 31 30 31 31 32 32 32 33
39 39 37 28 25 27 31 37 34 36 38 35 29 27 29 27 25 27 28 31 44 37 40 46 41 37 43 38 33 31 31 31 29 28 26 27 35 23 24 20 20 24 23 19 19 20 20 20 23 20 16 19 21 20 18 18 18 19 21 21 21 22 23 24 25 25 25 27 27 27 29 30 31 30 30 31 32 32 30 32 32 32 31 31 30 31 32 33 32 32 34
38 37 34 33 30 29 28 25 25 25 27 30 24 25 23 22 25 27 25 28 40 50 47 54 47 40 36 34 33 34 32 32 33 29 29 27 29 26 28 22 22 22 23 20 19 19 19 18 22 18 17 19 21 18 17 18 19 20 21 21 21 22 23 25 25 26 26 26 27 27 29 30 30 30 30 31 32 32 33 33 31 32 33 31 32 32 33 33 33 33 33
40 36 33 32 34 30 27 22 22 30 35 25 24 23 23 23 25 27 28 30 36 50 58 64 59 47 39 34 34 34 34 33 33 32 30 29 35 29 25 25 24 26 22 20 20 19 18 18 22 19 17 19 20 17 17 18 19 20 21 21 21 22 23 24 25 27 27 28 30 30 30 30 29 30 30 31 31 30 31 30 29 30 30 32 33 34 34 34 34 34 35
41 43 35 34 36 29 25 22 23 25 27 23 22 23 22 23 26 26 26 29 32 48 65 67 62 56 45 36 35 35 36 36 36 36 36 32 33 36 31 29 30 25 20 20 20 19 19 19 21 21 19 20 20 18 17 18 19 19 20 21 21 23 23 25 27 28 27 28 29 30 31 30 29 31 30 31 31 31 31 31 31 31 31 32 32 34 35 35 36 35 36
49 39 37 37 48 37 23 23 27 23 23 23 23 23 23 24 25 26 27 28 32 43 57 49 43 56 50 39 36 35 35 36 37 39 48 40 37 39 37 29 27 25 22 20 22 21 21 21 21 20 17 20 20 18 17 18 19 20 20 21 22 23 24 26 27 27 27 28 30 29 30 30 30 30 31 31 32 31 32 32 32 31 31 31 32 33 34 34 36 36 36
46 47 39 40 51 47 27 23 24 24 25 24 23 23 24 25 26 27 27 28 28 31 38 36 32 38 48 46 39 39 38 40 41 41 45 46 42 42 35 28 32 27 31 28 24 27 23 21 23 20 19 20 18 17 17 18 19 20 21 22 22 23 24 26 27 26 28 29 30 29 30 30 30 30 31 33 34 32 33 32 33 33 34 33 33 34 34 34 36 36 36
34 35 33 36 43 24 23 23 28 25 25 24 24 24 24 26 26 27 27 27 27 30 32 34 30 31 31 43 43 39 43 43 45 46 45 41 42 43 40 30 27 35 27 24 28 30 24 25 25 19 20 22 18 17 17 18 19 20 21 21 22 23 23 25 25 27 28 29 33 31 31 31 31 31 33 32 33 34 33 33 33 32 33 33 34 35 36 36 38 37 36
35 34 32 33 29 23 23 23 26 26 25 26 24 25 25 27 26 28 27 27 28 29 30 37 33 32 32 37 52 45 48 52 47 45 44 43 41 43 46 36 28 28 26 25 24 22 21 25 28 21 21 19 17 17 17 17 19 20 21 21 22 23 23 25 27 28 29 30 31 31 31 31 31 32 33 33 34 33 33 33 33 33 34 34 34 34 37 36 37 37 37
