data/precipwarmq.asc
ncols        384
nrows        480
xllcorner    138.000000000000
yllcorner    -29.000000000000
cellsize     0.041666666667
NODATA_value -9999
[rows 228 to 265 of 480, columns 0 to 84 of 384]
288 288 287 287 288 290 292 294 303 303 302 303 305 308 309 309 310 308 308 307 307 307 309 309 311 313 315 315 316 318 319 320 321 321 321 321 321 319 319 318 317 315 314 315 316 317 316 319 322 325 328 331 337 342 346 350 354 359 361 363 365 367 365 365 365 362 360 358 356 354 357 356 356 357 357 357 353 351 352 357 359 355 356 358 357
280 282 281 282 284 285 288 292 295 299 302 300 303 306 307 307 308 306 304 305 305 306 308 307 309 309 311 313 315 316 316 318 320 321 319 319 319 317 317 317 317 316 316 316 318 318 318 319 322 326 329 331 336 340 344 347 350 353 355 357 359 360 359 356 357 356 356 353 353 353 350 353 350 353 351 351 350 351 350 352 351 351 350 352 354
274 276 277 278 280 282 286 288 293 296 297 299 300 302 302 305 302 302 302 301 302 303 306 306 306 308 309 311 312 313 313 315 318 319 319 318 317 317 318 317 317 317 317 318 319 320 319 321 324 326 330 333 335 338 341 343 346 347 349 351 353 352 353 352 351 350 349 349 348 353 349 349 350 349 351 348 345 346 346 346 348 346 349 352 351
268 270 271 274 277 280 282 285 287 291 292 293 295 296 298 297 298 298 297 299 300 300 303 303 303 305 305 307 309 310 311 313 313 316 317 317 317 317 316 317 318 317 318 320 320 321 321 322 326 328 330 332 333 336 340 341 343 343 344 346 347 348 347 346 347 345 346 345 345 348 346 347 345 345 347 345 344 342 341 344 342 344 344 345 346
265 267 268 270 273 274 276 278 280 283 286 289 289 291 292 293 293 293 293 296 296 299 301 302 300 302 303 305 307 308 310 311 313 314 315 315 316 316 316 316 318 318 318 320 322 322 324 323 325 326 328 330 333 335 336 336 339 341 341 342 341 341 342 343 343 341 343 342 339 343 342 341 342 342 341 341 340 340 340 339 338 342 342 342 344
259 261 263 264 266 269 272 274 277 279 280 283 283 286 287 287 288 288 289 293 294 294 296 296 298 301 300 302 304 307 307 308 311 312 314 314 315 316 316 316 318 318 319 321 321 324 324 325 325 326 327 330 333 333 334 332 335 338 338 336 337 338 338 338 338 337 338 336 336 338 337 336 336 338 340 338 337 338 336 336 335 337 339 341 341
255 255 258 260 261 264 266 270 271 272 275 277 278 281 282 284 283 284 285 289 290 291 292 294 294 295 297 299 302 304 305 307 309 311 312 312 313 314 316 317 318 318 320 322 323 324 325 325 327 326 327 330 331 331 332 331 330 332 333 333 334 334 334 334 335 333 334 333 333 335 337 334 335 335 332 331 332 332 332 331 331 333 335 339 340
249 253 254 255 257 259 262 264 266 268 271 272 274 275 277 280 278 280 279 282 286 288 289 290 292 293 296 298 300 302 304 307 308 309 311 312 313 314 316 316 317 320 321 323 325 325 325 326 328 327 327 328 329 330 330 330 329 329 328 330 331 331 331 331 331 331 330 331 331 332 331 328 329 330 330 329 328 328 328 328 329 329 331 334 335
247 249 250 251 254 256 259 260 262 265 265 268 270 272 273 274 274 275 278 278 279 282 283 286 288 290 293 294 298 302 304 305 307 309 310 311 313 313 314 316 320 320 322 323 325 326 327 327 328 327 326 326 326 328 328 327 328 327 326 326 327 328 329 328 328 326 327 327 330 328 327 325 327 327 324 324 327 326 325 324 325 325 328 330 331
243 244 246 249 251 254 256 258 259 262 263 265 267 267 269 268 270 269 274 276 275 277 279 282 286 287 291 293 297 301 302 304 305 308 308 312 313 312 313 316 319 319 323 324 326 328 327 327 328 328 328 325 324 325 325 325 325 325 323 323 323 323 324 325 324 324 324 325 326 327 324 323 322 325 324 324 324 322 322 322 323 323 325 326 328
238 240 241 245 247 252 252 253 256 258 259 260 261 263 262 263 263 263 266 268 270 273 277 281 283 286 290 294 297 299 301 303 307 308 309 312 312 313 314 315 318 320 322 324 326 328 328 327 327 325 326 324 323 322 323 322 322 322 321 319 320 320 321 320 319 319 319 322 321 321 318 317 317 319 321 320 322 317 319 319 318 318 322 322 325
234 237 239 241 243 246 249 252 253 254 255 257 257 257 257 258 257 258 260 263 267 271 274 277 282 286 290 293 295 298 299 302 307 307 309 311 312 313 313 315 318 318 321 323 326 327 327 326 325 325 324 323 321 319 320 319 319 319 319 316 317 317 318 316 316 317 316 318 317 318 314 315 313 315 313 315 318 315 316 317 316 316 318 320 320
230 233 235 240 241 241 244 247 250 250 251 252 254 254 254 255 253 252 256 263 267 271 271 276 281 285 290 291 295 296 299 304 308 306 309 309 312 310 313 315 316 316 319 323 326 326 325 324 323 322 320 319 319 317 317 317 317 317 315 312 314 313 314 314 313 313 313 314 313 312 312 312 312 312 313 310 313 311 311 310 311 312 315 314 317
229 231 232 236 238 238 242 242 245 247 249 249 251 250 252 251 251 252 254 261 264 270 273 275 279 284 289 293 294 296 302 304 307 307 306 309 313 310 312 314 315 316 318 320 322 323 323 321 321 319 318 315 314 315 315 314 314 312 312 309 311 311 310 311 312 310 310 310 311 308 308 310 310 309 322 312 306 308 307 308 309 309 310 311 314
226 229 231 233 234 236 239 241 242 244 246 247 249 248 250 249 251 253 254 260 265 269 272 275 278 283 291 294 295 299 303 305 305 305 305 310 313 310 311 313 313 314 315 316 318 318 319 318 317 317 315 314 313 312 312 312 311 310 308 307 308 308 308 308 308 307 306 307 307 306 305 305 305 304 303 308 306 304 303 303 305 305 308 311 312
224 225 228 229 232 235 236 239 240 242 245 244 245 247 249 250 251 253 256 259 266 270 273 274 280 284 292 293 293 300 304 304 305 304 306 313 311 311 310 313 311 313 313 314 313 314 315 314 314 313 312 311 311 309 309 308 308 307 305 306 305 305 306 304 304 304 303 303 303 304 303 302 301 301 302 301 301 301 299 299 301 302 305 307 309
223 225 227 230 232 234 237 237 241 243 244 244 246 247 249 251 252 253 256 260 265 270 273 274 279 286 293 293 295 299 304 304 304 304 309 313 312 311 311 309 309 310 311 311 311 309 311 310 309 308 307 306 307 307 307 305 304 303 302 303 303 303 302 301 300 301 301 300 301 301 301 300 301 299 300 300 297 297 298 296 299 301 302 304 305
222 224 227 230 232 234 235 238 242 241 242 242 245 247 250 252 253 254 257 261 265 270 274 277 279 285 293 294 295 300 303 305 304 305 311 314 311 308 311 309 309 307 308 308 306 306 307 306 306 304 303 304 303 303 303 302 302 300 301 301 301 300 300 300 298 298 299 299 298 297 298 298 296 295 296 298 296 298 301 297 296 297 298 301 305
221 223 226 229 232 233 235 238 242 241 241 243 246 248 251 252 253 254 257 262 264 268 274 278 281 288 297 299 298 301 303 305 304 306 311 311 309 308 312 310 306 305 306 306 304 305 302 302 301 301 300 299 301 300 300 300 298 298 297 297 298 297 296 296 295 295 295 295 295 295 295 294 294 293 294 295 293 295 296 294 294 296 297 300 306
220 222 224 228 230 231 234 238 241 241 242 243 246 249 250 251 252 254 257 261 264 267 272 278 282 288 294 299 301 302 304 303 304 310 311 313 309 308 310 309 306 304 303 303 301 300 300 300 297 296 296 296 296 297 297 296 296 296 295 295 296 295 295 293 294 294 293 292 293 292 294 292 292 291 294 294 291 291 294 293 292 295 298 299 302
220 222 225 227 229 231 234 238 241 242 242 245 246 247 250 250 253 254 257 261 264 268 273 277 280 286 291 295 299 301 300 302 307 310 308 310 309 310 308 305 303 301 300 300 300 298 296 295 294 293 293 294 294 295 295 293 292 293 293 292 293 294 293 291 292 290 291 291 291 291 290 289 289 288 290 290 291 292 292 291 292 292 296 296 302
220 221 226 227 229 232 234 237 241 243 243 245 246 247 250 251 253 256 258 262 264 268 271 275 280 287 290 294 299 301 303 303 307 308 307 306 310 308 304 301 299 299 299 299 297 297 294 294 291 291 291 291 291 292 292 290 291 289 290 290 289 290 290 290 290 288 290 289 286 290 287 287 288 285 286 287 310 288 288 290 289 291 294 294 295
220 222 225 227 230 232 236 238 240 243 243 245 246 249 252 252 254 255 259 262 264 267 271 275 280 284 291 296 299 301 302 306 308 306 304 305 304 304 301 302 299 299 297 297 295 295 294 293 291 290 289 289 290 290 291 289 289 287 288 288 289 288 288 287 284 286 285 286 286 290 286 286 285 284 283 283 293 291 287 289 289 290 291 292 292
219 222 225 227 229 232 236 238 241 243 243 244 247 249 253 255 254 255 258 262 266 267 270 275 281 284 288 295 300 303 304 307 308 304 303 301 302 304 302 299 299 298 296 297 295 295 293 290 290 288 289 289 289 289 289 287 287 286 285 285 286 284 284 284 282 283 282 283 283 285 283 281 282 282 282 282 283 288 286 287 288 287 288 290 292
218 221 224 226 229 232 235 238 241 243 243 244 247 250 252 255 256 256 259 262 265 269 271 276 281 285 288 295 299 302 303 303 303 304 304 301 306 306 302 299 298 297 296 296 294 291 291 290 290 287 287 287 288 289 287 285 284 284 282 282 283 282 281 281 280 279 278 280 279 279 279 279 278 278 279 280 281 281 282 284 286 286 288 293 292
217 219 221 224 227 231 233 236 238 241 242 244 248 251 253 254 258 258 262 263 267 269 272 277 281 285 290 292 298 303 303 302 304 304 303 304 304 304 304 300 297 297 297 297 294 291 291 289 289 287 287 286 287 287 286 285 282 281 280 281 280 278 278 277 276 276 274 275 275 276 276 276 276 275 277 275 277 278 280 283 285 285 287 292 294
216 218 220 223 227 230 233 234 237 240 243 245 248 251 252 255 258 257 260 264 266 268 272 275 280 284 289 293 297 300 300 301 302 302 304 308 306 304 300 299 297 295 293 294 292 295 291 290 287 286 286 286 285 285 284 282 280 279 277 278 277 275 275 274 274 273 272 272 272 272 272 273 273 271 273 275 276 276 279 281 281 282 284 287 292
214 216 218 221 224 228 231 234 236 237 241 244 247 249 252 254 258 258 259 264 266 268 270 275 277 283 288 292 295 298 300 304 303 301 308 308 305 302 300 298 297 295 294 293 293 292 291 289 287 284 285 284 283 283 282 280 279 278 277 276 274 273 271 271 270 270 269 269 269 268 268 269 269 269 269 271 274 273 275 278 277 280 280 284 291
212 213 216 219 223 226 229 232 235 237 239 242 246 249 252 254 257 259 260 263 265 268 269 275 279 282 285 287 291 293 295 299 299 301 304 303 301 300 298 299 295 295 293 294 295 293 289 288 287 285 284 283 283 282 281 278 276 276 275 274 272 270 269 268 269 266 266 264 265 265 263 264 265 265 267 268 271 271 273 276 276 276 278 280 285
288 290 294 297 221 224 226 229 232 236 317 320 322 325 328 253 255 258 259 341 264 266 269 273 276 367 284 286 288 290 292 295 298 298 299 300 300 299 297 297 293 294 293 292 294 296 290 289 286 285 284 283 282 282 280 278 275 275 274 272 272 269 267 265 267 264 261 260 260 260 259 260 262 264 265 266 268 270 271 273 276 277 280 284 287
286 288 292 218 218 221 225 228 231 234 315 318 320 324 327 251 331 256 337 261 263 265 268 272 360 363 280 284 286 287 288 292 297 295 296 298 301 300 295 296 292 291 290 292 296 295 288 287 286 285 283 282 282 281 278 276 273 273 273 271 269 266 266 264 262 263 260 259 257 257 255 258 258 259 261 265 266 267 270 272 275 279 280 285 287
285 288 291 294 296 220 223 225 228 231 314 317 320 322 325 328 330 254 257 260 262 264 267 352 357 359 364 281 284 284 286 291 295 294 295 299 301 299 294 296 290 288 289 293 293 291 287 286 285 287 283 281 280 280 277 274 274 271 271 269 268 264 263 263 260 259 258 257 254 254 251 253 255 257 260 263 263 266 267 271 275 277 281 283 284
285 287 210 292 295 297 301 224 227 229 311 314 317 320 323 326 251 252 254 256 261 263 264 269 355 357 361 364 368 369 281 289 290 291 292 294 294 293 295 294 287 285 288 293 292 288 287 287 286 286 284 282 281 279 276 274 272 271 267 266 265 264 261 260 259 257 255 254 253 251 248 250 252 255 257 258 262 265 265 268 272 276 278 282 284
206 285 208 290 293 295 298 299 225 228 308 313 315 319 320 323 248 250 252 255 257 260 262 266 270 354 358 362 363 364 368 373 375 287 290 292 290 288 291 292 288 283 286 289 287 284 287 286 287 285 283 281 279 278 275 272 270 268 266 265 264 261 260 258 257 255 253 252 249 249 250 249 251 254 254 257 259 261 262 266 269 273 276 280 283
280 283 286 288 291 292 295 297 299 302 306 309 312 315 318 320 246 248 249 251 255 259 261 263 347 352 356 359 361 361 365 369 370 375 381 381 285 280 281 286 280 278 279 285 281 284 285 286 287 285 283 280 279 278 274 272 268 267 264 262 261 260 258 258 256 252 252 251 250 248 248 247 249 251 253 256 257 256 259 264 268 271 274 275 280
278 281 282 286 287 289 291 294 297 300 303 306 309 313 314 316 318 319 321 250 252 332 335 340 344 347 350 352 355 357 361 365 367 369 374 377 377 277 273 277 270 271 272 276 275 282 283 284 286 284 283 280 277 276 274 271 267 264 262 261 259 258 255 255 254 253 251 250 249 248 246 248 248 248 252 251 251 254 256 260 265 267 269 275 273
275 278 280 282 285 287 289 291 294 297 300 303 306 309 311 312 314 315 318 321 324 327 332 336 340 343 346 349 350 352 357 362 363 367 368 371 277 274 365 367 366 362 267 266 269 275 280 282 285 285 280 277 276 274 270 268 264 262 261 260 257 257 253 254 253 250 249 246 247 246 246 247 246 245 246 250 249 252 254 259 263 265 268 271 272
272 275 276 280 281 283 286 289 291 293 296 299 302 303 306 309 311 313 315 318 321 325 328 331 335 339 342 345 347 350 353 357 357 363 362 368 361 359 361 363 360 359 259 260 264 268 272 277 280 280 278 275 273 270 268 264 261 259 259 259 258 255 254 252 251 248 246 245 244 244 244 244 244 242 243 244 247 249 252 256 260 262 265 267 268
