data/precipdrym.asc
ncols        384
nrows        480
xllcorner    138.000000000000
yllcorner    -29.000000000000
cellsize     0.041666666667
NODATA_value -9999
[rows 215 to 257 of 480, columns 96 to 191 of 384]
1 1 1 1 1 1 1 1 1 1 1 1 1 1 1 1 1 1 1 1 1 1 1 1 1 1 1 1 1 1 1 1 1 1 2 2 2 2 2 2 2 2 2 2 2 2 2 3 3 3 3 3 3 3 3 4 4 4 4 4 4 4 4 4 4 6 6 6 6 7 7 8 8 8 8 7 6 11 12 13 13 16 17 38 39 32 44 78 87 67 57 65 55 67 85 88
1 1 1 1 1 1 1 1 2 2 1 1 1 1 1 1 1 1 1 1 1 1 1 1 1 1 1 1 1 1 1 1 1 2 2 2 2 2 2 2 2 2 2 2 2 2 2 3 3 3 3 3 3 3 3 3 4 4 4 4 4 4 4 4 4 5 5 5 5 7 8 7 8 8 8 6 7 8 12 12 13 16 27 34 39 36 51 81 75 47 55 53 66 56 60 53
1 1 1 1 2 2 1 1 1 1 1 1 1 1 1 1 1 1 1 1 1 1 1 1 1 1 1 1 1 1 1 1 1 2 2 2 2 2 2 2 2 2 2 2 2 2 3 3 3 3 3 3 3 4 4 4 4 3 4 4 4 4 4 4 4 6 5 5 6 8 8 8 8 8 8 6 7 11 11 12 13 17 28 30 38 36 46 65 76 90 55 35 35 38 35 29
1 1 1 1 1 1 1 1 1 1 1 1 1 1 1 1 1 1 1 1 1 1 1 1 1 1 1 1 1 1 1 1 1 2 2 2 2 3 3 3 2 2 2 2 3 3 3 3 3 3 3 3 3 3 3 3 4 4 4 4 4 4 4 4 5 5 5 5 5 7 7 7 8 7 8 6 7 11 12 13 13 19 25 39 36 36 34 50 73 95 50 38 28 25 27 19
1 1 1 1 1 1 1 1 1 1 1 1 1 1 1 1 1 1 1 1 1 1 1 1 1 1 1 1 1 1 1 1 1 2 2 2 3 3 3 3 2 2 2 3 3 3 3 3 3 3 3 3 3 3 3 4 4 4 4 4 4 4 4 5 4 5 6 6 6 6 7 8 7 6 9 6 9 10 12 11 12 18 25 33 38 39 36 32 39 72 74 39 57 41 25 17
1 1 1 1 1 1 1 1 1 1 1 1 1 1 1 1 1 1 1 1 1 1 1 1 1 1 1 1 1 1 1 2 2 2 2 3 3 3 3 3 2 2 2 2 3 3 3 3 3 3 3 3 3 3 3 3 4 4 4 4 4 5 5 5 5 5 6 5 6 7 7 8 8 8 6 6 10 11 12 11 13 15 17 25 30 36 37 34 31 36 61 61 71 57 24 16
1 1 1 1 1 1 1 1 1 1 1 1 1 1 1 1 1 1 1 1 1 1 1 1 1 2 2 1 1 2 2 2 2 2 2 3 3 3 3 3 2 2 2 2 3 3 3 3 3 3 3 4 4 3 3 3 3 4 4 4 4 4 5 5 5 6 6 5 6 7 7 8 7 7 7 8 10 10 12 12 13 16 18 17 16 19 23 35 35 38 45 79 48 27 22 18
1 1 1 1 1 1 1 1 1 1 1 1 1 1 1 1 1 1 1 1 1 1 1 1 1 2 1 1 1 2 2 2 2 2 2 3 3 3 3 3 2 2 2 3 3 3 3 3 3 3 3 4 4 4 4 4 4 4 4 4 4 4 5 5 6 6 6 7 6 7 8 8 6 7 9 9 10 11 12 12 14 17 17 18 19 18 20 27 36 41 39 63 74 54 46 27
1 1 1 1 1 1 1 1 1 1 1 1 1 1 1 1 1 1 1 1 1 1 1 1 1 2 2 2 2 2 2 2 2 2 3 3 3 3 3 3 2 2 2 2 3 3 3 3 3 3 3 4 4 4 4 4 4 4 5 5 5 5 4 5 5 6 5 7 7 7 8 7 6 7 7 7 10 11 12 13 17 17 18 18 20 22 18 20 33 38 34 49 53 72 66 59
1 1 1 1 1 1 1 1 1 1 1 1 1 1 1 1 1 1 1 1 1 1 1 1 1 2 2 2 2 2 2 2 2 2 2 2 2 3 3 3 2 2 2 2 2 3 3 3 3 3 3 4 4 4 4 4 4 4 4 5 5 5 5 5 6 6 6 6 6 7 8 8 6 6 7 7 10 11 11 13 16 16 18 18 19 20 23 35 33 33 39 37 40 37 33 45
1 1 1 1 1 1 1 1 1 1 1 1 1 1 2 2 2 2 2 1 1 1 1 1 1 2 2 2 2 2 1 1 2 2 2 2 3 2 3 3 3 2 2 2 2 2 3 3 3 3 3 4 4 4 4 5 5 4 4 5 5 6 5 6 6 7 7 5 6 8 8 8 7 7 7 7 9 10 11 13 15 14 15 19 19 20 28 39 40 36 35 42 40 43 44 43
1 1 1 1 1 1 1 1 1 1 1 1 2 1 2 2 2 2 2 2 2 2 1 2 2 2 2 2 3 2 2 1 1 2 2 2 2 2 2 3 3 2 2 3 2 3 3 3 3 3 4 4 4 4 5 5 5 5 5 6 6 5 6 6 6 7 6 5 5 8 9 9 8 7 7 7 8 9 11 11 12 12 15 18 20 25 33 35 37 38 31 47 42 45 35 37
1 1 1 1 1 1 1 1 1 1 1 1 1 1 1 2 2 2 2 2 2 2 2 2 2 2 2 2 3 1 1 1 2 2 2 2 2 2 2 2 2 2 3 3 3 3 3 3 3 3 3 4 4 4 5 4 5 5 5 6 6 6 6 6 5 5 5 5 5 8 8 8 9 9 9 6 8 10 11 10 8 10 13 17 20 27 29 41 37 43 38 40 38 34 32 28
1 1 1 1 1 1 1 1 1 1 1 1 1 1 1 1 1 2 2 2 3 2 3 3 3 2 2 2 2 2 1 2 2 2 2 2 2 2 2 2 2 2 3 3 3 3 3 3 3 3 4 4 5 5 4 5 4 5 5 6 6 6 6 6 5 5 5 5 5 6 8 8 7 9 9 7 8 8 8 8 9 10 13 17 19 20 21 33 36 38 45 43 35 41 34 28
1 1 1 1 1 1 1 1 1 1 1 1 1 1 1 1 2 2 2 2 2 3 3 3 3 3 2 2 2 2 2 2 2 2 2 2 2 2 2 2 2 3 3 3 3 3 3 3 3 3 4 5 4 4 5 5 4 5 5 6 6 6 6 5 6 5 5 5 7 8 8 8 8 9 9 8 9 8 8 8 11 10 10 15 18 20 20 25 39 37 44 35 41 38 40 31
1 1 1 1 1 1 1 1 1 1 1 2 2 2 1 1 2 2 2 2 2 2 2 2 3 3 3 2 2 2 2 2 3 3 3 2 2 2 2 2 2 3 3 3 3 3 3 3 5 4 4 5 4 4 4 4 5 5 6 7 7 7 6 7 6 5 5 4 5 6 7 8 9 9 9 9 8 8 10 10 11 11 11 14 17 19 20 22 28 31 38 37 38 36 29 30
1 1 1 1 1 1 1 1 1 2 2 1 2 2 2 2 2 2 2 2 2 2 2 2 3 3 4 4 3 3 3 3 3 4 4 3 3 2 3 2 2 3 3 4 3 3 3 3 5 5 5 4 4 4 5 5 5 6 7 7 7 7 7 6 6 6 5 5 5 5 6 7 8 9 9 10 8 8 10 10 11 11 12 14 15 18 21 21 22 36 36 37 34 53 31 31
1 1 1 1 1 1 1 1 1 1 2 1 1 2 2 2 2 2 2 2 2 2 2 3 3 3 4 4 4 3 3 4 3 4 4 4 4 2 3 4 3 4 4 4 3 4 4 3 4 4 4 5 5 5 5 5 6 6 7 7 7 7 6 6 6 5 5 5 5 6 7 7 7 8 9 8 8 7 7 10 9 10 11 13 14 16 18 18 20 26 36 43 39 51 34 29
1 1 1 1 1 1 1 1 1 2 2 2 1 2 2 2 2 2 2 2 2 2 2 3 3 3 3 3 3 4 4 4 4 4 4 4 4 3 4 4 4 4 4 4 4 4 4 3 3 4 4 5 5 5 5 6 6 6 6 7 7 6 6 6 6 5 5 4 5 5 8 8 7 7 8 8 8 7 8 9 10 9 10 11 9 11 14 12 14 21 23 32 41 35 28 29
1 1 1 1 1 1 1 1 1 1 1 1 2 2 2 2 2 2 2 2 2 3 3 3 3 3 3 4 3 3 3 3 3 3 4 4 4 4 4 4 4 4 4 4 4 4 4 3 3 4 4 4 5 6 5 6 6 7 7 7 7 6 6 6 6 5 5 5 4 5 8 8 7 8 8 8 8 9 8 9 9 8 10 11 10 12 13 13 13 14 21 33 38 30 29 29
1 1 1 1 1 1 1 1 1 2 2 2 2 2 2 2 2 2 2 2 3 3 3 3 3 3 4 3 3 4 3 3 4 4 4 4 4 4 3 3 4 4 4 4 4 4 3 3 4 4 5 5 5 5 6 6 5 7 7 7 7 7 6 6 6 5 5 5 4 6 7 8 8 8 8 8 8 9 9 9 9 9 9 9 9 10 11 12 12 14 16 22 36 37 25 29
2 1 1 1 2 2 2 2 2 2 2 2 2 2 2 2 2 2 2 3 3 3 3 4 4 3 3 3 3 3 4 4 4 4 4 4 4 4 4 4 4 4 4 4 4 3 3 4 4 5 5 5 6 5 6 6 6 6 7 7 7 7 6 5 5 5 5 4 5 5 7 8 8 8 7 8 8 9 9 9 9 9 9 9 9 10 10 10 12 9 13 15 16 22 30 32
2 2 1 1 2 2 2 2 2 2 2 2 2 2 2 2 2 2 3 2 3 3 3 3 4 3 3 3 3 3 4 4 4 4 3 3 4 4 3 3 4 4 4 4 4 4 3 4 4 5 5 5 5 6 6 6 6 7 8 7 7 7 6 5 5 5 5 4 5 6 8 7 8 8 8 9 8 8 9 9 9 9 9 9 9 10 11 12 11 13 11 11 11 15 18 21
1 1 1 1 2 2 2 2 2 2 2 2 2 2 2 2 2 3 3 3 2 2 3 3 3 3 3 3 3 3 3 3 3 3 3 3 4 4 4 4 4 4 4 4 4 4 3 4 4 4 4 4 5 5 6 5 7 7 7 8 8 7 5 5 5 5 5 5 6 5 6 7 8 8 9 8 9 8 8 9 9 10 10 9 9 9 10 11 10 11 11 10 10 10 12 16
1 2 2 1 2 2 2 2 2 2 2 2 2 2 2 2 3 3 3 3 3 3 3 4 3 3 3 3 3 3 3 3 3 3 3 3 4 4 4 4 4 4 4 4 4 4 4 4 4 5 4 4 4 6 6 6 7 8 7 8 8 8 5 5 5 5 5 5 6 5 5 8 7 8 9 9 9 9 9 9 9 10 10 9 9 9 9 10 11 10 9 10 10 10 9 10
2 2 2 2 2 2 2 2 2 2 2 2 2 2 2 3 3 3 2 3 3 3 3 3 3 3 3 3 3 3 3 3 3 3 3 4 4 4 4 4 4 4 4 4 4 3 4 4 5 5 4 4 5 5 6 6 7 8 7 8 8 7 6 5 5 5 5 6 5 5 5 6 7 7 9 9 9 9 9 9 8 9 9 10 10 10 10 9 9 10 10 10 11 11 10 11
1 2 2 2 2 2 2 2 2 2 2 2 2 2 2 3 3 3 3 3 3 3 3 3 3 3 3 3 3 3 3 3 3 3 3 4 4 4 4 4 4 4 4 4 4 4 4 4 4 4 4 4 4 5 5 7 8 7 8 8 8 7 6 6 5 5 5 5 5 6 6 8 7 6 8 9 9 9 9 10 10 10 10 10 10 9 9 10 10 10 10 10 10 10 10 10
2 2 2 2 2 2 2 2 2 2 2 2 2 2 2 3 3 3 3 3 4 3 3 3 3 3 3 3 3 3 3 3 3 3 3 3 4 4 4 4 4 4 4 4 4 4 4 4 4 4 4 5 4 5 6 7 8 8 8 8 8 7 6 6 5 6 6 5 5 6 6 7 7 6 9 9 9 9 9 9 10 10 10 10 9 10 10 10 10 10 10 9 10 10 10 9
2 2 2 2 2 2 2 2 2 2 2 2 2 3 3 3 3 3 3 3 3 4 4 4 4 3 3 3 3 3 3 3 3 3 3 4 4 4 4 4 4 4 4 4 4 4 4 4 4 4 4 6 5 5 6 7 7 8 8 8 8 7 7 6 6 5 6 6 5 6 6 7 5 6 8 9 9 9 9 10 9 9 9 10 10 10 9 10 10 9 9 9 9 10 9 10
2 2 2 2 2 2 2 2 2 2 2 2 3 3 3 3 3 3 3 3 3 3 4 4 3 3 3 4 3 3 3 3 3 3 4 4 4 4 4 4 4 4 4 4 4 4 4 4 4 4 5 6 5 5 6 7 7 8 8 8 8 8 7 6 6 6 5 5 6 6 7 6 5 6 7 7 7 8 8 9 8 9 8 9 10 10 9 9 9 9 9 8 9 9 10 10
2 2 2 2 2 2 3 3 3 3 3 3 3 3 3 3 3 3 3 3 3 3 4 4 4 3 4 4 4 4 4 3 4 3 3 4 4 4 4 4 4 4 5 5 4 4 4 4 4 4 5 5 6 6 7 7 8 7 8 8 8 6 6 6 5 5 6 6 5 5 6 6 6 7 7 8 8 9 9 7 9 9 10 9 10 9 8 9 9 8 8 9 8 10 10 10
2 2 2 2 2 3 3 3 3 3 3 3 3 3 3 3 3 3 3 3 3 3 3 4 3 3 3 4 4 4 4 4 4 4 4 3 3 4 4 4 4 4 4 5 5 4 4 4 5 4 5 5 5 6 6 7 7 8 8 8 8 7 6 6 6 6 6 6 6 6 7 7 7 7 7 7 8 8 7 8 9 9 9 9 9 9 9 9 9 8 8 8 8 10 10 10
2 2 2 2 3 3 3 3 3 3 3 3 3 3 3 3 3 3 3 3 3 3 3 3 3 3 3 3 4 4 4 4 4 4 4 4 3 3 4 4 4 4 5 5 5 5 5 5 5 4 5 5 5 6 6 7 8 7 8 8 8 8 7 6 5 5 7 7 6 6 6 7 7 7 7 6 7 7 7 8 9 9 8 8 9 9 9 8 8 8 8 8 9 9 9 10
2 2 2 3 3 3 3 3 3 3 3 3 3 3 3 3 3 3 3 3 3 3 3 3 3 3 3 3 4 4 4 4 4 4 4 4 4 4 4 4 4 4 5 5 5 5 5 5 5 4 5 5 6 6 6 7 7 8 8 8 8 8 7 7 6 6 6 6 7 6 6 7 7 7 7 7 7 7 7 7 7 8 8 8 8 9 8 8 8 8 8 8 8 9 8 9
2 2 2 3 3 3 3 3 3 3 3 3 3 3 3 3 3 3 3 3 3 3 3 3 3 3 3 4 4 4 4 4 4 4 4 4 4 4 3 4 4 4 5 5 5 5 5 5 5 4 5 5 6 6 6 6 7 8 8 8 8 8 7 7 7 7 7 7 7 7 7 7 7 7 7 7 7 8 8 7 8 8 8 8 8 9 8 8 7 8 8 8 9 9 9 10
2 3 3 3 3 3 3 3 3 3 3 3 3 3 3 3 3 3 3 3 3 3 3 3 3 4 4 4 4 4 4 4 4 4 4 3 4 4 4 4 4 5 5 5 5 5 5 5 5 4 5 5 6 6 6 6 7 7 8 9 8 7 7 7 7 8 8 8 8 8 8 7 7 8 7 8 8 8 8 7 7 8 8 8 8 9 9 8 8 8 8 9 10 9 9 10
2 3 3 3 3 3 3 3 3 3 3 3 3 3 3 3 3 4 4 4 4 4 4 4 4 4 4 4 4 4 4 4 5 5 4 4 4 4 4 5 5 5 5 5 5 5 5 5 5 4 5 6 6 6 6 6 7 7 8 8 8 7 8 7 7 8 8 8 8 8 8 7 8 8 8 8 8 8 7 8 8 8 8 8 8 8 8 8 9 8 9 9 10 10 9 10
2 2 3 3 3 3 3 3 3 3 3 3 3 3 3 3 4 4 4 3 4 4 4 4 4 4 4 4 4 4 4 4 5 5 5 4 4 5 5 5 5 5 5 5 5 5 6 5 4 4 5 6 6 6 6 6 6 6 7 8 8 8 7 7 7 8 8 8 8 8 8 8 9 9 8 8 8 8 8 8 9 9 9 8 9 9 9 8 8 9 9 9 9 10 10 10
2 2 3 3 3 3 3 3 3 3 3 3 3 3 3 4 4 3 4 4 4 4 4 4 4 4 4 4 4 4 4 5 5 5 5 5 5 5 5 5 5 5 5 5 5 5 5 5 4 4 5 5 5 5 6 6 6 6 7 8 9 8 8 8 8 8 8 8 8 8 8 8 8 8 8 8 8 8 8 8 8 8 8 8 9 9 9 9 8 9 9 9 9 10 10 10
2 2 2 3 2 2 2 3 3 3 3 3 3 3 3 4 3 4 4 4 4 4 4 4 4 4 4 4 4 4 5 4 5 5 5 5 5 5 5 5 5 5 5 5 6 5 5 5 5 4 4 4 5 5 6 6 6 6 7 8 9 9 9 9 8 8 8 9 9 9 9 9 9 9 8 9 9 8 8 8 8 8 8 8 7 8 8 9 10 9 8 8 9 9 10 10
3 2 2 3 2 2 2 3 3 3 3 3 3 3 3 4 4 4 4 4 4 4 4 4 4 4 4 4 4 5 5 5 4 4 5 5 5 5 5 5 5 5 5 6 6 5 5 5 5 5 4 4 5 5 5 6 6 7 7 7 8 9 9 9 8 8 9 8 9 10 9 9 9 9 8 9 9 8 8 8 8 8 8 8 8 8 8 9 8 8 7 7 8 9 9 10
3 3 3 3 3 2 2 2 3 3 3 3 3 3 3 4 4 4 4 4 4 4 4 4 4 4 4 4 4 4 5 5 4 5 5 5 5 5 5 5 5 5 6 6 6 6 5 5 5 5 4 4 5 5 5 6 7 7 7 8 8 9 9 9 9 8 9 9 10 10 9 9 9 9 9 8 9 8 9 8 8 8 8 8 8 8 8 9 9 9 8 8 8 9 9 9
3 3 3 2 3 2 2 2 3 3 3 3 3 3 4 4 4 4 4 4 4 4 4 4 4 4 4 4 5 5 5 5 4 5 5 5 5 4 5 5 5 6 6 6 6 6 6 6 6 5 6 5 5 5 5 6 7 7 7 9 9 9 9 9 9 9 9 9 10 9 9 9 8 9 9 9 9 9 8 8 9 8 8 8 8 8 9 9 10 10 9 9 9 10 9 9
