data/precipwarmq.asc
ncols        384
nrows        480
xllcorner    138.000000000000
yllcorner    -29.000000000000
cellsize     0.041666666667
NODATA_value -9999
[rows 380 to 417 of 480, columns 0 to 84 of 384]
51 51 51 50 50 50 50 50 50 50 50 51 51 52 53 54 55 58 58 60 63 65 66 68 70 73 75 77 78 81 82 84 84 87 87 88 89 89 91 93 95 96 98 99 102 102 103 104 105 107 108 109 110 111 113 113 116 116 116 116 119 119 120 120 122 124 125 127 127 128 128 129 130 130 132 131 131 133 132 133 133 133 133 132 133
50 49 48 48 48 48 48 47 47 48 48 49 49 49 52 53 54 56 58 60 61 64 66 68 70 73 75 77 78 81 82 84 84 85 86 88 88 90 90 92 93 96 98 100 102 102 102 104 105 107 108 109 110 111 112 113 115 115 115 117 117 120 119 120 123 124 126 126 126 128 128 129 129 131 132 133 132 133 132 133 133 132 132 133 133
48 48 48 48 48 47 47 47 47 47 47 47 47 49 49 51 53 54 56 59 61 64 66 69 71 73 74 76 79 80 82 85 85 85 85 87 88 90 91 93 95 97 98 100 101 101 102 103 105 106 107 108 110 111 112 112 113 115 116 116 117 119 120 120 122 123 124 126 126 125 127 128 130 131 132 132 132 132 133 132 132 132 132 132 132
48 48 47 47 46 46 46 46 46 46 47 47 47 47 49 49 51 54 56 58 61 64 66 68 71 72 74 76 78 81 82 83 85 86 88 89 91 91 92 95 95 97 97 99 99 100 102 103 105 106 107 108 108 110 111 113 114 113 116 117 117 119 121 122 122 123 124 124 124 126 126 127 129 132 131 130 132 131 132 132 133 132 133 131 134
47 47 46 46 46 46 46 46 45 45 45 44 45 45 46 49 50 52 55 58 62 64 66 68 71 72 75 76 78 80 83 83 86 87 89 90 90 91 92 94 95 95 97 98 100 100 102 103 104 106 106 107 108 110 111 112 113 114 115 117 117 119 119 120 121 123 123 124 126 126 127 127 129 130 131 131 131 131 132 133 133 131 130 131 131
47 46 46 46 46 46 45 45 44 44 43 44 44 44 45 47 50 52 55 58 62 64 67 68 71 72 75 77 79 80 83 84 86 87 89 90 90 91 92 93 95 96 96 98 99 100 101 103 103 104 105 107 108 109 111 113 114 114 115 116 118 119 120 120 121 123 123 124 125 124 125 126 127 128 130 131 131 131 132 133 132 130 130 129 128
46 46 46 46 46 45 45 44 43 43 43 43 43 43 45 47 51 53 55 58 62 64 67 68 70 73 75 77 79 81 82 84 87 87 88 91 91 92 93 94 95 96 96 98 99 100 100 102 102 104 106 107 108 109 111 111 113 114 115 116 118 118 119 120 121 123 123 124 125 125 124 125 125 127 128 128 128 129 130 132 132 130 128 126 127
46 45 46 46 45 44 44 44 44 44 43 42 42 42 43 47 50 53 55 59 62 65 67 69 70 73 75 78 78 81 82 85 86 88 89 89 91 92 94 94 95 96 97 98 98 100 100 101 102 103 105 106 108 109 110 111 112 114 115 117 118 118 120 121 121 123 124 124 125 125 125 126 127 127 128 128 129 127 128 129 129 128 126 124 124
45 45 45 44 44 44 44 44 44 44 43 42 42 41 43 47 51 54 57 61 63 66 67 70 71 74 75 78 79 82 84 85 87 88 89 89 91 92 93 94 94 94 97 96 98 98 100 100 102 102 105 106 107 108 109 111 112 114 114 117 117 119 120 121 122 123 123 124 124 125 124 124 126 126 127 125 125 124 125 127 125 121 120 120 123
45 45 45 44 44 44 44 44 45 45 44 44 44 45 46 49 52 56 58 61 63 66 68 71 72 74 76 79 80 82 84 86 87 89 89 90 92 93 93 95 94 95 96 96 98 98 100 100 102 102 104 105 106 107 109 110 112 113 115 115 118 119 121 121 123 124 124 123 124 124 124 123 125 124 124 122 121 122 122 121 119 117 117 117 117
45 45 44 44 45 45 45 46 46 46 46 46 46 49 51 54 57 59 61 64 64 67 69 71 73 74 76 79 81 83 84 86 88 90 90 91 92 92 93 93 94 95 96 97 98 98 99 100 101 102 102 105 105 107 108 110 111 114 114 116 118 119 120 122 123 123 124 124 123 124 123 123 123 123 123 121 119 118 117 116 115 112 108 112 112
45 44 44 45 45 45 46 46 47 47 48 50 50 53 55 57 60 62 62 64 66 69 69 72 74 74 77 80 82 83 85 87 88 89 90 91 91 94 93 95 95 95 96 97 97 98 99 100 100 101 102 102 105 105 107 109 110 112 115 115 118 119 120 122 122 123 123 124 124 124 125 123 123 123 121 118 119 118 115 111 110 106 102 106 110
45 44 45 45 45 46 47 47 47 49 50 51 53 56 59 62 63 63 64 66 67 69 71 72 74 74 77 80 82 84 85 86 89 89 91 91 92 94 95 95 95 95 96 97 97 97 98 99 100 100 100 101 104 104 107 108 110 111 114 115 117 119 120 122 123 123 125 125 125 124 124 123 121 121 120 118 115 114 112 107 108 106 101 101 105
45 45 45 45 46 47 47 48 49 50 51 53 55 58 61 64 64 65 65 67 67 70 71 71 74 76 79 80 82 84 86 86 89 90 91 93 93 95 95 95 96 96 96 95 96 96 97 97 97 98 98 101 101 104 105 108 109 110 112 115 118 119 120 122 123 123 124 126 125 123 123 123 119 118 119 116 113 112 111 108 108 103 101 105 105
45 45 45 45 47 47 47 48 50 50 52 53 56 58 61 64 65 65 66 67 68 70 71 72 74 77 79 81 82 84 86 87 89 90 92 93 94 95 94 95 96 96 95 94 94 95 96 94 95 97 98 99 101 102 105 106 108 110 112 114 116 119 120 122 123 124 125 124 125 124 123 121 120 118 117 116 111 112 109 107 102 101 101 104 105
45 45 45 46 47 47 48 49 50 52 53 55 57 58 60 63 64 65 66 67 68 70 71 73 74 77 79 81 83 85 86 87 90 90 92 93 94 95 95 95 95 95 94 94 93 93 94 93 94 95 96 98 99 100 102 104 106 107 111 114 115 118 121 123 124 124 126 125 125 124 122 121 119 118 115 114 113 111 107 108 105 103 105 106 105
45 45 45 47 47 47 48 49 50 52 53 55 57 59 60 63 63 64 66 67 68 70 71 73 75 77 79 81 83 86 87 89 90 92 92 93 94 96 95 95 95 93 92 93 92 91 91 92 92 93 95 95 97 98 101 103 104 107 110 113 115 118 121 122 125 126 127 126 125 125 123 120 119 117 115 113 113 110 109 107 105 104 104 105 108
45 45 45 47 47 48 49 50 50 52 53 55 57 58 59 61 62 64 65 66 68 68 71 72 74 76 79 82 83 86 87 89 90 92 94 94 94 95 95 95 94 93 92 90 90 89 89 89 91 92 93 93 94 97 99 100 103 106 108 111 114 118 120 123 125 126 127 127 126 125 123 122 120 118 113 112 112 110 108 107 105 105 105 105 105
45 45 45 47 47 48 49 50 51 52 54 54 56 58 59 60 61 63 63 65 67 68 70 72 73 75 78 80 82 85 86 89 90 93 94 95 96 95 95 95 93 92 90 89 88 87 86 87 87 87 90 92 92 95 97 99 102 103 107 111 113 117 120 122 126 128 128 127 126 126 122 121 118 117 115 113 111 109 109 107 107 104 104 104 105
45 45 45 47 47 48 49 49 50 52 53 54 56 56 58 59 60 62 63 64 66 67 69 71 73 74 76 78 82 85 87 89 91 93 94 96 96 97 95 94 92 91 89 88 87 85 85 84 85 87 88 89 90 92 95 97 100 103 105 109 112 114 119 123 126 129 130 129 127 123 122 121 117 116 114 113 111 109 108 107 107 104 104 104 106
45 45 47 47 47 48 48 48 50 50 51 52 55 56 57 58 59 60 62 63 63 66 68 69 72 74 76 79 81 85 87 89 91 92 95 96 96 96 95 94 92 89 86 84 83 83 83 83 83 85 85 87 89 91 92 95 97 101 102 106 110 114 118 121 125 131 130 129 127 123 122 120 116 116 113 112 110 109 107 106 106 104 104 104 105
45 45 47 47 47 46 48 48 49 50 51 52 53 55 56 57 58 58 61 62 62 65 65 68 70 72 75 77 79 83 87 90 91 93 94 94 95 95 95 92 90 86 84 82 80 80 80 80 81 83 83 85 87 89 90 92 95 96 100 104 107 112 115 118 122 126 126 125 122 122 121 118 117 115 114 111 109 109 107 106 106 107 104 104 105
45 45 45 47 47 46 48 48 49 50 50 52 53 53 56 56 57 57 59 60 61 62 64 67 68 71 74 76 79 82 86 88 89 92 93 93 94 95 93 90 87 83 81 78 77 78 76 76 77 79 80 82 84 85 87 89 92 96 98 101 105 108 112 115 119 122 122 121 121 120 117 116 115 114 113 110 109 108 107 108 107 107 105 104 105
45 45 45 47 47 46 47 48 49 49 51 51 52 53 54 54 56 56 58 58 60 61 63 64 66 68 71 74 77 81 84 87 90 90 90 92 92 92 90 87 83 80 77 75 73 73 73 73 74 75 76 78 80 83 84 86 89 92 96 98 102 106 109 113 116 117 118 117 118 116 115 114 115 114 112 110 109 107 107 108 108 106 107 105 105
45 45 45 47 46 46 47 48 49 49 49 51 51 52 52 53 54 55 56 57 57 59 60 62 64 67 68 71 75 78 82 86 88 88 88 87 87 86 84 82 78 75 73 70 68 68 68 68 71 72 73 76 78 79 82 84 86 90 93 95 98 102 106 109 112 114 114 115 116 114 114 115 113 111 111 108 108 107 106 107 107 106 107 105 105
45 45 45 47 46 46 47 47 48 49 49 50 50 52 52 53 53 53 55 55 56 57 58 60 62 64 66 69 72 74 78 83 86 85 83 82 82 81 79 76 74 71 67 66 63 63 63 65 66 69 70 71 74 77 78 80 84 86 90 92 96 99 103 106 108 110 112 111 112 112 111 112 110 109 109 108 108 107 107 109 109 107 106 105 104
45 45 45 47 46 46 47 47 47 49 49 50 50 51 51 52 52 52 53 53 54 55 56 58 58 60 64 65 67 71 75 77 79 79 78 77 77 75 73 70 69 67 63 61 58 59 59 60 62 64 67 69 71 73 76 77 80 84 87 90 93 97 100 103 107 108 108 108 109 109 108 109 109 108 107 107 106 106 107 109 106 104 104 104 104
45 45 45 46 47 46 46 47 47 48 48 48 49 49 50 50 51 51 51 52 51 52 53 55 56 57 60 62 64 66 68 71 71 72 71 70 70 68 67 65 63 61 58 55 53 55 55 57 59 62 65 66 69 72 73 75 78 80 83 87 90 94 97 100 103 105 107 107 108 109 108 108 108 107 107 106 106 106 107 105 103 102 102 103 103
45 45 45 46 47 46 46 47 47 48 48 48 49 49 50 50 49 49 50 50 50 50 51 52 54 55 57 59 60 62 63 64 65 65 65 64 64 63 62 60 59 57 53 50 50 50 52 55 56 59 62 65 66 68 71 72 74 78 80 84 87 90 94 97 102 102 104 104 106 106 106 106 106 106 104 105 104 105 107 104 102 102 102 102 102
44 45 45 45 47 46 46 47 47 47 48 48 48 49 48 49 49 47 48 49 48 48 48 50 51 53 54 55 56 58 59 60 59 60 60 59 59 58 57 56 55 52 50 48 46 47 50 51 54 58 60 62 65 66 68 70 72 74 77 80 85 89 91 95 99 99 102 102 103 104 104 105 105 105 104 104 104 104 104 102 101 101 101 102 101
44 45 45 45 46 46 46 46 47 47 48 47 47 48 48 48 47 47 47 46 45 46 46 47 49 50 52 52 53 55 55 55 55 55 56 56 56 55 54 53 52 50 48 46 46 47 49 50 53 56 59 61 63 65 67 68 70 71 75 79 84 87 90 95 98 98 99 101 101 102 102 104 103 103 104 103 104 104 103 101 101 100 100 100 100
44 45 45 45 45 45 45 46 47 47 47 47 47 47 48 47 46 47 46 46 45 44 43 44 47 48 50 49 51 51 52 52 52 51 52 53 53 52 52 51 50 49 47 46 46 47 48 51 53 56 58 61 63 65 66 68 70 72 76 78 82 85 89 95 99 100 98 100 100 101 102 102 102 104 104 103 105 104 102 101 101 100 99 100 100
44 45 45 45 45 45 46 46 47 46 46 46 47 47 47 47 47 45 45 45 45 44 43 43 45 46 48 49 49 49 50 50 50 51 50 50 50 49 50 49 49 48 47 46 47 46 48 50 52 55 57 60 61 64 66 68 71 73 75 79 81 86 90 93 97 97 98 98 99 100 100 101 101 104 103 104 104 103 101 100 100 100 100 100 100
44 44 45 45 45 45 46 45 46 47 46 46 46 47 47 46 47 46 46 45 45 44 44 44 45 45 47 47 48 49 48 49 49 48 49 49 49 49 48 48 47 47 46 46 46 47 49 50 52 55 56 59 61 64 66 67 70 73 75 80 83 87 90 94 96 98 99 100 100 100 100 101 100 101 103 105 103 102 101 100 100 100 100 100 100
44 44 45 45 46 46 47 46 46 46 46 46 46 46 47 46 46 46 45 44 44 43 44 43 44 45 46 46 47 47 47 48 48 48 47 48 48 47 47 48 47 47 46 46 47 47 49 50 53 55 56 59 62 64 66 68 71 74 76 80 85 87 90 95 98 97 100 101 102 101 99 100 101 102 104 103 102 102 100 99 99 99 98 99 99
44 44 45 46 46 46 46 47 47 46 46 46 46 46 46 47 46 46 45 45 44 45 44 45 45 45 46 45 46 46 47 47 48 47 47 48 46 47 46 46 47 47 47 48 48 49 50 50 53 55 57 59 62 65 67 69 72 73 78 81 84 88 92 96 97 98 100 100 101 100 102 101 102 103 103 101 101 102 99 100 99 98 98 98 98
44 45 44 46 46 46 46 47 47 47 47 47 47 46 46 46 46 46 46 46 45 44 45 44 45 45 45 46 45 46 46 46 47 46 47 46 47 46 46 46 47 47 47 47 48 49 50 51 53 56 57 60 62 64 67 69 72 74 78 81 84 89 92 94 95 97 99 99 101 101 104 101 102 104 103 101 100 100 100 99 99 99 98 98 98
44 44 45 45 46 46 46 46 47 47 47 47 48 48 47 47 47 47 46 46 45 46 45 45 45 45 45 45 46 46 46 46 46 46 45 46 46 46 47 46 46 47 47 48 49 50 51 52 54 56 58 60 62 65 67 70 72 75 78 81 85 87 89 93 95 98 99 100 101 102 103 102 103 103 103 100 101 101 100 98 98 98 98 98 96
