data/rh3ann.asc
ncols        384
nrows        480
xllcorner    138.000000000000
yllcorner    -29.000000000000
cellsize     0.041666666667
NODATA_value -9999
[rows 66 to 87 of 480, columns 96 to 143 of 384]
64.7108001708984375 62.1275177001953125 59.774951934814453125 59.4988250732421875 59.222698211669921875 59.441616058349609375 59.8726959228515625 60.472454071044921875 61.46579742431640625 62.459140777587890625 62.97724151611328125 63.442539215087890625 64.2146148681640625 65.29347991943359375 66.36835479736328125 67.40735626220703125 68.44635772705078125 69.6660308837890625 70.963134765625 72.614349365234375 75.0918121337890625 77.56928253173828125 78.32989501953125 78.899749755859375 79.4665069580078125 80.03015899658203125 80.5465545654296875 80.63764190673828125 80.72873687744140625 80.7560577392578125 80.72265625 80.69062042236328125 -9999 -9999 -9999 -9999 -9999 -9999 -9999 -9999 -9999 -9999 -9999 -9999 -9999 -9999 -9999 -9999
62.924465179443359375 61.070186614990234375 59.3809967041015625 59.177600860595703125 58.97420501708984375 59.205852508544921875 59.62395477294921875 60.19264984130859375 61.11273956298828125 62.03282928466796875 62.5185394287109375 62.955982208251953125 63.657787322998046875 64.62395477294921875 65.58293914794921875 66.47731781005859375 67.37169647216796875 68.519012451171875 69.77472686767578125 71.3542938232421875 73.68952178955078125 76.024749755859375 76.98534393310546875 77.7931976318359375 78.55577850341796875 79.273101806640625 79.95574951171875 80.3263397216796875 80.696929931640625 80.80810546875 80.73017120361328125 80.69305419921875 -9999 -9999 -9999 -9999 -9999 -9999 -9999 -9999 -9999 -9999 -9999 -9999 -9999 -9999 -9999 -9999
61.23538970947265625 60.1059417724609375 59.07109832763671875 58.88771820068359375 58.704334259033203125 58.91265106201171875 59.28884124755859375 59.784732818603515625 60.5599365234375 61.33514404296875 61.866485595703125 62.370731353759765625 63.07147216796875 63.968708038330078125 64.85686492919921875 65.6633148193359375 66.46976470947265625 67.46619415283203125 68.54404449462890625 69.8070831298828125 71.5022430419921875 73.1974029541015625 74.50330352783203125 75.76595306396484375 76.796051025390625 77.593597412109375 78.4078521728515625 79.37241363525390625 80.33697509765625 80.6263427734375 80.6263427734375 80.54868316650390625 -9999 -9999 -9999 -9999 -9999 -9999 -9999 -9999 -9999 -9999 -9999 -9999 -9999 -9999 -9999 -9999
59.546314239501953125 59.141696929931640625 58.761203765869140625 58.59783172607421875 58.4344635009765625 58.61944580078125 58.95372772216796875 59.3768157958984375 60.007137298583984375 60.63745880126953125 61.214435577392578125 61.78548431396484375 62.48516082763671875 63.313465118408203125 64.13079071044921875 64.84931182861328125 65.56783294677734375 66.4133758544921875 67.3133544921875 68.2598724365234375 69.31496429443359375 70.37005615234375 72.02126312255859375 73.73870849609375 75.03631591796875 75.914093017578125 76.85994720458984375 78.418487548828125 79.977020263671875 80.444580078125 80.28955078125 80.2321319580078125 -9999 -9999 -9999 -9999 -9999 -9999 -9999 -9999 -9999 -9999 -9999 -9999 -9999 -9999 -9999 -9999
59.697200775146484375 59.354129791259765625 59.009365081787109375 58.64935302734375 58.28934478759765625 58.385097503662109375 58.676177978515625 59.045440673828125 59.59712982177734375 60.148822784423828125 60.672405242919921875 61.192867279052734375 61.861576080322265625 62.67852783203125 63.48989105224609375 64.25095367431640625 65.0120086669921875 65.84146881103515625 66.70024871826171875 67.56890106201171875 68.4606170654296875 69.352325439453125 70.630157470703125 71.95088958740234375 73.236480712890625 74.48693084716796875 75.78672027587890625 77.53063201904296875 79.2745513916015625 79.79772186279296875 79.78049468994140625 79.79644775390625 -9999 -9999 -9999 -9999 -9999 -9999 -9999 -9999 -9999 -9999 -9999 -9999 -9999 -9999 -9999 -9999
60.05252838134765625 59.69730377197265625 59.319530487060546875 58.73880767822265625 58.158084869384765625 58.15728759765625 58.405025482177734375 58.72257232666015625 59.202991485595703125 59.68341064453125 60.142604827880859375 60.599437713623046875 61.233852386474609375 62.045848846435546875 62.858455657958984375 63.676548004150390625 64.4946441650390625 65.322998046875 66.15575408935546875 66.9730682373046875 67.75437164306640625 68.53566741943359375 69.36026763916015625 70.1896820068359375 71.43218994140625 73.087799072265625 74.7662353515625 76.6501312255859375 78.53401947021484375 79.09918212890625 79.319305419921875 79.46030426025390625 -9999 -9999 -9999 -9999 -9999 -9999 -9999 -9999 -9999 -9999 -9999 -9999 -9999 -9999 -9999 -9999
59.725879669189453125 59.409343719482421875 59.06822967529296875 58.505901336669921875 57.943576812744140625 57.921283721923828125 58.130435943603515625 58.408069610595703125 58.845489501953125 59.282909393310546875 59.6974639892578125 60.109477996826171875 60.71811676025390625 61.52337646484375 62.33404541015625 63.193378448486328125 64.05271148681640625 64.89963531494140625 65.74124908447265625 66.57205963134765625 67.37769317626953125 68.18332672119140625 68.94763946533203125 69.70735931396484375 71.02911376953125 72.91290283203125 74.79384613037109375 76.64913177490234375 78.50441741943359375 79.061004638671875 79.28112030029296875 79.42453765869140625 -9999 -9999 -9999 -9999 -9999 -9999 -9999 -9999 -9999 -9999 -9999 -9999 -9999 -9999 -9999 -9999
58.717250823974609375 58.490245819091796875 58.255458831787109375 57.9506378173828125 57.64581298828125 57.677089691162109375 57.85240936279296875 58.101940155029296875 58.524623870849609375 58.9473114013671875 59.336986541748046875 59.722991943359375 60.31436920166015625 61.111114501953125 61.916660308837890625 62.8014373779296875 63.686214447021484375 64.571380615234375 65.45671844482421875 66.365875244140625 67.330596923828125 68.295318603515625 69.39228057861328125 70.503936767578125 72.027252197265625 73.96224212646484375 75.86954498291015625 77.52764129638671875 79.1857452392578125 79.68317413330078125 79.673187255859375 79.7132720947265625 -9999 -9999 -9999 -9999 -9999 -9999 -9999 -9999 -9999 -9999 -9999 -9999 -9999 -9999 -9999 -9999
57.774173736572265625 57.6309814453125 57.49523162841796875 57.42644500732421875 57.357662200927734375 57.440052032470703125 57.5872344970703125 57.81147003173828125 58.215496063232421875 58.6195220947265625 58.98203277587890625 59.339935302734375 59.91443634033203125 60.705539703369140625 61.50769805908203125 62.409374237060546875 63.311046600341796875 64.22640228271484375 65.147613525390625 66.12766265869140625 67.24498748779296875 68.36231231689453125 69.7689208984375 71.207672119140625 72.9337921142578125 74.947296142578125 76.90594482421875 78.37091827392578125 79.8358917236328125 80.27538299560546875 80.1855010986328125 80.15221405029296875 -9999 -9999 -9999 -9999 -9999 -9999 -9999 -9999 -9999 -9999 -9999 -9999 -9999 -9999 -9999 -9999
57.42102813720703125 57.310211181640625 57.20787811279296875 57.1819305419921875 57.155986785888671875 57.267421722412109375 57.437732696533203125 57.661960601806640625 58.011989593505859375 58.3620147705078125 58.67681884765625 58.98770904541015625 59.548824310302734375 60.360164642333984375 61.174533843994140625 62.0161895751953125 62.857845306396484375 63.730865478515625 64.6173248291015625 65.60129547119140625 66.8127899169921875 68.0242919921875 69.53354644775390625 71.075897216796875 73.015960693359375 75.35375213623046875 77.5886077880859375 78.8970184326171875 80.2054290771484375 80.59795379638671875 80.59795379638671875 80.49987030029296875 -9999 -9999 -9999 -9999 -9999 -9999 -9999 -9999 -9999 -9999 -9999 -9999 -9999 -9999 -9999 -9999
57.067882537841796875 56.989437103271484375 56.92052459716796875 56.937419891357421875 56.954311370849609375 57.09478759765625 57.28823089599609375 57.512451171875 57.80847930908203125 58.104511260986328125 58.37160491943359375 58.635486602783203125 59.183216094970703125 60.014789581298828125 60.84136962890625 61.62300872802734375 62.404644012451171875 63.23532867431640625 64.08702850341796875 65.07492828369140625 66.3805999755859375 67.68627166748046875 69.29817962646484375 70.944122314453125 73.0981292724609375 75.76021575927734375 78.271270751953125 79.42311859130859375 80.5749664306640625 80.92052459716796875 80.716156005859375 80.61883544921875 -9999 -9999 -9999 -9999 -9999 -9999 -9999 -9999 -9999 -9999 -9999 -9999 -9999 -9999 -9999 -9999
56.93335723876953125 56.8407135009765625 56.759616851806640625 56.78244781494140625 56.80527496337890625 56.94527435302734375 57.135486602783203125 57.336200714111328125 57.56142425537109375 57.786651611328125 58.028575897216796875 58.272357940673828125 58.799274444580078125 59.609333038330078125 60.413570404052734375 61.1654205322265625 61.917266845703125 62.76485443115234375 63.653472900390625 64.6455230712890625 65.87892913818359375 67.11232757568359375 68.5982208251953125 70.1121673583984375 72.29074859619140625 75.1339569091796875 77.81522369384765625 79.039031982421875 80.26284027099609375 80.62998199462890625 80.542388916015625 80.39481353759765625 -9999 -9999 -9999 -9999 -9999 -9999 -9999 -9999 -9999 -9999 -9999 -9999 -9999 -9999 -9999 -9999
56.89252471923828125 56.76572418212890625 56.652904510498046875 56.665851593017578125 56.678802490234375 56.8056640625 56.981349945068359375 57.148494720458984375 57.29570770263671875 57.44292449951171875 57.669338226318359375 57.904552459716796875 58.407482147216796875 59.178131103515625 59.945217132568359375 60.680233001708984375 61.415248870849609375 62.305126190185546875 63.261371612548828125 64.25768280029296875 65.34748077392578125 66.43727874755859375 67.69915008544921875 68.9801483154296875 71.1021270751953125 74.06510162353515625 76.87114715576171875 78.26485443115234375 79.65856170654296875 80.07666778564453125 79.9258880615234375 79.729156494140625 -9999 -9999 -9999 -9999 -9999 -9999 -9999 -9999 -9999 -9999 -9999 -9999 -9999 -9999 -9999 -9999
56.807735443115234375 56.650699615478515625 56.508884429931640625 56.50403594970703125 56.499187469482421875 56.612071990966796875 56.77541351318359375 56.9169921875 57.00778961181640625 57.0985870361328125 57.30236053466796875 57.5186920166015625 57.991588592529296875 58.72106170654296875 59.449169158935546875 60.1650390625 60.880908966064453125 61.795566558837890625 62.795413970947265625 63.798160552978515625 64.80767822265625 65.81719207763671875 66.88378143310546875 67.9567108154296875 69.88631439208984375 72.672576904296875 75.3423309326171875 76.9635009765625 78.5846710205078125 79.07102203369140625 78.71920013427734375 78.551666259765625 -9999 -9999 -9999 -9999 -9999 -9999 -9999 -9999 -9999 -9999 -9999 -9999 -9999 -9999 -9999 -9999
56.620388031005859375 56.44225311279296875 56.27782440185546875 56.23670196533203125 56.195583343505859375 56.292514801025390625 56.44861602783203125 56.58331298828125 56.668064117431640625 56.75281524658203125 56.917327880859375 57.0906982421875 57.51947021484375 58.203632354736328125 58.88851165771484375 59.579837799072265625 60.2711639404296875 61.16973114013671875 62.157115936279296875 63.171375274658203125 64.24835205078125 65.32532501220703125 66.26369476318359375 67.1866607666015625 68.6070404052734375 70.52483367919921875 72.4491424560546875 74.4320831298828125 76.41501617431640625 77.0099029541015625 77.0099029541015625 76.978057861328125 -9999 -9999 -9999 -9999 -9999 -9999 -9999 -9999 -9999 -9999 -9999 -9999 -9999 -9999 -9999 -9999
56.433040618896484375 56.2338104248046875 56.04676055908203125 55.96936798095703125 55.89197540283203125 55.97296142578125 56.12181854248046875 56.249629974365234375 56.328338623046875 56.40704345703125 56.532291412353515625 56.662708282470703125 57.0473480224609375 57.6862030029296875 58.327850341796875 58.99463653564453125 59.661418914794921875 60.543895721435546875 61.5188140869140625 62.544589996337890625 63.68902587890625 64.833465576171875 65.64360809326171875 66.4166107177734375 67.32776641845703125 68.3770904541015625 69.55594635009765625 71.90065765380859375 74.24536895751953125 74.94878387451171875 75.205078125 75.3000030517578125 -9999 -9999 -9999 -9999 -9999 -9999 -9999 -9999 -9999 -9999 -9999 -9999 -9999 -9999 -9999 -9999
56.3292388916015625 56.1076812744140625 55.899932861328125 55.81644439697265625 55.7329559326171875 55.79677581787109375 55.923725128173828125 56.0352783203125 56.11090850830078125 56.1865386962890625 56.287754058837890625 56.391811370849609375 56.726531982421875 57.291919708251953125 57.859790802001953125 58.45001220703125 59.0402374267578125 59.94588470458984375 60.986721038818359375 62.0718231201171875 63.260219573974609375 64.4486236572265625 65.1757354736328125 65.85160064697265625 66.6254119873046875 67.49716949462890625 68.505706787109375 70.745208740234375 72.984710693359375 73.65655517578125 73.68503570556640625 73.86292266845703125 -9999 -9999 -9999 -9999 -9999 -9999 -9999 -9999 -9999 -9999 -9999 -9999 -9999 -9999 -9999 -9999
56.234722137451171875 55.990703582763671875 55.762462615966796875 55.67623138427734375 55.590000152587890625 55.636516571044921875 55.73992919921875 55.8341827392578125 55.90706634521484375 55.979953765869140625 56.058826446533203125 56.13836669921875 56.4225311279296875 56.911319732666015625 57.40201568603515625 57.909900665283203125 58.417781829833984375 59.3509674072265625 60.46642303466796875 61.616168975830078125 62.845916748046875 64.07566070556640625 64.7247772216796875 65.3093719482421875 65.987152099609375 66.75812530517578125 67.66024017333984375 69.742645263671875 71.82505035400390625 72.44976806640625 72.69864654541015625 74.49188232421875 76.9738311767578125 78.0375213623046875 78.71616363525390625 79.11959075927734375 79.32178497314453125 79.391357421875 79.43952178955078125 -9999 -9999 -9999 -9999 -9999 -9999 -9999 -9999 -9999
56.247669219970703125 56.017002105712890625 55.796833038330078125 55.671112060546875 55.5453948974609375 55.5561981201171875 55.62551116943359375 55.69647979736328125 55.771305084228515625 55.846126556396484375 55.942371368408203125 56.04099273681640625 56.30597686767578125 56.7373199462890625 57.170032501220703125 57.6150665283203125 58.06009674072265625 58.97402191162109375 60.088897705078125 61.239437103271484375 62.47318267822265625 63.706928253173828125 64.325225830078125 64.87514495849609375 65.51186370849609375 66.23537445068359375 67.08650970458984375 69.08625030517578125 71.08599090576171875 71.98961639404296875 73.287139892578125 75.6418609619140625 77.14673614501953125 78.13289642333984375 78.83293914794921875 79.182647705078125 79.34319305419921875 79.43952178955078125 79.4380035400390625 -9999 -9999 -9999 -9999 -9999 -9999 -9999 -9999 -9999
56.36808013916015625 56.18658447265625 56.00304412841796875 55.801090240478515625 55.5991363525390625 55.555812835693359375 55.580474853515625 55.62216949462890625 55.703617095947265625 55.785060882568359375 55.938381195068359375 56.099689483642578125 56.37686920166015625 56.769927978515625 57.163845062255859375 57.56551361083984375 57.967182159423828125 58.815052032470703125 59.854145050048828125 60.94162750244140625 62.142017364501953125 63.3424072265625 63.977092742919921875 64.548919677734375 65.19953155517578125 65.928924560546875 66.78452301025390625 68.776031494140625 70.76753997802734375 72.21746826171875 73.87578582763671875 75.9030609130859375 77.14673614501953125 78.39040374755859375 78.86154937744140625 79.24686431884765625 79.43952178955078125 79.436492919921875 79.430419921875 -9999 -9999 -9999 -9999 -9999 -9999 -9999 -9999 -9999
56.46176910400390625 56.3258056640625 56.176105499267578125 55.9028167724609375 55.62952423095703125 55.53594207763671875 55.519374847412109375 55.5346527099609375 55.62424468994140625 55.713832855224609375 55.92072296142578125 56.14064788818359375 56.431812286376953125 56.794219970703125 57.15692901611328125 57.52236175537109375 57.887798309326171875 58.668743133544921875 59.6277618408203125 60.646541595458984375 61.804767608642578125 62.96298980712890625 63.61687469482421875 64.2147216796875 64.89525604248046875 65.658477783203125 66.54378509521484375 68.52787017822265625 70.5119476318359375 72.38982391357421875 74.2221832275390625 75.86687469482421875 77.07366943359375 78.28046417236328125 78.78826141357421875 79.21839141845703125 79.4334564208984375 79.41526031494140625 79.40818023681640625 -9999 -9999 -9999 -9999 -9999 -9999 -9999 -9999 -9999
56.314975738525390625 56.191761016845703125 56.050815582275390625 55.750263214111328125 55.44971466064453125 55.340667724609375 55.31369781494140625 55.328250885009765625 55.43970489501953125 55.551158905029296875 55.780048370361328125 56.021984100341796875 56.34320068359375 56.743694305419921875 57.1434783935546875 57.536838531494140625 57.93019866943359375 58.636417388916015625 59.476715087890625 60.37595367431640625 61.41271209716796875 62.44947052001953125 63.1479034423828125 63.808750152587890625 64.66347503662109375 65.7120819091796875 66.854217529296875 68.83815765380859375 70.82209014892578125 72.5362091064453125 74.13468170166015625 75.50502777099609375 76.343048095703125 77.1810760498046875 78.0553436279296875 78.93364715576171875 79.37279510498046875 79.37279510498046875 79.35894012451171875 -9999 -9999 -9999 -9999 -9999 -9999 -9999 -9999 -9999
