data/rh3ann.asc
ncols        384
nrows        480
xllcorner    138.000000000000
yllcorner    -29.000000000000
cellsize     0.041666666667
NODATA_value -9999
[rows 330 to 351 of 480, columns 144 to 191 of 384]
31.419780731201171875 31.429079055786132813 31.442090988159179688 31.4885406494140625 31.534990310668945313 31.514841079711914063 31.466150283813476563 31.424615859985351563 31.399778366088867188 31.374940872192382813 31.468664169311523438 31.575559616088867188 31.617654800415039063 31.59494781494140625 31.572931289672851563 31.55712127685546875 31.541311264038085938 31.603565216064453125 31.699274063110351563 31.779327392578125 31.822843551635742188 31.866361618041992188 31.844087600708007813 31.814502716064453125 31.841156005859375 31.924045562744140625 32.01383209228515625 32.165676116943359375 32.317516326904296875 32.4786224365234375 32.6436920166015625 32.780178070068359375 32.84996795654296875 32.919757843017578125 33.2882232666015625 33.68988037109375 34.10863494873046875 34.54449462890625 34.952625274658203125 35.1111907958984375 35.269756317138671875 35.2495880126953125 35.1528167724609375 35.140407562255859375 35.324832916259765625 35.5092620849609375 35.763576507568359375 36.025653839111328125
31.396051406860351563 31.417070388793945313 31.444932937622070313 31.534397125244140625 31.623859405517578125 31.612979888916015625 31.559093475341796875 31.512800216674804688 31.484222412109375 31.455644607543945313 31.54955291748046875 31.657070159912109375 31.687543869018554688 31.6409759521484375 31.59378814697265625 31.541034698486328125 31.48828125 31.527370452880859375 31.605821609497070313 31.67238616943359375 31.711210250854492188 31.750036239624023438 31.77388763427734375 31.79607391357421875 31.804264068603515625 31.798456192016601563 31.803920745849609375 31.91083526611328125 32.017749786376953125 32.159450531005859375 32.316059112548828125 32.458728790283203125 32.568881988525390625 32.679035186767578125 33.08109283447265625 33.515583038330078125 34.0061187744140625 34.55269622802734375 35.065364837646484375 35.272869110107421875 35.480377197265625 35.461948394775390625 35.3466949462890625 35.29888153076171875 35.40843963623046875 35.517993927001953125 35.77764129638671875 36.053966522216796875
31.39354705810546875 31.419134140014648438 31.453718185424804688 31.569276809692382813 31.684835433959960938 31.677312850952148438 31.617044448852539063 31.564886093139648438 31.531656265258789063 31.498426437377929688 31.514398574829101563 31.535837173461914063 31.531286239624023438 31.5007476806640625 31.471792221069335938 31.457078933715820313 31.442365646362304688 31.478445053100585938 31.53629302978515625 31.582582473754882813 31.601902008056640625 31.621221542358398438 31.7635345458984375 31.919513702392578125 31.949155807495117188 31.852464675903320313 31.77498626708984375 31.870418548583984375 31.965850830078125 32.126773834228515625 32.315761566162109375 32.511676788330078125 32.723751068115234375 32.935825347900390625 33.262943267822265625 33.602840423583984375 34.052215576171875 34.6110687255859375 35.1375579833984375 35.372776031494140625 35.607997894287109375 35.584346771240234375 35.449756622314453125 35.37320709228515625 35.432102203369140625 35.490997314453125 35.743587493896484375 36.0177001953125
31.391042709350585938 31.421197891235351563 31.462503433227539063 31.604156494140625 31.745809555053710938 31.741647720336914063 31.67499542236328125 31.616973876953125 31.579090118408203125 31.541208267211914063 31.479242324829101563 31.41460418701171875 31.375028610229492188 31.360521316528320313 31.349796295166015625 31.3731231689453125 31.396451950073242188 31.4295196533203125 31.466762542724609375 31.492776870727539063 31.49259185791015625 31.49240875244140625 31.753183364868164063 32.0429534912109375 32.094051361083984375 31.906475067138671875 31.746051788330078125 31.830003738403320313 31.913953781127929688 32.094097137451171875 32.31546783447265625 32.564624786376953125 32.87862396240234375 33.19261932373046875 33.444793701171875 33.69010162353515625 34.098316192626953125 34.669445037841796875 35.209751129150390625 35.472682952880859375 35.73561859130859375 35.706745147705078125 35.552814483642578125 35.447536468505859375 35.455768585205078125 35.464000701904296875 35.70953369140625 35.98143768310546875
31.13195037841796875 31.155643463134765625 31.191257476806640625 31.334156036376953125 31.477056503295898438 31.475873947143554688 31.41294097900390625 31.349378585815429688 31.284343719482421875 31.21930694580078125 31.208726882934570313 31.204196929931640625 31.21205902099609375 31.232316970825195313 31.253107070922851563 31.278697967529296875 31.304290771484375 31.339563369750976563 31.378984451293945313 31.400018692016601563 31.378147125244140625 31.356273651123046875 31.559160232543945313 31.787017822265625 31.852146148681640625 31.754545211791992188 31.677257537841796875 31.782810211181640625 31.888362884521484375 32.06366729736328125 32.268863677978515625 32.509250640869140625 32.83174896240234375 33.1542510986328125 33.39095306396484375 33.6181182861328125 34.04730224609375 34.678501129150390625 35.27300262451171875 35.5372161865234375 35.801425933837890625 35.764400482177734375 35.598270416259765625 35.4912872314453125 35.52231597900390625 35.553340911865234375 35.765216827392578125 35.997188568115234375
30.844348907470703125 30.860353469848632813 30.888896942138671875 31.03028106689453125 31.171665191650390625 31.173419952392578125 31.11533355712890625 31.0462646484375 30.95157623291015625 30.8568878173828125 30.912057876586914063 30.983880996704101563 31.048343658447265625 31.105447769165039063 31.159229278564453125 31.183109283447265625 31.206989288330078125 31.245046615600585938 31.289180755615234375 31.306932449340820313 31.26313018798828125 31.219327926635742188 31.344728469848632813 31.48892974853515625 31.567264556884765625 31.579730987548828125 31.604036331176757813 31.734865188598632813 31.865694046020507813 32.033481597900390625 32.21710968017578125 32.441837310791015625 32.762462615966796875 33.083087921142578125 33.31092071533203125 33.528446197509765625 33.98549652099609375 34.682079315185546875 35.335262298583984375 35.59781646728515625 35.860370635986328125 35.81485748291015625 35.63732147216796875 35.531642913818359375 35.5936279296875 35.655612945556640625 35.83087158203125 36.01871490478515625
30.689588546752929688 30.706600189208984375 30.735082626342773438 30.866802215576171875 30.998523712158203125 30.999782562255859375 30.94512939453125 30.878229141235351563 30.78275299072265625 30.687276840209960938 30.769357681274414063 30.871168136596679688 30.9598388671875 31.035369873046875 31.10549163818359375 31.12694549560546875 31.148397445678710938 31.19207000732421875 31.245265960693359375 31.2714691162109375 31.234689712524414063 31.197910308837890625 31.28155517578125 31.378580093383789063 31.460138320922851563 31.526227951049804688 31.598865509033203125 31.730443954467773438 31.86202239990234375 32.01132965087890625 32.168231964111328125 32.36734771728515625 32.664951324462890625 32.962558746337890625 33.222400665283203125 33.478046417236328125 33.961078643798828125 34.671497344970703125 35.3373870849609375 35.602508544921875 35.8676300048828125 35.817218780517578125 35.6315765380859375 35.52588653564453125 35.60675811767578125 35.68762969970703125 35.845245361328125 36.011386871337890625
30.667669296264648438 30.6943817138671875 30.7298126220703125 30.843721389770507813 30.957628250122070313 30.954959869384765625 30.9023284912109375 30.84526824951171875 30.77787017822265625 30.71047210693359375 30.7806243896484375 30.866058349609375 30.946542739868164063 31.0220794677734375 31.091894149780273438 31.110202789306640625 31.128511428833007813 31.180631637573242188 31.247241973876953125 31.293626785278320313 31.29282379150390625 31.292020797729492188 31.369640350341796875 31.45597076416015625 31.53076934814453125 31.59403228759765625 31.661748886108398438 31.7695465087890625 31.877346038818359375 31.997201919555664063 32.122226715087890625 32.285778045654296875 32.539218902587890625 32.79266357421875 33.12538909912109375 33.466922760009765625 33.9740447998046875 34.646747589111328125 35.279376983642578125 35.55129241943359375 35.823211669921875 35.77147674560546875 35.581027984619140625 35.47402191162109375 35.56170654296875 35.64939117431640625 35.808338165283203125 35.975200653076171875
30.657749176025390625 30.701482772827148438 30.75025177001953125 30.844316482543945313 30.938381195068359375 30.929975509643554688 30.877653121948242188 30.827846527099609375 30.783908843994140625 30.739973068237304688 30.79517364501953125 30.861391067504882813 30.932460784912109375 31.008380889892578125 31.078411102294921875 31.095434188842773438 31.112459182739257813 31.1732177734375 31.252719879150390625 31.318582534790039063 31.352619171142578125 31.38665771484375 31.46001434326171875 31.537738800048828125 31.605955123901367188 31.664659500122070313 31.725971221923828125 31.810743331909179688 31.895513534545898438 31.986864089965820313 32.081035614013671875 32.2130889892578125 32.433536529541015625 32.65398406982421875 33.044651031494140625 33.45423126220703125 33.978313446044921875 34.616901397705078125 35.219738006591796875 35.50080108642578125 35.7818603515625 35.731502532958984375 35.539112091064453125 35.43132781982421875 35.520961761474609375 35.610595703125 35.770885467529296875 35.93902587890625
30.755825042724609375 30.882478713989257813 31.002061843872070313 31.058015823364257813 31.1139678955078125 31.083536148071289063 31.016080856323242188 30.950254440307617188 30.888231277465820313 30.826208114624023438 30.839290618896484375 30.8607177734375 30.911281585693359375 30.990980148315429688 31.06595611572265625 31.098430633544921875 31.1309051513671875 31.202028274536132813 31.2897186279296875 31.3686981201171875 31.427358627319335938 31.486019134521484375 31.5709991455078125 31.658903121948242188 31.722131729125976563 31.760684967041015625 31.802234649658203125 31.870759963989257813 31.9392852783203125 32.01061248779296875 32.083141326904296875 32.220306396484375 32.508281707763671875 32.79625701904296875 33.110370635986328125 33.427387237548828125 33.90431976318359375 34.541164398193359375 35.145458221435546875 35.45677947998046875 35.768096923828125 35.743465423583984375 35.574848175048828125 35.471157073974609375 35.518962860107421875 35.566768646240234375 35.7285308837890625 35.902950286865234375
30.853899002075195313 31.063472747802734375 31.253871917724609375 31.2717132568359375 31.289556503295898438 31.237096786499023438 31.154508590698242188 31.072664260864257813 30.992551803588867188 30.912441253662109375 30.883405685424804688 30.860042572021484375 30.890102386474609375 30.973581314086914063 31.053503036499023438 31.101427078247070313 31.149349212646484375 31.230840682983398438 31.326715469360351563 31.41881561279296875 31.50209808349609375 31.58538055419921875 31.68198394775390625 31.780069351196289063 31.83831024169921875 31.856710433959960938 31.878498077392578125 31.93077850341796875 31.983057022094726563 32.03436279296875 32.0852508544921875 32.2275238037109375 32.583026885986328125 32.93852996826171875 33.176090240478515625 33.400543212890625 33.830322265625 34.465423583984375 35.07117462158203125 35.41275787353515625 35.754337310791015625 35.75542449951171875 35.610584259033203125 35.510990142822265625 35.516963958740234375 35.52294158935546875 35.6861724853515625 35.866878509521484375
30.756395339965820313 30.9985198974609375 31.21417236328125 31.191556930541992188 31.168943405151367188 31.1429443359375 31.1154937744140625 31.055461883544921875 30.919404983520507813 30.78334808349609375 30.776655197143554688 30.784336090087890625 30.833469390869140625 30.924051284790039063 31.011175155639648438 31.067174911499023438 31.123172760009765625 31.208568572998046875 31.3065643310546875 31.401315689086914063 31.488500595092773438 31.575687408447265625 31.668848037719726563 31.762674331665039063 31.819202423095703125 31.83843231201171875 31.860902786254882813 31.912527084350585938 31.964151382446289063 32.019519805908203125 32.0764923095703125 32.20081329345703125 32.482280731201171875 32.7637481689453125 33.01909637451171875 33.271541595458984375 33.728908538818359375 34.39119720458984375 35.02442169189453125 35.39604949951171875 35.767673492431640625 35.80080413818359375 35.68886566162109375 35.610233306884765625 35.60931396484375 35.60839080810546875 35.73541259765625 35.87664794921875
30.575071334838867188 30.82816314697265625 31.049539566040039063 30.985464096069335938 30.921388626098632813 30.942628860473632813 31.000431060791015625 30.978424072265625 30.770196914672851563 30.561969757080078125 30.60524749755859375 30.676471710205078125 30.761640548706054688 30.860752105712890625 30.956045150756835938 31.01696014404296875 31.07787322998046875 31.16440582275390625 31.2619171142578125 31.354837417602539063 31.437046051025390625 31.519254684448242188 31.602518081665039063 31.6858978271484375 31.742115020751953125 31.771167755126953125 31.803081512451171875 31.8607330322265625 31.918382644653320313 31.98813629150390625 32.063079833984375 32.159564971923828125 32.30632781982421875 32.453090667724609375 32.76665496826171875 33.098758697509765625 33.61574554443359375 34.317623138427734375 34.989467620849609375 35.39104461669921875 35.792621612548828125 35.860507965087890625 35.7853851318359375 35.734943389892578125 35.742095947265625 35.74924468994140625 35.823909759521484375 35.906070709228515625
30.41455841064453125 30.638086318969726563 30.832475662231445313 30.764612197875976563 30.696748733520507813 30.752122879028320313 30.86031341552734375 30.869985580444335938 30.649784088134765625 30.4295806884765625 30.51137542724609375 30.626726150512695313 30.73398590087890625 30.833154678344726563 30.929082870483398438 30.995847702026367188 31.06261444091796875 31.152090072631835938 31.2512969970703125 31.3424530029296875 31.41481781005859375 31.4871826171875 31.557338714599609375 31.627248764038085938 31.68100738525390625 31.7186126708984375 31.759532928466796875 31.83026885986328125 31.901004791259765625 31.981668472290039063 32.06658935546875 32.13935089111328125 32.183757781982421875 32.2281646728515625 32.588062286376953125 32.98300933837890625 33.539520263671875 34.2575836181640625 34.9462127685546875 35.369892120361328125 35.79357147216796875 35.89589691162109375 35.860500335693359375 35.83939361572265625 35.851634979248046875 35.863872528076171875 35.894931793212890625 35.928081512451171875
30.302610397338867188 30.401996612548828125 30.493066787719726563 30.5093231201171875 30.525577545166015625 30.58451080322265625 30.661737442016601563 30.6882781982421875 30.596555709838867188 30.504833221435546875 30.598415374755859375 30.712587356567382813 30.809400558471679688 30.88885498046875 30.967844009399414063 31.042646408081054688 31.1174468994140625 31.214082717895507813 31.320072174072265625 31.409616470336914063 31.460781097412109375 31.5119476318359375 31.561511993408203125 31.610897064208984375 31.65718841552734375 31.700382232666015625 31.749286651611328125 31.849580764770507813 31.9498748779296875 32.033336639404296875 32.109584808349609375 32.168216705322265625 32.18575286865234375 32.20328521728515625 32.581768035888671875 33.000354766845703125 33.549480438232421875 34.2291412353515625 34.88358306884765625 35.311054229736328125 35.738521575927734375 35.874553680419921875 35.885684967041015625 35.89658355712890625 35.90694427490234375 35.91730499267578125 35.925189971923828125 35.93280029296875
30.190662384033203125 30.165904998779296875 30.153659820556640625 30.254034042358398438 30.354406356811523438 30.416900634765625 30.463159561157226563 30.50656890869140625 30.54332733154296875 30.580087661743164063 30.685457229614257813 30.798450469970703125 30.884817123413085938 30.944555282592773438 31.006605148315429688 31.089443206787109375 31.172281265258789063 31.276075363159179688 31.38884735107421875 31.476779937744140625 31.506746292114257813 31.536712646484375 31.565685272216796875 31.594547271728515625 31.63336944580078125 31.68215179443359375 31.739040374755859375 31.868892669677734375 31.998743057250976563 32.085002899169921875 32.15258026123046875 32.19708251953125 32.187744140625 32.17840576171875 32.575473785400390625 33.017696380615234375 33.55944061279296875 34.2006988525390625 34.820957183837890625 35.252216339111328125 35.683475494384765625 35.85321044921875 35.910869598388671875 35.95377349853515625 35.962253570556640625 35.970737457275390625 35.955448150634765625 35.9375152587890625
30.175882339477539063 30.148593902587890625 30.137981414794921875 30.277448654174804688 30.4169158935546875 30.5043792724609375 30.569553375244140625 30.632200241088867188 30.68895721435546875 30.745714187622070313 30.837240219116210938 30.932630538940429688 30.998687744140625 31.035409927368164063 31.07642364501953125 31.156042098999023438 31.235662460327148438 31.31473541259765625 31.393571853637695313 31.458160400390625 31.489500045776367188 31.520837783813476563 31.608320236206054688 31.7020416259765625 31.764245986938476563 31.7949371337890625 31.832868576049804688 31.935962677001953125 32.03905487060546875 32.13834381103515625 32.235996246337890625 32.295978546142578125 32.2680511474609375 32.2401275634765625 32.644023895263671875 33.095897674560546875 33.61377716064453125 34.197662353515625 34.7633819580078125 35.165622711181640625 35.56786346435546875 35.738780975341796875 35.8105621337890625 35.86492919921875 35.87866973876953125 35.8924102783203125 35.971111297607421875 36.05702972412109375
30.171899795532226563 30.155591964721679688 30.158269882202148438 30.331830978393554688 30.505392074584960938 30.62020111083984375 30.70983123779296875 30.791982650756835938 30.85668182373046875 30.921380996704101563 30.996217727661132813 31.072179794311523438 31.116830825805664063 31.130170822143554688 31.149690628051757813 31.224842071533203125 31.299993515014648438 31.350801467895507813 31.391180038452148438 31.430009841918945313 31.465229034423828125 31.50045013427734375 31.655229568481445313 31.823293685913085938 31.912311553955078125 31.92227935791015625 31.938259124755859375 32.00833892822265625 32.078418731689453125 32.191867828369140625 32.323902130126953125 32.402652740478515625 32.35706329345703125 32.31147003173828125 32.720890045166015625 33.1808624267578125 33.6730499267578125 34.19744873046875 34.706363677978515625 35.075946807861328125 35.445526123046875 35.614009857177734375 35.696308135986328125 35.759857177734375 35.7796478271484375 35.7994384765625 35.9851531982421875 36.189300537109375
30.147327423095703125 30.1478729248046875 30.167371749877929688 30.357450485229492188 30.547529220581054688 30.674945831298828125 30.775506973266601563 30.866823196411132813 30.936567306518554688 31.006311416625976563 31.075582504272460938 31.144800186157226563 31.191713333129882813 31.216321945190429688 31.246629714965820313 31.328235626220703125 31.40984344482421875 31.437360763549804688 31.441698074340820313 31.466016769409179688 31.536956787109375 31.6078948974609375 31.722085952758789063 31.841081619262695313 31.929477691650390625 31.987272262573242188 32.04639434814453125 32.11745452880859375 32.188518524169921875 32.330821990966796875 32.50365447998046875 32.616184234619140625 32.587993621826171875 32.55980682373046875 32.907684326171875 33.297351837158203125 33.7329864501953125 34.21459197998046875 34.67980194091796875 34.997417449951171875 35.315036773681640625 35.483608245849609375 35.588298797607421875 35.685573577880859375 35.76555633544921875 35.845539093017578125 36.058353424072265625 36.285923004150390625
30.102167129516601563 30.125438690185546875 30.165283203125 30.354307174682617188 30.543329238891601563 30.668613433837890625 30.766582489013671875 30.85672760009765625 30.928615570068359375 31.0005035400390625 31.075334548950195313 31.150491714477539063 31.22333526611328125 31.293863296508789063 31.367237091064453125 31.46622467041015625 31.565214157104492188 31.574413299560546875 31.545129776000976563 31.566181182861328125 31.704679489135742188 31.843175888061523438 31.808889389038085938 31.755401611328125 31.815744400024414063 31.989912033081054688 32.157268524169921875 32.26331329345703125 32.369354248046875 32.555202484130859375 32.7752532958984375 32.936573028564453125 32.960849761962890625 32.985126495361328125 33.204410552978515625 33.445362091064453125 33.79358673095703125 34.249095916748046875 34.683685302734375 34.930042266845703125 35.17639923095703125 35.34757232666015625 35.4865264892578125 35.642086029052734375 35.836399078369140625 36.030712127685546875 36.190708160400390625 36.346893310546875
30.062555313110351563 30.106273651123046875 30.16445159912109375 30.352764129638671875 30.541078567504882813 30.664182662963867188 30.759342193603515625 30.848009109497070313 30.921525955200195313 30.995042800903320313 31.0766754150390625 31.159210205078125 31.254671096801757813 31.363058090209960938 31.471651077270507813 31.582071304321289063 31.692491531372070313 31.687297821044921875 31.6325531005859375 31.65345001220703125 31.850841522216796875 32.0482330322265625 31.889146804809570313 31.69045257568359375 31.72664642333984375 31.9977264404296875 32.25542449951171875 32.392673492431640625 32.529918670654296875 32.75664520263671875 33.02172088623046875 33.2299041748046875 33.3053436279296875 33.3807830810546875 33.486156463623046875 33.594860076904296875 33.862125396728515625 34.28795623779296875 34.68888092041015625 34.865619659423828125 35.0423583984375 35.2165679931640625 35.389690399169921875 35.603580474853515625 35.91259002685546875 36.221599578857421875 36.33498382568359375 36.426631927490234375
30.07286834716796875 30.116535186767578125 30.174909591674804688 30.365640640258789063 30.55637359619140625 30.676868438720703125 30.767263412475585938 30.851690292358398438 30.9221954345703125 30.99269866943359375 31.092313766479492188 31.195163726806640625 31.28343963623046875 31.357145309448242188 31.4303131103515625 31.498624801635742188 31.566938400268554688 31.582689285278320313 31.575914382934570313 31.624662399291992188 31.8029632568359375 31.981264114379882813 31.9105072021484375 31.812076568603515625 31.85927581787109375 32.05210113525390625 32.239093780517578125 32.373569488525390625 32.50804901123046875 32.75164794921875 33.042018890380859375 33.27973175048828125 33.39458465576171875 33.50943756103515625 33.6331024169921875 33.75775146484375 34.002071380615234375 34.366062164306640625 34.70584869384765625 34.82778167724609375 34.949710845947265625 35.130809783935546875 35.33727264404296875 35.60990142822265625 36.036922454833984375 36.463947296142578125 36.586521148681640625 36.67527008056640625
