data/rh3ann.asc
ncols        384
nrows        480
xllcorner    138.000000000000
yllcorner    -29.000000000000
cellsize     0.041666666667
NODATA_value -9999
[rows 198 to 219 of 480, columns 0 to 47 of 384]
42.51129150390625 42.52420806884765625 42.52404022216796875 42.52234649658203125 42.52065277099609375 42.584087371826171875 42.67543792724609375 42.81281280517578125 43.0575714111328125 43.302333831787109375 43.4912567138671875 43.67397308349609375 43.8674774169921875 44.071765899658203125 44.291866302490234375 44.654300689697265625 45.01673126220703125 45.290374755859375 45.525959014892578125 45.8459014892578125 46.3626708984375 46.8794403076171875 47.56929779052734375 48.278392791748046875 49.47502899169921875 51.15920257568359375 53.156963348388671875 57.976955413818359375 62.7969512939453125 66.41202545166015625 69.510711669921875 71.6326751708984375 71.47562408447265625 71.31858062744140625 70.98799896240234375 70.63813018798828125 70.64284515380859375 71.0021514892578125 71.317657470703125 71.22684478759765625 71.10639190673828125 70.81226348876953125 70.45520782470703125 70.17954254150390625 70.09377288818359375 70.00799560546875 69.999420166015625 70.007720947265625
41.92269134521484375 41.9528350830078125 41.95767974853515625 42.006130218505859375 42.054584503173828125 42.14389801025390625 42.250720977783203125 42.37827301025390625 42.55419158935546875 42.730106353759765625 42.878391265869140625 43.0236053466796875 43.208690643310546875 43.433650970458984375 43.670345306396484375 44.012615203857421875 44.354885101318359375 44.6127777099609375 44.834506988525390625 45.14642333984375 45.6687774658203125 46.191131591796875 46.851566314697265625 47.527347564697265625 48.64369964599609375 50.20062255859375 52.072811126708984375 56.78238677978515625 61.491962432861328125 65.48886871337890625 69.18035888671875 71.7739715576171875 71.8058929443359375 71.8378143310546875 71.46340179443359375 71.04384613037109375 70.96398162841796875 71.22382354736328125 71.44162750244140625 71.28116607666015625 71.120697021484375 70.834320068359375 70.4939727783203125 70.22576904296875 70.12589263916015625 70.02600860595703125 70.016021728515625 70.02893829345703125
41.291034698486328125 41.291034698486328125 41.31046295166015625 41.504734039306640625 41.699005126953125 41.846286773681640625 41.973430633544921875 42.0830841064453125 42.151935577392578125 42.22078704833984375 42.312427520751953125 42.406604766845703125 42.57103729248046875 42.80572509765625 43.050384521484375 43.384738922119140625 43.719097137451171875 43.9521636962890625 44.141819000244140625 44.43587493896484375 44.973522186279296875 45.51116943359375 46.185657501220703125 46.875354766845703125 47.9472808837890625 49.4014434814453125 51.084629058837890625 54.829029083251953125 58.57342529296875 63.157459259033203125 68.10134124755859375 71.5866851806640625 71.66878509521484375 71.750885009765625 71.35018157958984375 70.895843505859375 70.801483154296875 71.06710052490234375 71.2978668212890625 71.21492767333984375 71.13199615478515625 70.90784454345703125 70.62317657470703125 70.3798370361328125 70.23294830322265625 70.0860595703125 70.07137298583984375 70.07137298583984375
40.576801300048828125 40.62923431396484375 40.663242340087890625 41.00333404541015625 41.343425750732421875 41.548675537109375 41.696140289306640625 41.787899017333984375 41.749683380126953125 41.711467742919921875 41.74646759033203125 41.78960418701171875 41.933380126953125 42.177799224853515625 42.430423736572265625 42.756866455078125 43.083309173583984375 43.2915496826171875 43.44913482666015625 43.7253265380859375 44.27826690673828125 44.831207275390625 45.519748687744140625 46.223358154296875 47.25086212158203125 48.602264404296875 50.096446990966796875 52.875667572021484375 55.654888153076171875 60.826045989990234375 67.0223236083984375 71.39939117431640625 71.53166961669921875 71.66394805908203125 71.23696136474609375 70.74784088134765625 70.63897705078125 70.91037750244140625 71.1540985107421875 71.1486968994140625 71.1432952880859375 70.98137664794921875 70.75238037109375 70.53391265869140625 70.3400115966796875 70.14611053466796875 70.1267242431640625 70.07649993896484375
39.8043060302734375 39.810131072998046875 39.85009002685546875 40.249664306640625 40.64923858642578125 40.940830230712890625 41.1861419677734375 41.329319000244140625 41.234180450439453125 41.139041900634765625 41.1478118896484375 41.16812896728515625 41.298358917236328125 41.538501739501953125 41.789703369140625 42.14043426513671875 42.491161346435546875 42.708148956298828125 42.867824554443359375 43.141143798828125 43.67963409423828125 44.2181243896484375 44.855861663818359375 45.5046234130859375 46.4805755615234375 47.78371429443359375 49.200992584228515625 51.645511627197265625 54.09003448486328125 58.413822174072265625 63.5430145263671875 67.51364898681640625 68.7809906005859375 70.04833221435546875 68.58643341064453125 66.82128143310546875 66.6688079833984375 68.128997802734375 69.5009765625 70.07904052734375 70.6571044921875 70.6852569580078125 70.47772979736328125 70.294830322265625 70.1693878173828125 70.0439453125 70.031402587890625 70.02582550048828125
39.033000946044921875 38.973552703857421875 39.01850128173828125 39.46796417236328125 39.917430877685546875 40.298511505126953125 40.650287628173828125 40.852581024169921875 40.70609283447265625 40.559604644775390625 40.54552459716796875 40.5461578369140625 40.663631439208984375 40.89794158935546875 41.146678924560546875 41.525272369384765625 41.90386199951171875 42.133331298828125 42.29888916015625 42.5709991455078125 43.09173583984375 43.6124725341796875 44.192195892333984375 44.778476715087890625 45.70207977294921875 46.9630126953125 48.315837860107421875 50.4957122802734375 52.675586700439453125 55.992618560791015625 59.79700469970703125 63.216960906982421875 65.73990631103515625 68.26285552978515625 65.6539764404296875 62.474887847900390625 62.2755584716796875 65.0559844970703125 67.680145263671875 68.89789581298828125 70.11563873291015625 70.3480682373046875 70.15821075439453125 70.0120697021484375 69.9679107666015625 69.92375946044921875 69.919342041015625 69.3204498291015625
38.374767303466796875 38.315319061279296875 38.35724639892578125 38.776538848876953125 39.195827484130859375 39.585521697998046875 39.96253204345703125 40.18724822998046875 40.056613922119140625 39.9259796142578125 39.904827117919921875 39.895839691162109375 40.014217376708984375 40.259960174560546875 40.521358489990234375 40.923686981201171875 41.32601165771484375 41.598522186279296875 41.815395355224609375 42.108554840087890625 42.57970428466796875 43.050853729248046875 43.579196929931640625 44.1138916015625 44.958881378173828125 46.114162445068359375 47.346477508544921875 49.2720794677734375 51.1976776123046875 53.675579071044921875 56.390178680419921875 59.081569671630859375 61.718814849853515625 64.35605621337890625 61.84069061279296875 58.752811431884765625 59.06665802001953125 62.78223419189453125 66.22000885009765625 67.15758514404296875 68.0951690673828125 68.0512542724609375 67.58670806884765625 67.31812286376953125 67.5067901611328125 67.69545745849609375 68.01061248779296875 68.40406036376953125
37.841339111328125 37.83542633056640625 37.866329193115234375 38.175380706787109375 38.48442840576171875 38.80185699462890625 39.122875213623046875 39.33331298828125 39.285739898681640625 39.238162994384765625 39.225719451904296875 39.2171783447265625 39.350124359130859375 39.624561309814453125 39.913745880126953125 40.3356781005859375 40.75760650634765625 41.103725433349609375 41.41735076904296875 41.75380706787109375 42.1435394287109375 42.53327178955078125 43.016857147216796875 43.510868072509765625 44.250972747802734375 45.2371673583984375 46.29290771484375 47.974609375 49.65631103515625 51.46269989013671875 53.3225250244140625 55.107471466064453125 56.717700958251953125 58.327930450439453125 57.14658355712890625 55.655059814453125 57.04210662841796875 61.30773162841796875 65.12055206298828125 64.85811614990234375 64.59568023681640625 63.79482269287109375 62.76320648193359375 62.212985992431640625 62.786022186279296875 63.3590545654296875 65.3157806396484375 68.3173370361328125
37.42649078369140625 37.373271942138671875 37.393512725830078125 37.5959014892578125 37.7982940673828125 38.0424957275390625 38.304615020751953125 38.49649810791015625 38.5244903564453125 38.552478790283203125 38.55118560791015625 38.546634674072265625 38.691272735595703125 38.98509979248046875 39.29366302490234375 39.73488616943359375 40.176113128662109375 40.590381622314453125 40.993091583251953125 41.3723297119140625 41.69678497314453125 42.021244049072265625 42.465282440185546875 42.922603607177734375 43.564212799072265625 44.390106201171875 45.27706146240234375 46.713573455810546875 48.15008544921875 49.3321380615234375 50.4051361083984375 51.35367584228515625 52.0118255615234375 52.669971466064453125 52.732456207275390625 52.728755950927734375 55.093494415283203125 59.82666778564453125 63.95252227783203125 62.6125030517578125 61.272487640380859375 59.772857666015625 58.204830169677734375 57.413234710693359375 58.433322906494140625 59.4534149169921875 63.540676116943359375 67.9687347412109375
37.07077789306640625 37.07077789306640625 37.083576202392578125 37.21155548095703125 37.339534759521484375 37.5018768310546875 37.67894744873046875 37.813732147216796875 37.849849700927734375 37.885967254638671875 37.917816162109375 37.949192047119140625 38.07961273193359375 38.30908203125 38.561374664306640625 39.0190887451171875 39.47679901123046875 39.91010284423828125 40.33294677734375 40.750278472900390625 41.154754638671875 41.55922698974609375 42.010585784912109375 42.467151641845703125 43.067783355712890625 43.812480926513671875 44.600681304931640625 45.780399322509765625 46.960113525390625 47.942413330078125 48.8401031494140625 49.58261871337890625 49.9630584716796875 50.343502044677734375 50.83817291259765625 51.345539093017578125 53.828319549560546875 58.2865142822265625 62.1673126220703125 60.851581573486328125 59.53585052490234375 57.861114501953125 56.0325164794921875 55.361911773681640625 57.393283843994140625 59.424655914306640625 62.842861175537109375 66.4151611328125
36.70740509033203125 36.768280029296875 36.773639678955078125 36.827205657958984375 36.88077545166015625 36.961261749267578125 37.053279876708984375 37.1309661865234375 37.17520904541015625 37.219451904296875 37.28444671630859375 37.35174560546875 37.467952728271484375 37.633068084716796875 37.829090118408203125 38.303287506103515625 38.77748870849609375 39.229827880859375 39.672801971435546875 40.128231048583984375 40.612720489501953125 41.0972137451171875 41.555889129638671875 42.01169586181640625 42.571353912353515625 43.234859466552734375 43.924304962158203125 44.847225189208984375 45.7701416015625 46.5526885986328125 47.2750701904296875 47.811557769775390625 47.914295196533203125 48.01702880859375 48.943889617919921875 49.962322235107421875 52.563144683837890625 56.746356964111328125 60.38210296630859375 59.09066009521484375 57.799213409423828125 55.949367523193359375 53.86020660400390625 53.310588836669921875 56.353240966796875 59.395893096923828125 62.145050048828125 64.86159515380859375
36.2570648193359375 36.283153533935546875 36.281970977783203125 36.270122528076171875 36.25827789306640625 36.308170318603515625 36.384517669677734375 36.465488433837890625 36.557231903076171875 36.64897918701171875 36.722461700439453125 36.793918609619140625 36.91408538818359375 37.0829620361328125 37.2811431884765625 37.743061065673828125 38.20497894287109375 38.635608673095703125 39.052825927734375 39.495639801025390625 39.998172760009765625 40.500705718994140625 40.994266510009765625 41.4868316650390625 42.03730010986328125 42.645671844482421875 43.2674560546875 44.00997161865234375 44.752483367919921875 45.398956298828125 46.0042724609375 46.446147918701171875 46.506656646728515625 46.567165374755859375 47.514102935791015625 48.559535980224609375 50.683200836181640625 53.885105133056640625 56.67665863037109375 55.775074005126953125 54.8734893798828125 53.49991607666015625 51.92406463623046875 51.5788116455078125 54.10495758056640625 56.631107330322265625 58.810398101806640625 60.951152801513671875
35.699432373046875 35.719760894775390625 35.7124176025390625 35.639011383056640625 35.56560516357421875 35.606876373291015625 35.69728851318359375 35.8074188232421875 35.963542938232421875 36.11966705322265625 36.191074371337890625 36.2530670166015625 36.384983062744140625 36.586818695068359375 36.81220245361328125 37.249507904052734375 37.6868133544921875 38.078266143798828125 38.45006561279296875 38.858531951904296875 39.35254669189453125 39.8465576171875 40.386821746826171875 40.932220458984375 41.487125396728515625 42.051532745361328125 42.61898040771484375 43.213825225830078125 43.808666229248046875 44.34636688232421875 44.859577178955078125 45.254581451416015625 45.373783111572265625 45.492984771728515625 46.28338623046875 47.1483612060546875 48.53978729248046875 50.457668304443359375 52.14825439453125 51.79320526123046875 51.4381561279296875 50.8200225830078125 50.089138031005859375 49.983982086181640625 51.338855743408203125 52.69373321533203125 54.345672607421875 56.030620574951171875
35.04795074462890625 35.0953826904296875 35.08914947509765625 35.026821136474609375 34.9644927978515625 35.021686553955078125 35.130107879638671875 35.262725830078125 35.4517974853515625 35.640869140625 35.70562744140625 35.7565765380859375 35.893688201904296875 36.11696624755859375 36.35997772216796875 36.7805938720703125 37.20121002197265625 37.5776519775390625 37.935161590576171875 38.3317718505859375 38.81961822509765625 39.307468414306640625 39.861370086669921875 40.422611236572265625 40.9405975341796875 41.4153289794921875 41.889835357666015625 42.362293243408203125 42.834751129150390625 43.278087615966796875 43.7089385986328125 44.05677032470703125 44.21088409423828125 44.36499786376953125 45.017131805419921875 45.72460174560546875 46.558414459228515625 47.51856231689453125 48.3912506103515625 48.476818084716796875 48.56238555908203125 48.518184661865234375 48.418369293212890625 48.489177703857421875 48.9581146240234375 49.427051544189453125 50.593387603759765625 51.837207794189453125
34.32871246337890625 34.32871246337890625 34.34053802490234375 34.458770751953125 34.57700347900390625 34.7074127197265625 34.84304046630859375 34.982585906982421875 35.131256103515625 35.279926300048828125 35.32738494873046875 35.36359405517578125 35.490619659423828125 35.708461761474609375 35.9467620849609375 36.369174957275390625 36.79158782958984375 37.209407806396484375 37.625255584716796875 38.0625 38.5496673583984375 39.036830902099609375 39.527233123779296875 40.017993927001953125 40.40258026123046875 40.680988311767578125 40.972461700439453125 41.38153076171875 41.790599822998046875 42.17319488525390625 42.544445037841796875 42.844379425048828125 42.97791290283203125 43.11144256591796875 43.667964935302734375 44.27149200439453125 44.95513153076171875 45.71889495849609375 46.43418121337890625 46.71321868896484375 46.992259979248046875 47.09847259521484375 47.13062286376953125 47.22776031494140625 47.476543426513671875 47.725322723388671875 48.50345611572265625 49.3404083251953125
33.747100830078125 33.562046051025390625 33.59192657470703125 33.890720367431640625 34.189517974853515625 34.393138885498046875 34.55597686767578125 34.702442169189453125 34.8107147216796875 34.918987274169921875 34.949138641357421875 34.970611572265625 35.087551116943359375 35.299957275390625 35.53354644775390625 35.95775604248046875 36.381969451904296875 36.84116363525390625 37.315349578857421875 37.793224334716796875 38.279712677001953125 38.76619720458984375 39.1930999755859375 39.61338043212890625 39.86456298828125 39.946643829345703125 40.055084228515625 40.40076446533203125 40.746448516845703125 41.06830596923828125 41.37995147705078125 41.631988525390625 41.744937896728515625 41.85788726806640625 42.3188018798828125 42.818378448486328125 43.3518524169921875 43.919223785400390625 44.47711181640625 44.94962310791015625 45.4221343994140625 45.67876434326171875 45.842876434326171875 45.966342926025390625 45.994968414306640625 46.02359771728515625 46.4135284423828125 46.84360504150390625
33.37110137939453125 33.3505401611328125 33.3786773681640625 33.660053253173828125 33.941432952880859375 34.1296234130859375 34.2778778076171875 34.409210205078125 34.501056671142578125 34.59290313720703125 34.60677337646484375 34.61197662353515625 34.724353790283203125 34.943912506103515625 35.183742523193359375 35.606067657470703125 36.028392791748046875 36.48416900634765625 36.95427703857421875 37.4352874755859375 37.941741943359375 38.448192596435546875 38.842853546142578125 39.22509002685546875 39.4445648193359375 39.50127410888671875 39.584255218505859375 39.903675079345703125 40.22309112548828125 40.485050201416015625 40.722381591796875 40.913043975830078125 40.99480438232421875 41.076564788818359375 41.46441650390625 41.8862762451171875 42.32756805419921875 42.788288116455078125 43.247028350830078125 43.687900543212890625 44.128772735595703125 44.434131622314453125 44.681407928466796875 44.860382080078125 44.879974365234375 44.899566650390625 45.19618988037109375 45.523593902587890625
33.20143890380859375 33.200717926025390625 33.224910736083984375 33.466876983642578125 33.70883941650390625 33.8717498779296875 34.0007781982421875 34.114521026611328125 34.192607879638671875 34.27069091796875 34.268390655517578125 34.2571563720703125 34.365589141845703125 34.593692779541015625 34.8409881591796875 35.261016845703125 35.6810455322265625 36.128421783447265625 36.587520599365234375 37.067501068115234375 37.59621429443359375 38.124927520751953125 38.490814208984375 38.838611602783203125 39.037677764892578125 39.0880126953125 39.163043975830078125 39.460323333740234375 39.757598876953125 39.95975494384765625 40.1211395263671875 40.248928070068359375 40.298320770263671875 40.347713470458984375 40.665004730224609375 41.01206207275390625 41.36761474609375 41.731658935546875 42.097721099853515625 42.481945037841796875 42.8661651611328125 43.208950042724609375 43.53397369384765625 43.771694183349609375 43.8057098388671875 43.83972930908203125 44.0758056640625 44.334339141845703125
33.05377960205078125 33.053058624267578125 33.074062347412109375 33.28411102294921875 33.49416351318359375 33.63190460205078125 33.73865509033203125 33.83721923828125 33.9166717529296875 33.996124267578125 34.00913238525390625 34.014759063720703125 34.132678985595703125 34.3628997802734375 34.607929229736328125 34.98622894287109375 35.36452484130859375 35.8110198974609375 36.2867431640625 36.765193939208984375 37.250026702880859375 37.73485565185546875 38.05211639404296875 38.350757598876953125 38.528087615966796875 38.5841064453125 38.668941497802734375 39.013088226318359375 39.357234954833984375 39.557445526123046875 39.695972442626953125 39.788043975830078125 39.771724700927734375 39.755405426025390625 40.0110931396484375 40.297000885009765625 40.612060546875 40.956272125244140625 41.29370880126953125 41.57021331787109375 41.846714019775390625 42.143985748291015625 42.450164794921875 42.691501617431640625 42.781558990478515625 42.871612548828125 43.063198089599609375 43.266063690185546875
32.913455963134765625 32.907566070556640625 32.926128387451171875 33.11176300048828125 33.297397613525390625 33.41008758544921875 33.491512298583984375 33.577297210693359375 33.673252105712890625 33.769207000732421875 33.82900238037109375 33.8847808837890625 34.02562713623046875 34.251537322998046875 34.4845733642578125 34.78170013427734375 35.078830718994140625 35.53195953369140625 36.051944732666015625 36.52837371826171875 36.903179168701171875 37.277980804443359375 37.52675628662109375 37.76152801513671875 37.91579437255859375 37.989559173583984375 38.101947784423828125 38.56197357177734375 39.02199554443359375 39.27812957763671875 39.446880340576171875 39.530391693115234375 39.41501617431640625 39.299640655517578125 39.502674102783203125 39.741085052490234375 40.060901641845703125 40.462127685546875 40.83499908447265625 40.95270538330078125 41.07041168212890625 41.2392425537109375 41.429981231689453125 41.61981201171875 41.80751800537109375 41.9952239990234375 42.15836334228515625 42.3187713623046875
32.83275604248046875 32.779743194580078125 32.795742034912109375 32.955718994140625 33.115695953369140625 33.20159149169921875 33.2557373046875 33.326602935791015625 33.4364776611328125 33.546356201171875 33.647861480712890625 33.748432159423828125 33.9103546142578125 34.1336212158203125 34.357028961181640625 34.581722259521484375 34.80641937255859375 35.26703643798828125 35.82875823974609375 36.30312347412109375 36.5736541748046875 36.844181060791015625 37.025592803955078125 37.197101593017578125 37.32839202880859375 37.41945648193359375 37.557437896728515625 38.11762237548828125 38.677806854248046875 38.9796295166015625 39.1707305908203125 39.244655609130859375 39.045185089111328125 38.845714569091796875 39.00302886962890625 39.19998931884765625 39.51995849609375 39.9629364013671875 40.359508514404296875 40.338428497314453125 40.317348480224609375 40.372669219970703125 40.460735321044921875 40.6029510498046875 40.87151336669921875 41.140071868896484375 41.26721954345703125 41.37865447998046875
32.810962677001953125 32.810962677001953125 32.823276519775390625 32.946422576904296875 33.06957244873046875 33.112995147705078125 33.12225341796875 33.158916473388671875 33.259525299072265625 33.360134124755859375 33.457607269287109375 33.554729461669921875 33.721088409423828125 33.956684112548828125 34.191806793212890625 34.422687530517578125 34.653568267822265625 35.129344940185546875 35.710079193115234375 36.182003021240234375 36.40003204345703125 36.61806488037109375 36.742218017578125 36.855937957763671875 36.96500396728515625 37.069416046142578125 37.21527862548828125 37.734165191650390625 38.253055572509765625 38.508510589599609375 38.651065826416015625 38.7061767578125 38.557254791259765625 38.40833282470703125 38.58235931396484375 38.792270660400390625 39.070926666259765625 39.418323516845703125 39.733005523681640625 39.7532196044921875 39.773433685302734375 39.849681854248046875 39.949939727783203125 40.079586029052734375 40.277812957763671875 40.476039886474609375 40.499286651611328125 40.50308990478515625
