data/rh3ann.asc
ncols        384
nrows        480
xllcorner    138.000000000000
yllcorner    -29.000000000000
cellsize     0.041666666667
NODATA_value -9999
[rows 264 to 285 of 480, columns 240 to 287 of 384]
59.3327178955078125 60.279094696044921875 61.226993560791015625 62.188587188720703125 63.150180816650390625 65.76921844482421875 69.09859466552734375 71.80694580078125 73.06626129150390625 74.32556915283203125 74.632598876953125 74.83382415771484375 75.0758514404296875 75.358673095703125 75.61321258544921875 75.61321258544921875 75.552398681640625 75.495880126953125 -9999 -9999 -9999 -9999 -9999 -9999 -9999 -9999 -9999 -9999 -9999 -9999 -9999 -9999 -9999 -9999 -9999 -9999 -9999 -9999 -9999 -9999 -9999 -9999 -9999 -9999 -9999 -9999 -9999 -9999
58.501148223876953125 59.2173004150390625 59.970745086669921875 61.059833526611328125 62.14891815185546875 64.82942962646484375 68.1919708251953125 70.86380767822265625 71.923980712890625 72.9841461181640625 73.16778564453125 73.2540283203125 73.73995208740234375 74.62554931640625 75.4225921630859375 75.4225921630859375 75.3746795654296875 75.24524688720703125 -9999 -9999 -9999 -9999 -9999 -9999 -9999 -9999 -9999 -9999 -9999 -9999 -9999 -9999 -9999 -9999 -9999 -9999 -9999 -9999 -9999 -9999 -9999 -9999 -9999 -9999 -9999 -9999 -9999 -9999
57.677593231201171875 58.17256927490234375 58.73699951171875 59.92646026611328125 61.1159210205078125 63.7886505126953125 67.09706878662109375 69.67529296875 70.54973602294921875 71.42417144775390625 71.4976959228515625 71.48223876953125 72.2230072021484375 73.72002410888671875 75.06844329833984375 75.0882415771484375 74.8086700439453125 75.2857818603515625 75.87827301025390625 75.9705047607421875 75.89493560791015625 75.76390838623046875 75.63143157958984375 75.52399444580078125 75.43610382080078125 75.357696533203125 75.2831573486328125 75.214019775390625 75.15918731689453125 75.12554931640625 75.1136932373046875 75.10787200927734375 -9999 -9999 -9999 -9999 -9999 -9999 -9999 -9999 -9999 -9999 -9999 -9999 -9999 -9999 -9999 -9999
56.9261627197265625 57.28144073486328125 57.7057647705078125 58.75152587890625 59.7972869873046875 61.83902740478515625 64.3076171875 66.27843475341796875 67.08780670166015625 67.8971710205078125 67.98017120361328125 67.9824676513671875 69.0766754150390625 71.2628021240234375 73.2781982421875 73.9151763916015625 74.62415313720703125 75.6399993896484375 75.98140716552734375 76.01342010498046875 75.91669464111328125 75.75469970703125 75.62032318115234375 75.51926422119140625 75.4323883056640625 75.35666656494140625 75.284027099609375 75.208770751953125 75.14926910400390625 75.11951446533203125 75.10787200927734375 75.092437744140625 -9999 -9999 -9999 -9999 -9999 -9999 -9999 -9999 -9999 -9999 -9999 -9999 -9999 -9999 -9999 -9999
56.174732208251953125 56.390308380126953125 56.674533843994140625 57.576595306396484375 58.4786529541015625 59.889404296875 61.518161773681640625 62.88158416748046875 63.62587738037109375 64.37017059326171875 64.462646484375 64.48270416259765625 65.9303436279296875 68.80558013916015625 71.55043792724609375 73.2173919677734375 75.07930755615234375 75.8206634521484375 76.02002716064453125 76.1035308837890625 75.91669464111328125 75.72985076904296875 75.61756134033203125 75.51355743408203125 75.4266815185546875 75.35692596435546875 75.28638458251953125 75.208770751953125 75.13115692138671875 75.10787200927734375 75.076995849609375 75.07405853271484375 -9999 -9999 -9999 -9999 -9999 -9999 -9999 -9999 -9999 -9999 -9999 -9999 -9999 -9999 -9999 -9999
55.596363067626953125 55.830226898193359375 56.1365509033203125 57.094997406005859375 58.05344390869140625 59.343227386474609375 60.775012969970703125 61.922718048095703125 62.40758514404296875 62.892452239990234375 63.025135040283203125 63.118682861328125 64.52912139892578125 67.25644683837890625 69.9215545654296875 72.0267333984375 74.1319122314453125 75.12233734130859375 75.63501739501953125 75.97125244140625 75.895782470703125 75.8203125 75.598876953125 75.36121368408203125 75.25307464599609375 75.2744598388671875 75.28339385986328125 75.18022918701171875 75.0770721435546875 75.0461273193359375 75.03730010986328125 75.02996826171875 -9999 -9999 -9999 -9999 -9999 -9999 -9999 -9999 -9999 -9999 -9999 -9999 -9999 -9999 -9999 -9999
55.0921630859375 55.412021636962890625 55.809955596923828125 56.91054534912109375 58.01113128662109375 59.398529052734375 60.908843994140625 62.008708953857421875 62.150852203369140625 62.292999267578125 62.479053497314453125 62.66999053955078125 63.87580108642578125 66.09648895263671875 68.318328857421875 70.55059814453125 72.78285980224609375 74.12473297119140625 75.0850067138671875 75.78228759765625 75.86591339111328125 75.94954681396484375 75.572174072265625 75.14357757568359375 75.00507354736328125 75.1566619873046875 75.27912139892578125 75.13946533203125 74.99980926513671875 74.95790863037109375 74.97559356689453125 74.9922943115234375 -9999 -9999 -9999 -9999 -9999 -9999 -9999 -9999 -9999 -9999 -9999 -9999 -9999 -9999 -9999 -9999
54.836986541748046875 55.24407958984375 55.73123931884765625 56.93895721435546875 58.14667510986328125 59.584232330322265625 61.120288848876953125 62.171581268310546875 62.091762542724609375 62.01194000244140625 62.190258026123046875 62.397258758544921875 63.400371551513671875 65.1996002197265625 67.04561614990234375 69.31276702880859375 71.57991790771484375 73.169281005859375 74.46816253662109375 75.457305908203125 75.72371673583984375 75.9901275634765625 75.57695770263671875 75.08827972412109375 74.94582366943359375 75.14959716796875 75.31589508056640625 75.14495849609375 74.97402191162109375 74.92273712158203125 74.9639892578125 74.98363494873046875 -9999 -9999 -9999 -9999 -9999 -9999 -9999 -9999 -9999 -9999 -9999 -9999 -9999 -9999 -9999 -9999
55.162868499755859375 55.66008758544921875 56.230899810791015625 57.46405792236328125 58.697216033935546875 60.07419586181640625 61.5128173828125 62.51384735107421875 62.49382781982421875 62.47380828857421875 62.50179290771484375 62.5351104736328125 63.340030670166015625 64.9165496826171875 66.54410552978515625 68.6309967041015625 70.71788787841796875 72.31220245361328125 73.69539642333984375 74.814971923828125 75.3194122314453125 75.8238525390625 75.6551971435546875 75.4117584228515625 75.326995849609375 75.40090179443359375 75.4484100341796875 75.25836944580078125 75.06833648681640625 75.011322021484375 75.011322021484375 75.04036712646484375 -9999 -9999 -9999 -9999 -9999 -9999 -9999 -9999 -9999 -9999 -9999 -9999 -9999 -9999 -9999 -9999
55.4887542724609375 56.0760955810546875 56.730564117431640625 57.98915863037109375 59.247753143310546875 60.5641632080078125 61.9053497314453125 62.856113433837890625 62.895893096923828125 62.935672760009765625 62.813323974609375 62.672962188720703125 63.27968597412109375 64.63349151611328125 66.0425872802734375 67.94922637939453125 69.855865478515625 71.45511627197265625 72.92263031005859375 74.17263031005859375 74.91510772705078125 75.6575775146484375 75.73343658447265625 75.73523712158203125 75.708160400390625 75.6522064208984375 75.5809326171875 75.37178802490234375 75.16265106201171875 75.09990692138671875 75.1457977294921875 75.16278839111328125 -9999 -9999 -9999 -9999 -9999 -9999 -9999 -9999 -9999 -9999 -9999 -9999 -9999 -9999 -9999 -9999
55.447193145751953125 56.15074920654296875 56.9177703857421875 58.2559814453125 59.594196319580078125 60.885425567626953125 62.156513214111328125 63.076122283935546875 63.175609588623046875 63.275096893310546875 63.129810333251953125 62.95732879638671875 63.46979522705078125 64.66721343994140625 65.97620391845703125 68.28932952880859375 70.60245513916015625 72.29711151123046875 73.72670745849609375 74.858154296875 75.2939300537109375 75.72969818115234375 75.73799896240234375 75.69879913330078125 75.67730712890625 75.67352294921875 75.65578460693359375 75.5124664306640625 75.36914825439453125 75.3261566162109375 75.3312530517578125 75.3337860107421875 -9999 -9999 -9999 -9999 -9999 -9999 -9999 -9999 -9999 -9999 -9999 -9999 -9999 -9999 -9999 -9999
55.364803314208984375 56.187473297119140625 57.07025909423828125 58.494110107421875 59.917964935302734375 61.1879425048828125 62.391971588134765625 63.282550811767578125 63.44173431396484375 63.600917816162109375 63.446849822998046875 63.25797271728515625 63.687732696533203125 64.7361297607421875 65.958160400390625 68.74297332763671875 71.52777862548828125 73.32788848876953125 74.70598602294921875 75.69122314453125 75.75977325439453125 75.82831573486328125 75.734375 75.62236785888671875 75.600677490234375 75.66928863525390625 75.72423553466796875 75.65618133544921875 75.5881195068359375 75.5677032470703125 75.52431488037109375 75.4970855712890625 -9999 -9999 -9999 -9999 -9999 -9999 -9999 -9999 -9999 -9999 -9999 -9999 -9999 -9999 -9999 -9999
54.512786865234375 55.4539947509765625 56.459171295166015625 58.040050506591796875 59.620929718017578125 61.031280517578125 62.3685455322265625 63.37542724609375 63.611423492431640625 63.84741973876953125 63.6641387939453125 63.434268951416015625 63.773319244384765625 64.68128204345703125 65.804718017578125 68.8674163818359375 71.93011474609375 73.83353424072265625 75.2401123046875 76.19812774658203125 76.10948944091796875 76.02085113525390625 75.8312225341796875 75.63037872314453125 75.55908203125 75.61734771728515625 75.670166015625 75.674041748046875 75.67790985107421875 75.6790771484375 75.63568115234375 75.605621337890625 -9999 -9999 -9999 -9999 -9999 -9999 -9999 -9999 -9999 -9999 -9999 -9999 -9999 -9999 -9999 -9999
52.891143798828125 53.950321197509765625 55.08451080322265625 56.89380645751953125 58.70310211181640625 60.415439605712890625 62.086231231689453125 63.35475921630859375 63.684680938720703125 64.0146026611328125 63.781681060791015625 63.4862213134765625 63.7265472412109375 64.5026702880859375 65.51586151123046875 68.66266632080078125 71.80947113037109375 73.8140411376953125 75.3290863037109375 76.37888336181640625 76.34308624267578125 76.3072967529296875 76.02855682373046875 75.72281646728515625 75.55252838134765625 75.5176849365234375 75.4935760498046875 75.56604766845703125 75.63852691650390625 75.66027069091796875 75.65686798095703125 75.63106536865234375 -9999 -9999 -9999 -9999 -9999 -9999 -9999 -9999 -9999 -9999 -9999 -9999 -9999 -9999 -9999 -9999
51.25444793701171875 52.406688690185546875 53.64499664306640625 55.657871246337890625 57.670749664306640625 59.675395965576171875 61.676513671875 63.216037750244140625 63.678508758544921875 64.14098358154296875 63.88468170166015625 63.54851531982421875 63.694438934326171875 64.32245635986328125 65.20064544677734375 68.3304595947265625 71.46027374267578125 73.5711517333984375 75.24533843994140625 76.43459320068359375 76.4923248291015625 76.550048828125 76.21244049072265625 75.830902099609375 75.5758056640625 75.44715118408203125 75.34384918212890625 75.46881103515625 75.5937652587890625 75.631256103515625 75.60064697265625 75.5893096923828125 -9999 -9999 -9999 -9999 -9999 -9999 -9999 -9999 -9999 -9999 -9999 -9999 -9999 -9999 -9999 -9999
49.482311248779296875 50.503459930419921875 51.621791839599609375 53.61474609375 55.607696533203125 57.817478179931640625 60.12018585205078125 62.014862060546875 62.957462310791015625 63.900058746337890625 63.856761932373046875 63.703922271728515625 63.79425811767578125 64.127777099609375 64.6482391357421875 66.8511962890625 69.0541534423828125 71.317657470703125 73.60711669921875 75.36492919921875 75.88225555419921875 76.39957427978515625 76.2753143310546875 76.07976531982421875 75.8675537109375 75.6386871337890625 75.43593597412109375 75.46831512451171875 75.500701904296875 75.51041412353515625 75.51041412353515625 75.52124786376953125 -9999 -9999 -9999 -9999 -9999 -9999 -9999 -9999 -9999 -9999 -9999 -9999 -9999 -9999 -9999 -9999
47.710170745849609375 48.600231170654296875 49.5985870361328125 51.57161712646484375 53.544647216796875 55.959564208984375 58.5638580322265625 60.813686370849609375 62.23641204833984375 63.659137725830078125 63.828845977783203125 63.859325408935546875 63.894077301025390625 63.93309783935546875 64.0958251953125 65.3719329833984375 66.64803314208984375 69.06417083740234375 71.96889495849609375 74.2952728271484375 75.272186279296875 76.2490997314453125 76.33818817138671875 76.3286285400390625 76.15930938720703125 75.83022308349609375 75.52802276611328125 75.46782684326171875 75.40763092041015625 75.3895721435546875 75.45267486572265625 75.48271942138671875 -9999 -9999 -9999 -9999 -9999 -9999 -9999 -9999 -9999 -9999 -9999 -9999 -9999 -9999 -9999 -9999
46.4796905517578125 47.286846160888671875 48.1955413818359375 50.01807403564453125 51.840606689453125 54.16709136962890625 56.70955657958984375 59.040252685546875 60.8768310546875 62.713413238525390625 63.355884552001953125 63.8656768798828125 64.1812591552734375 64.3026275634765625 64.4808502197265625 65.1707305908203125 65.8606109619140625 67.9224395751953125 70.57224273681640625 72.8319854736328125 74.1815948486328125 75.53119659423828125 75.92242431640625 76.2071685791015625 76.222442626953125 75.96825408935546875 75.727752685546875 75.6104888916015625 75.49321746826171875 75.458038330078125 75.485076904296875 75.5142059326171875 -9999 -9999 -9999 -9999 -9999 -9999 -9999 -9999 -9999 -9999 -9999 -9999 -9999 -9999 -9999 -9999
45.481349945068359375 46.22625732421875 47.05828094482421875 48.674358367919921875 50.290431976318359375 52.402667999267578125 54.72754669189453125 57.02156829833984375 59.24359893798828125 61.465625762939453125 62.692188262939453125 63.80814361572265625 64.548736572265625 64.913970947265625 65.26763916015625 65.51728057861328125 65.76691436767578125 67.257171630859375 69.27912139892578125 71.20000457763671875 72.8850555419921875 74.5701141357421875 75.3015289306640625 75.92699432373046875 76.18759918212890625 76.0833587646484375 75.97362518310546875 75.8144989013671875 75.65537261962890625 75.60762786865234375 75.60486602783203125 75.610809326171875 -9999 -9999 -9999 -9999 -9999 -9999 -9999 -9999 -9999 -9999 -9999 -9999 -9999 -9999 -9999 -9999
44.711673736572265625 45.400714874267578125 46.1640167236328125 47.595703125 49.027393341064453125 50.92867279052734375 53.0312042236328125 55.239345550537109375 57.693897247314453125 60.1484527587890625 61.948577880859375 63.67598724365234375 64.87825775146484375 65.55538177490234375 66.15386199951171875 66.044525146484375 65.9351959228515625 66.81826019287109375 68.1266326904296875 69.57819366455078125 71.36386871337890625 73.14954376220703125 74.1322174072265625 75.025665283203125 75.60453033447265625 75.86881256103515625 76.09175872802734375 75.9427032470703125 75.79364776611328125 75.748931884765625 75.7424774169921875 75.73940277099609375 -9999 -9999 -9999 -9999 -9999 -9999 -9999 -9999 -9999 -9999 -9999 -9999 -9999 -9999 -9999 -9999
44.47554779052734375 45.123615264892578125 45.83675384521484375 47.1355438232421875 48.43433380126953125 50.132335662841796875 52.00142669677734375 54.008869171142578125 56.33911895751953125 58.669368743896484375 61.018497467041015625 63.369720458984375 65.11920928955078125 66.26696014404296875 67.27207183837890625 66.99343109130859375 66.71478271484375 66.90752410888671875 67.30229949951171875 67.98014068603515625 69.31850433349609375 70.6568603515625 71.68325042724609375 72.67498016357421875 73.74225616455078125 74.8850860595703125 75.9118499755859375 75.8940277099609375 75.8762054443359375 75.8708648681640625 75.8708648681640625 75.83376312255859375 -9999 -9999 -9999 -9999 -9999 -9999 -9999 -9999 -9999 -9999 -9999 -9999 -9999 -9999 -9999 -9999
44.2394256591796875 44.846515655517578125 45.509490966796875 46.675380706787109375 47.84127044677734375 49.335994720458984375 50.971649169921875 52.77838897705078125 54.984340667724609375 57.190288543701171875 60.08841705322265625 63.06345367431640625 65.36016082763671875 66.978546142578125 68.390289306640625 67.94232940673828125 67.49436187744140625 66.996795654296875 66.47795867919921875 66.38208770751953125 67.27313232421875 68.1641693115234375 69.234283447265625 70.3242950439453125 71.8799896240234375 73.9013671875 75.7319488525390625 75.84535980224609375 75.958770751953125 75.9927978515625 75.887939453125 75.7753753662109375 75.524078369140625 75.3255462646484375 75.1939544677734375 75.1490936279296875 75.1401214599609375 -9999 -9999 -9999 -9999 -9999 -9999 -9999 -9999 -9999 -9999 -9999
