data/rh3jan.asc
ncols        384
nrows        480
xllcorner    138.000000000000
yllcorner    -29.000000000000
cellsize     0.041666666667
NODATA_value -9999
[rows 273 to 293 of 480, columns 49 to 97 of 384]
37.382396697998046875 37.223766326904296875 37.138317108154296875 37.052867889404296875 37.282405853271484375 37.646930694580078125 37.827518463134765625 37.578914642333984375 37.330310821533203125 37.78759765625 38.323322296142578125 38.611721038818359375 38.652801513671875 38.679752349853515625 38.57952880859375 38.479305267333984375 38.72945404052734375 39.1297607421875 39.415424346923828125 39.433597564697265625 39.451770782470703125 39.45497894287109375 39.456523895263671875 39.293506622314453125 38.965923309326171875 38.679798126220703125 38.766788482666015625 38.85378265380859375 38.88695526123046875 38.89705657958984375 38.921367645263671875 38.97882843017578125 39.036289215087890625 39.082500457763671875 39.12746429443359375 39.21123504638671875 39.33380889892578125 39.442287445068359375 39.42388916015625 39.405487060546875 39.471649169921875 39.5740509033203125 39.595676422119140625 39.428829193115234375 39.261981964111328125 39.164154052734375 39.07399749755859375 39.043025970458984375 39.071239471435546875
37.19464111328125 37.00726318359375 36.938892364501953125 36.87052154541015625 37.117801666259765625 37.500354766845703125 37.6972808837890625 37.4610595703125 37.224842071533203125 37.72228240966796875 38.301239013671875 38.59404754638671875 38.6007080078125 38.590419769287109375 38.427616119384765625 38.264812469482421875 38.462207794189453125 38.813976287841796875 39.076045989990234375 39.128814697265625 39.18158721923828125 39.12474822998046875 39.05573272705078125 38.88858795166015625 38.623325347900390625 38.395610809326171875 38.505855560302734375 38.616100311279296875 38.66046142578125 38.6765899658203125 38.70151519775390625 38.746952056884765625 38.792388916015625 38.809444427490234375 38.823345184326171875 38.886104583740234375 38.997722625732421875 39.096324920654296875 39.07779693603515625 39.05926513671875 39.127895355224609375 39.23387908935546875 39.275096893310546875 39.165203094482421875 39.05530548095703125 39.005748748779296875 38.96289825439453125 38.9554443359375 38.983394622802734375
36.999919891357421875 36.785945892333984375 36.74135589599609375 36.696765899658203125 36.965099334716796875 37.36754608154296875 37.58303070068359375 37.362274169921875 37.141521453857421875 37.685108184814453125 38.313625335693359375 38.612453460693359375 38.581592559814453125 38.530879974365234375 38.30152130126953125 38.072162628173828125 38.19255828857421875 38.46285247802734375 38.682163238525390625 38.7825164794921875 38.88287353515625 38.7592926025390625 38.61083221435546875 38.448055267333984375 38.270969390869140625 38.12461090087890625 38.25482940673828125 38.385051727294921875 38.43869781494140625 38.459529876708984375 38.4823455810546875 38.509796142578125 38.537242889404296875 38.52411651611328125 38.506481170654296875 38.54674530029296875 38.6449127197265625 38.730594635009765625 38.70392608642578125 38.6772613525390625 38.744670867919921875 38.8524017333984375 38.915485382080078125 38.87438201904296875 38.833278656005859375 38.84194183349609375 38.85614013671875 38.879428863525390625 38.911815643310546875
36.8408355712890625 36.60523223876953125 36.566371917724609375 36.5275115966796875 36.79510498046875 37.194034576416015625 37.4118499755859375 37.20706939697265625 37.002288818359375 37.57224273681640625 38.22827911376953125 38.5422210693359375 38.51407623291015625 38.4653472900390625 38.231414794921875 37.997478485107421875 38.0433807373046875 38.209217071533203125 38.348934173583984375 38.427692413330078125 38.5064544677734375 38.383563995361328125 38.2382659912109375 38.092926025390625 37.94754791259765625 37.828685760498046875 37.948474884033203125 38.068264007568359375 38.11878204345703125 38.13961029052734375 38.16603851318359375 38.20552825927734375 38.24501800537109375 38.22698974609375 38.202571868896484375 38.241886138916015625 38.3449249267578125 38.433990478515625 38.397312164306640625 38.360630035400390625 38.423702239990234375 38.529529571533203125 38.605106353759765625 38.610111236572265625 38.615116119384765625 38.691936492919921875 38.776729583740234375 38.845294952392578125 38.897624969482421875
36.71738433837890625 36.465118408203125 36.413944244384765625 36.36277008056640625 36.607818603515625 36.979824066162109375 37.183742523193359375 36.995449066162109375 36.807155609130859375 37.383686065673828125 38.045196533203125 38.38335418701171875 38.39815521240234375 38.393825531005859375 38.217288970947265625 38.040752410888671875 38.014675140380859375 38.05307769775390625 38.076358795166015625 38.064342498779296875 38.05233001708984375 37.99755859375 37.938037872314453125 37.82320404052734375 37.653064727783203125 37.50783538818359375 37.586788177490234375 37.665744781494140625 37.700717926025390625 37.716838836669921875 37.752593994140625 37.8341522216796875 37.91571044921875 37.91806793212890625 37.911624908447265625 37.971523284912109375 38.097759246826171875 38.206516265869140625 38.157947540283203125 38.109378814697265625 38.164989471435546875 38.26525115966796875 38.343963623046875 38.372394561767578125 38.40082550048828125 38.55572509765625 38.724674224853515625 38.853038787841796875 38.94081878662109375
36.5586700439453125 36.287265777587890625 36.22325897216796875 36.15924835205078125 36.390239715576171875 36.747661590576171875 36.9459381103515625 36.772891998291015625 36.59984588623046875 37.18045806884765625 37.844806671142578125 38.202667236328125 38.25403594970703125 38.288089752197265625 38.16628265380859375 38.0444793701171875 37.961162567138671875 37.894344329833984375 37.81707000732421875 37.715396881103515625 37.613727569580078125 37.61835479736328125 37.634792327880859375 37.548175811767578125 37.358509063720703125 37.191741943359375 37.231075286865234375 37.270404815673828125 37.289752960205078125 37.300533294677734375 37.34453582763671875 37.466060638427734375 37.58758544921875 37.608928680419921875 37.619144439697265625 37.697002410888671875 37.842502593994140625 37.96868896484375 37.921016693115234375 37.873348236083984375 37.9263458251953125 38.022487640380859375 38.1053466796875 38.157207489013671875 38.209064483642578125 38.434268951416015625 38.678730010986328125 38.859874725341796875 38.97769927978515625
36.08257293701171875 35.76975250244140625 35.68825531005859375 35.60675811767578125 35.90001678466796875 36.353885650634765625 36.62091064453125 36.45195770263671875 36.283008575439453125 36.845188140869140625 37.48860931396484375 37.8255767822265625 37.8560943603515625 37.87445068359375 37.7833404541015625 37.692234039306640625 37.684391021728515625 37.7122344970703125 37.67734527587890625 37.496089935302734375 37.3148345947265625 37.30035400390625 37.304409027099609375 37.225391387939453125 37.063312530517578125 36.918498992919921875 36.929107666015625 36.93972015380859375 36.942707061767578125 36.942424774169921875 36.984989166259765625 37.127521514892578125 37.270053863525390625 37.297832489013671875 37.312862396240234375 37.38506317138671875 37.514434814453125 37.637699127197265625 37.70600128173828125 37.77429962158203125 37.868312835693359375 37.973346710205078125 38.0694580078125 38.144756317138671875 38.220058441162109375 38.44557952880859375 38.687793731689453125 38.85851287841796875 38.957733154296875
35.606475830078125 35.25223541259765625 35.153247833251953125 35.054264068603515625 35.409793853759765625 35.960113525390625 36.2958831787109375 36.131023406982421875 35.966167449951171875 36.509922027587890625 37.132411956787109375 37.448490142822265625 37.45815277099609375 37.46080780029296875 37.40039825439453125 37.339992523193359375 37.407623291015625 37.530124664306640625 37.537624359130859375 37.276782989501953125 37.015941619873046875 36.982357025146484375 36.974025726318359375 36.90261077880859375 36.7681121826171875 36.645252227783203125 36.62714385986328125 36.609035491943359375 36.595661163330078125 36.584316253662109375 36.625438690185546875 36.788982391357421875 36.952526092529296875 36.986736297607421875 37.0065765380859375 37.0731201171875 37.18636322021484375 37.306713104248046875 37.4909820556640625 37.67525482177734375 37.810283660888671875 37.92420196533203125 38.0335693359375 38.1323089599609375 38.231052398681640625 38.4568939208984375 38.696857452392578125 38.857151031494140625 38.937770843505859375
35.33152008056640625 35.00909423828125 34.86309814453125 34.717105865478515625 35.054286956787109375 35.598545074462890625 35.943958282470703125 35.82538604736328125 35.706817626953125 36.243999481201171875 36.85404205322265625 37.173877716064453125 37.203502655029296875 37.224544525146484375 37.168346405029296875 37.112152099609375 37.19705963134765625 37.34244537353515625 37.37596893310546875 37.1484832763671875 36.92099761962890625 36.899555206298828125 36.90100860595703125 36.815704345703125 36.643642425537109375 36.485721588134765625 36.45502471923828125 36.4243316650390625 36.3962249755859375 36.369228363037109375 36.391635894775390625 36.52931976318359375 36.667003631591796875 36.7027435302734375 36.727161407470703125 36.80408477783203125 36.933513641357421875 37.072902679443359375 37.30191802978515625 37.5309295654296875 37.6883544921875 37.815097808837890625 37.933208465576171875 38.03116607666015625 38.12912750244140625 38.312236785888671875 38.504810333251953125 38.625522613525390625 38.674365997314453125
35.14276885986328125 34.883544921875 34.677886962890625 34.472232818603515625 34.756519317626953125 35.2507781982421875 35.580501556396484375 35.52630615234375 35.472110748291015625 36.0077972412109375 36.6090240478515625 36.943180084228515625 37.01026153564453125 37.064300537109375 37.0009613037109375 36.937625885009765625 37.0148773193359375 37.152378082275390625 37.204914093017578125 37.0591888427734375 36.913463592529296875 36.917552947998046875 36.938289642333984375 36.82988739013671875 36.59234619140625 36.3749237060546875 36.33855438232421875 36.302188873291015625 36.26004791259765625 36.215435028076171875 36.211727142333984375 36.30345916748046875 36.39519500732421875 36.430370330810546875 36.459259033203125 36.553436279296875 36.712902069091796875 36.880741119384765625 37.12397003173828125 37.36719512939453125 37.539043426513671875 37.6802978515625 37.805217742919921875 37.8920135498046875 37.978809356689453125 38.100738525390625 38.226573944091796875 38.29520416259765625 38.30663299560546875
34.962677001953125 34.74329376220703125 34.497524261474609375 34.2517547607421875 34.497249603271484375 34.953281402587890625 35.26458740234375 35.238185882568359375 35.21178436279296875 35.747631072998046875 36.345951080322265625 36.698223114013671875 36.804439544677734375 36.895298004150390625 36.847888946533203125 36.800479888916015625 36.877483367919921875 37.007808685302734375 37.07137298583984375 36.979167938232421875 36.886959075927734375 36.900966644287109375 36.926776885986328125 36.791194915771484375 36.494220733642578125 36.21974945068359375 36.14777374267578125 36.075801849365234375 36.02317047119140625 35.978832244873046875 35.9712371826171875 36.04936981201171875 36.127506256103515625 36.166851043701171875 36.201885223388671875 36.313343048095703125 36.501224517822265625 36.694423675537109375 36.935489654541015625 37.17655181884765625 37.355884552001953125 37.508762359619140625 37.63849639892578125 37.714237213134765625 37.78997802734375 37.87165069580078125 37.953983306884765625 37.991954803466796875 37.98555755615234375
34.80279541015625 34.568737030029296875 34.32846832275390625 34.088199615478515625 34.327808380126953125 34.773082733154296875 35.059589385986328125 34.975635528564453125 34.891681671142578125 35.431560516357421875 36.040752410888671875 36.41999053955078125 36.569271087646484375 36.705860137939453125 36.728206634521484375 36.75054931640625 36.844608306884765625 36.969394683837890625 37.025371551513671875 36.920787811279296875 36.816204071044921875 36.803691864013671875 36.801410675048828125 36.629123687744140625 36.286830902099609375 35.961025238037109375 35.783603668212890625 35.60617828369140625 35.55133056640625 35.549015045166015625 35.589397430419921875 35.729404449462890625 35.869415283203125 35.923992156982421875 35.96907806396484375 36.09787750244140625 36.310398101806640625 36.521732330322265625 36.722423553466796875 36.92311859130859375 37.093753814697265625 37.251506805419921875 37.381412506103515625 37.44635009765625 37.511287689208984375 37.601520538330078125 37.6945648193359375 37.7518463134765625 37.7733612060546875
34.642910003662109375 34.394184112548828125 34.159412384033203125 33.924640655517578125 34.1583709716796875 34.592884063720703125 34.85459136962890625 34.713085174560546875 34.571582794189453125 35.11548614501953125 35.7355499267578125 36.141754150390625 36.334102630615234375 36.516422271728515625 36.608524322509765625 36.70062255859375 36.81172943115234375 36.9309844970703125 36.9793701171875 36.862407684326171875 36.74544525146484375 36.706417083740234375 36.676044464111328125 36.46704864501953125 36.079437255859375 35.702301025390625 35.419429779052734375 35.13655853271484375 35.07949066162109375 35.11919403076171875 35.207553863525390625 35.409442901611328125 35.611328125 35.6811370849609375 35.736270904541015625 35.882415771484375 36.11956787109375 36.349040985107421875 36.50936126708984375 36.669681549072265625 36.8316192626953125 36.994251251220703125 37.12432861328125 37.178462982177734375 37.232593536376953125 37.331386566162109375 37.435146331787109375 37.511737823486328125 37.56116485595703125
34.333919525146484375 34.068134307861328125 33.864704132080078125 33.6612701416015625 33.899021148681640625 34.325847625732421875 34.587055206298828125 34.461822509765625 34.3365936279296875 34.864841461181640625 35.4656982421875 35.87457275390625 36.091464996337890625 36.299182891845703125 36.424335479736328125 36.549488067626953125 36.650119781494140625 36.740245819091796875 36.759220123291015625 36.612171173095703125 36.465122222900390625 36.408447265625 36.36181640625 36.12723541259765625 35.7047119140625 35.303440093994140625 35.093475341796875 34.883510589599609375 34.84668731689453125 34.884067535400390625 34.994045257568359375 35.273410797119140625 35.552776336669921875 35.6222991943359375 35.668506622314453125 35.79535675048828125 36.002849578857421875 36.208057403564453125 36.392711639404296875 36.577365875244140625 36.730541229248046875 36.8702239990234375 36.978302001953125 37.012638092041015625 37.046977996826171875 37.15215301513671875 37.265201568603515625 37.35201263427734375 37.412593841552734375
34.00836181640625 33.725250244140625 33.5560302734375 33.386810302734375 33.629680633544921875 34.049160003662109375 34.31256866455078125 34.21181488037109375 34.11106109619140625 34.621463775634765625 35.199771881103515625 35.608615875244140625 35.84799957275390625 36.078857421875 36.232982635498046875 36.38710784912109375 36.474208831787109375 36.532588958740234375 36.51972198486328125 36.340618133544921875 36.1615142822265625 36.0881805419921875 36.02660369873046875 35.767673492431640625 35.311389923095703125 34.889011383056640625 34.77176666259765625 34.654521942138671875 34.64044189453125 34.670574188232421875 34.7992401123046875 35.157817840576171875 35.51639556884765625 35.5839080810546875 35.61907958984375 35.722564697265625 35.8943634033203125 36.070598602294921875 36.286777496337890625 36.502956390380859375 36.647357940673828125 36.7610015869140625 36.84461212158203125 36.858158111572265625 36.871700286865234375 36.9830169677734375 37.105197906494140625 37.201221466064453125 37.271091461181640625
33.6792755126953125 33.404205322265625 33.2752838134765625 33.1463623046875 33.399585723876953125 33.816585540771484375 34.089092254638671875 34.02443695068359375 33.959781646728515625 34.48785400390625 35.081783294677734375 35.514881134033203125 35.78714752197265625 36.0483856201171875 36.21038055419921875 36.37237548828125 36.430431365966796875 36.44394683837890625 36.390972137451171875 36.182865142822265625 35.974758148193359375 35.885272979736328125 35.80896759033203125 35.5546875 35.1224212646484375 34.72400665283203125 34.630191802978515625 34.536376953125 34.517230987548828125 34.53009033203125 34.654003143310546875 35.03705596923828125 35.420108795166015625 35.490116119384765625 35.525341033935546875 35.61376953125 35.755401611328125 35.908237457275390625 36.16193389892578125 36.41562652587890625 36.557811737060546875 36.652210235595703125 36.71146392822265625 36.688720703125 36.66597747802734375 36.77576446533203125 36.900279998779296875 36.990749359130859375 37.04717254638671875
33.346660614013671875 33.10500335693359375 33.022464752197265625 32.9399261474609375 33.208736419677734375 33.6281280517578125 33.916622161865234375 33.899684906005859375 33.882747650146484375 34.4640045166015625 35.111728668212890625 35.593364715576171875 35.908908843994140625 36.207775115966796875 36.356536865234375 36.5052947998046875 36.51879119873046875 36.4743194580078125 36.372974395751953125 36.138912200927734375 35.90485382080078125 35.79972076416015625 35.70891571044921875 35.488277435302734375 35.13780975341796875 34.808422088623046875 34.6687469482421875 34.529071807861328125 34.47705841064453125 34.462612152099609375 34.558338165283203125 34.91112518310546875 35.263916015625 35.340923309326171875 35.38729095458984375 35.468967437744140625 35.585964202880859375 35.720977783203125 36.01818084716796875 36.3153839111328125 36.461902618408203125 36.54384613037109375 36.57884979248046875 36.50432586669921875 36.42980194091796875 36.5303955078125 36.65044403076171875 36.72058868408203125 36.740833282470703125
33.03237152099609375 32.8251953125 32.7818603515625 32.738529205322265625 33.02187347412109375 33.445224761962890625 33.749755859375 33.77704620361328125 33.8043365478515625 34.438411712646484375 35.1399078369140625 35.6705474853515625 36.030330657958984375 36.3669891357421875 36.49550628662109375 36.624019622802734375 36.596118927001953125 36.501178741455078125 36.355434417724609375 36.0911407470703125 35.826847076416015625 35.690128326416015625 35.567584991455078125 35.37215423583984375 35.1038360595703125 34.84513092041015625 34.672943115234375 34.500759124755859375 34.419483184814453125 34.37717437744140625 34.44327545166015625 34.7623443603515625 35.08141326904296875 35.1683197021484375 35.22943115234375 35.3106231689453125 35.411895751953125 35.536579132080078125 35.8719329833984375 36.207286834716796875 36.351520538330078125 36.413845062255859375 36.4199981689453125 36.295070648193359375 36.170146942138671875 36.2581024169921875 36.36971282958984375 36.42800140380859375 36.4329681396484375
32.8829803466796875 32.719921112060546875 32.651210784912109375 32.582500457763671875 32.870891571044921875 33.3123321533203125 33.633358001708984375 33.673431396484375 33.71350860595703125 34.3970794677734375 35.152149200439453125 35.736026763916015625 36.148708343505859375 36.5246429443359375 36.569820404052734375 36.61499786376953125 36.574127197265625 36.49637603759765625 36.34203338623046875 36.008975982666015625 35.675914764404296875 35.364166259765625 35.054782867431640625 34.80859375 34.6255950927734375 34.45244598388671875 34.36791229248046875 34.28337860107421875 34.205326080322265625 34.13005828857421875 34.153636932373046875 34.407863616943359375 34.662090301513671875 34.784984588623046875 34.89328765869140625 35.0303497314453125 35.19617462158203125 35.377941131591796875 35.703216552734375 36.028491973876953125 36.110851287841796875 36.08910369873046875 36.025005340576171875 35.862087249755859375 35.699169158935546875 35.743534088134765625 35.81093597412109375 35.933544158935546875 36.11136627197265625
32.733592987060546875 32.61464691162109375 32.520557403564453125 32.426471710205078125 32.719913482666015625 33.17943572998046875 33.51696014404296875 33.569820404052734375 33.622676849365234375 34.355743408203125 35.16439056396484375 35.80150604248046875 36.267086029052734375 36.682292938232421875 36.644134521484375 36.605976104736328125 36.552135467529296875 36.4915771484375 36.32863616943359375 35.92681121826171875 35.52498626708984375 35.038204193115234375 34.541980743408203125 34.24503326416015625 34.147357940673828125 34.05976104736328125 34.062877655029296875 34.0659942626953125 33.991168975830078125 33.88294219970703125 33.863994598388671875 34.05338287353515625 34.242767333984375 34.40164947509765625 34.5571441650390625 34.7500762939453125 34.980449676513671875 35.219303131103515625 35.5345001220703125 35.849697113037109375 35.870182037353515625 35.764362335205078125 35.630016326904296875 35.429103851318359375 35.228191375732421875 35.22896575927734375 35.252155303955078125 35.4390869140625 35.789764404296875
32.61832427978515625 32.528289794921875 32.453014373779296875 32.37773895263671875 32.65111541748046875 33.073917388916015625 33.382720947265625 33.425537109375 33.468349456787109375 34.170196533203125 34.945270538330078125 35.58565521240234375 36.091350555419921875 36.542232513427734375 36.499759674072265625 36.457286834716796875 36.395298004150390625 36.32494354248046875 36.146350860595703125 35.7152099609375 35.28406524658203125 34.768039703369140625 34.242580413818359375 33.93146514892578125 33.834697723388671875 33.74725341796875 33.743717193603515625 33.74018096923828125 33.663543701171875 33.555576324462890625 33.534881591796875 33.71782684326171875 33.900768280029296875 34.067249298095703125 34.231899261474609375 34.44264984130859375 34.699497222900390625 34.9643096923828125 35.300777435302734375 35.63724517822265625 35.70001220703125 35.645481109619140625 35.530887603759765625 35.276157379150390625 35.021427154541015625 34.995937347412109375 34.995914459228515625 35.17705535888671875 35.53936004638671875
