data/rh3jan.asc
ncols        384
nrows        480
xllcorner    138.000000000000
yllcorner    -29.000000000000
cellsize     0.041666666667
NODATA_value -9999
[rows 0 to 20 of 480, columns 196 to 244 of 384]
-9999 -9999 79.0262451171875 79.0262451171875 79.0262451171875 79.1027679443359375 79.26430511474609375 79.4187164306640625 79.39733123779296875 79.18398284912109375 78.8018798828125 78.34316253662109375 77.999542236328125 77.91883087158203125 78.14117431640625 78.5761566162109375 79.14492034912109375 79.00084686279296875 77.960693359375 76.3109283447265625 75.14449310302734375 74.60648345947265625 74.9097442626953125 75.76781463623046875 77.46649932861328125 79.6527252197265625 82.0986785888671875 83.931488037109375 85.00490570068359375 85.56981658935546875 86.160369873046875 86.611968994140625 86.73694610595703125 86.5481414794921875 86.34879302978515625 86.30347442626953125 86.4648284912109375 86.7233734130859375 87.0467376708984375 87.291290283203125 87.427886962890625 87.46784210205078125 87.48439788818359375 87.23979949951171875 86.5173492431640625 85.349212646484375 84.2415924072265625 83.43225860595703125 83.21460723876953125
-9999 -9999 79.0262451171875 79.0262451171875 79.0262451171875 79.0262451171875 79.25580596923828125 79.5108642578125 79.48947906494140625 79.19164276123046875 78.87082672119140625 78.34316253662109375 77.81549835205078125 77.83995819091796875 78.10103607177734375 78.48252105712890625 79.14492034912109375 79.8073272705078125 78.05030059814453125 76.0244598388671875 74.85802459716796875 74.55100250244140625 74.41042327880859375 75.76781463623046875 77.125213623046875 79.50646209716796875 82.3264923095703125 84.46307373046875 85.00490570068359375 85.54674530029296875 86.157806396484375 86.77655792236328125 86.9015350341796875 86.53273773193359375 86.2101593017578125 86.30347442626953125 86.39678955078125 86.6942138671875 87.07912445068359375 87.3668670654296875 87.427886962890625 87.4889068603515625 87.4867401123046875 87.4775543212890625 86.75510406494140625 85.3193817138671875 83.97314453125 83.43225860595703125 82.89138031005859375
-9999 -9999 79.0262451171875 79.0262451171875 79.0262451171875 79.0262451171875 79.25580596923828125 79.5108642578125 79.48947906494140625 79.19164276123046875 78.87078094482421875 78.35296630859375 77.8532257080078125 77.8924713134765625 78.1578826904296875 78.539825439453125 79.19368743896484375 79.8475494384765625 78.09564971923828125 76.076446533203125 74.8922119140625 74.54296875 74.3627471923828125 75.70377349853515625 77.0447998046875 79.37599945068359375 82.131561279296875 84.24001312255859375 84.8385467529296875 85.43707275390625 86.01428985595703125 86.58914947509765625 86.704132080078125 86.3592529296875 86.064971923828125 86.226043701171875 86.387115478515625 86.71741485595703125 87.12024688720703125 87.4012451171875 87.39797210693359375 87.39469146728515625 87.35430908203125 87.309814453125 86.6036529541015625 85.23583984375 83.95146942138671875 83.4181365966796875 82.884796142578125
-9999 -9999 79.0262451171875 79.0262451171875 79.0262451171875 79.0262451171875 79.25580596923828125 79.5108642578125 79.48947906494140625 79.19164276123046875 78.86994171142578125 78.4833831787109375 78.253448486328125 78.4176483154296875 78.72631072998046875 79.11290740966796875 79.681365966796875 80.24981689453125 78.5491180419921875 76.59629058837890625 75.234130859375 74.4626312255859375 73.886016845703125 75.0633392333984375 76.24066162109375 78.0714263916015625 80.1822357177734375 82.00943756103515625 83.1748809814453125 84.34033203125 84.57917022705078125 84.715057373046875 84.730133056640625 84.62438201904296875 84.61307525634765625 85.45172119140625 86.29036712646484375 86.949432373046875 87.531524658203125 87.7451019287109375 87.0988006591796875 86.4524993896484375 86.0300140380859375 85.63239288330078125 85.089202880859375 84.40044403076171875 83.73476409912109375 83.27685546875 82.81894683837890625
-9999 -9999 79.0262451171875 79.0262451171875 79.0262451171875 79.1027679443359375 79.26430511474609375 79.4187164306640625 79.39733123779296875 79.183685302734375 78.84832000732421875 78.636810302734375 78.70047760009765625 78.94283294677734375 79.29473876953125 79.6859893798828125 80.169036865234375 80.6520843505859375 79.00258636474609375 77.1161346435546875 75.57604217529296875 74.38230133056640625 73.40929412841796875 74.42291259765625 75.43653106689453125 76.76685333251953125 78.23291015625 79.77886199951171875 81.51122283935546875 83.24359130859375 83.1440582275390625 82.840972900390625 82.75612640380859375 82.8895111083984375 83.16118621826171875 84.67740631103515625 86.19362640380859375 87.1814422607421875 87.94280242919921875 88.088958740234375 86.7996368408203125 85.51031494140625 84.705718994140625 83.9549713134765625 83.5747528076171875 83.5650482177734375 83.51805877685546875 83.13558197021484375 82.7530975341796875
-9999 -9999 79.0262451171875 79.0262451171875 79.05175018310546875 79.131103515625 79.261932373046875 79.36011505126953125 79.33324432373046875 79.1431121826171875 78.89241790771484375 78.83319091796875 78.87680816650390625 79.075836181640625 79.36016845703125 79.6827392578125 80.0945281982421875 80.506317138671875 79.163818359375 77.62640380859375 76.2274932861328125 74.96709442138671875 73.93085479736328125 74.91201019287109375 75.89316558837890625 76.96756744384765625 78.0819244384765625 79.29631805419921875 80.7441253662109375 82.1919403076171875 81.9382781982421875 81.49556732177734375 81.40801239013671875 81.67562103271484375 82.08515167236328125 83.771942138671875 85.458740234375 86.71044158935546875 87.7756805419921875 88.1739349365234375 87.015899658203125 85.85785675048828125 84.77362823486328125 83.697601318359375 83.16223907470703125 83.1675567626953125 83.15366363525390625 82.9669036865234375 82.78014373779296875
-9999 -9999 -9999 -9999 -9999 -9999 -9999 -9999 -9999 -9999 78.98751068115234375 78.96007537841796875 78.92229461669921875 79.040771484375 79.21002960205078125 79.4324798583984375 79.779083251953125 80.1256866455078125 79.1998138427734375 78.13256072998046875 77.01160430908203125 75.83695220947265625 74.8802490234375 75.88519287109375 76.89013671875 77.8134002685546875 78.70165252685546875 79.56292724609375 80.36126708984375 81.15960693359375 80.83078765869140625 80.37673187255859375 80.3281402587890625 80.68500518798828125 81.170196533203125 82.81027984619140625 84.45035552978515625 85.93814849853515625 87.3606719970703125 88.1479644775390625 87.45305633544921875 86.75814056396484375 85.438201904296875 84.0488128662109375 83.22199249267578125 82.95774078369140625 82.7259674072265625 82.7864837646484375 82.8470001220703125
-9999 -9999 -9999 -9999 -9999 -9999 -9999 -9999 -9999 -9999 79.21124267578125 79.1692657470703125 79.08111572265625 79.104217529296875 79.13720703125 79.240509033203125 79.50788116455078125 79.77524566650390625 79.1981048583984375 78.527130126953125 77.67299652099609375 76.63570404052734375 75.7922821044921875 76.69371795654296875 77.59515380859375 78.3682708740234375 79.086395263671875 79.67864227294921875 79.9771728515625 80.27570343017578125 80.00115966796875 79.6629486083984375 79.699981689453125 80.1122589111328125 80.6256561279296875 82.04911041259765625 83.47255706787109375 85.01558685302734375 86.60985565185546875 87.67838287353515625 87.5201568603515625 87.36193084716796875 86.0645751953125 84.64064788818359375 83.60077667236328125 82.9449615478515625 82.37639617919921875 82.59305572509765625 82.809722900390625
-9999 -9999 -9999 -9999 -9999 -9999 -9999 -9999 -9999 -9999 79.4914398193359375 79.50438690185546875 79.50438690185546875 79.39749908447265625 79.24480438232421875 79.18453216552734375 79.33989715576171875 79.49526214599609375 79.1084136962890625 78.66131591796875 78.04802703857421875 77.26854705810546875 76.61710357666015625 77.1180267333984375 77.6189422607421875 78.24423980712890625 78.92284393310546875 79.4422454833984375 79.59017181396484375 79.73810577392578125 79.8198699951171875 79.89427947998046875 80.12583160400390625 80.51453399658203125 80.94539642333984375 81.7557525634765625 82.56610870361328125 83.7423858642578125 85.07549285888671875 86.17369842529296875 86.7238006591796875 87.27390289306640625 86.601806640625 85.793914794921875 84.7239532470703125 83.39192962646484375 82.20912933349609375 82.369293212890625 82.52945709228515625
-9999 -9999 -9999 -9999 -9999 -9999 -9999 -9999 -9999 -9999 79.75128936767578125 79.8006744384765625 79.92765045166015625 79.69078826904296875 79.35240936279296875 79.12854766845703125 79.17191314697265625 79.21527862548828125 79.0187225341796875 78.79550933837890625 78.423065185546875 77.901397705078125 77.44193267822265625 77.54233551025390625 77.64273834228515625 78.12021636962890625 78.7592926025390625 79.20584869384765625 79.20317840576171875 79.20050811767578125 79.63857269287109375 80.1256103515625 80.55168914794921875 80.91680908203125 81.26513671875 81.46240234375 81.65966033935546875 82.4691925048828125 83.5411224365234375 84.66900634765625 85.9274444580078125 87.185882568359375 87.13904571533203125 86.94718170166015625 85.84712982177734375 83.83890533447265625 82.04186248779296875 82.14553070068359375 82.2491912841796875
-9999 -9999 -9999 -9999 -9999 -9999 -9999 -9999 -9999 -9999 79.90648651123046875 79.94881439208984375 79.96997833251953125 79.72011566162109375 79.36316680908203125 79.122955322265625 79.155120849609375 79.18727874755859375 78.9889373779296875 78.83709716796875 78.646484375 78.381500244140625 78.138336181640625 78.09157562255859375 78.04482269287109375 78.43778228759765625 79.019195556640625 79.454498291015625 79.54889678955078125 79.64328765869140625 80.14002227783203125 80.68145751953125 81.01340484619140625 81.1358795166015625 81.26097869873046875 81.40975189208984375 81.55853271484375 81.925079345703125 82.3849639892578125 83.12482452392578125 84.51793670654296875 85.9110565185546875 86.37371063232421875 86.73297119140625 86.1273651123046875 84.55689239501953125 83.1003265380859375 82.66888427734375 82.23744964599609375
-9999 -9999 -9999 -9999 -9999 -9999 -9999 -9999 -9999 -9999 79.9593963623046875 79.96997833251953125 79.8450469970703125 79.684417724609375 79.40207672119140625 79.2137451171875 79.155120849609375 79.110443115234375 78.9720306396484375 78.87458038330078125 78.85305023193359375 78.84462738037109375 78.82047271728515625 78.65470123291015625 78.4889373779296875 78.804412841796875 79.326141357421875 79.75704193115234375 79.97602081298828125 80.19499969482421875 80.71732330322265625 81.27335357666015625 81.4791107177734375 81.3345947265625 81.2208251953125 81.38385009765625 81.546875 81.46198272705078125 81.2708282470703125 81.5762481689453125 83.04030609130859375 84.50437164306640625 85.4636383056640625 86.3668212890625 86.31394195556640625 85.30500030517578125 84.29497528076171875 83.27526092529296875 82.2555389404296875
-9999 -9999 -9999 -9999 -9999 -9999 -9999 -9999 -9999 -9999 79.96997833251953125 79.9075164794921875 79.8331451416015625 79.64385223388671875 79.43341827392578125 79.25698089599609375 79.15976715087890625 79.0709991455078125 78.99025726318359375 78.97225189208984375 79.0181121826171875 79.109832763671875 79.17449188232421875 78.9956512451171875 78.81681060791015625 79.05342864990234375 79.4680938720703125 79.85654449462890625 80.1838226318359375 80.5110931396484375 80.80088043212890625 81.0865020751953125 81.033477783203125 80.64179229736328125 80.29949188232421875 80.401702880859375 80.50390625 80.2380828857421875 79.81453704833984375 79.97510528564453125 81.49861907958984375 83.022125244140625 84.32833099365234375 85.6103973388671875 86.060882568359375 85.6797943115234375 85.1965789794921875 83.79416656494140625 82.391754150390625
-9999 -9999 -9999 -9999 -9999 -9999 -9999 -9999 -9999 -9999 -9999 -9999 -9999 -9999 -9999 -9999 -9999 79.14392852783203125 79.127166748046875 79.123931884765625 79.14165496826171875 79.17710113525390625 79.200408935546875 79.1144256591796875 79.02845001220703125 79.18482208251953125 79.445068359375 79.753021240234375 80.17229461669921875 80.5915679931640625 80.39068603515625 80.12090301513671875 79.6764984130859375 79.05747222900390625 78.49697113037109375 78.46329498291015625 78.4296112060546875 78.25339508056640625 78.01609039306640625 78.3214111328125 79.8928680419921875 81.464324951171875 82.9677886962890625 84.46369171142578125 85.368194580078125 85.6812896728515625 85.80512237548828125 84.2256011962890625 82.646087646484375
-9999 -9999 -9999 -9999 -9999 -9999 -9999 -9999 -9999 -9999 -9999 -9999 -9999 -9999 -9999 -9999 -9999 79.32513427734375 79.31436920166015625 79.285308837890625 79.275054931640625 79.254547119140625 79.2350921630859375 79.2251129150390625 79.21514129638671875 79.29604339599609375 79.41588592529296875 79.64479827880859375 80.12818145751953125 80.611572265625 79.99322509765625 79.2524566650390625 78.4696502685546875 77.6448211669921875 76.8889007568359375 76.7531890869140625 76.61748504638671875 76.51971435546875 76.43819427490234375 76.84246826171875 78.38024139404296875 79.91802215576171875 81.5839385986328125 83.26409149169921875 84.59171295166015625 85.56681060791015625 86.27655029296875 84.598052978515625 82.9195556640625
-9999 -9999 -9999 -9999 -9999 -9999 -9999 -9999 -9999 -9999 -9999 -9999 -9999 -9999 -9999 -9999 -9999 79.52422332763671875 79.53387451171875 79.53387451171875 79.49707794189453125 79.423492431640625 79.34869384765625 79.263031005859375 79.17737579345703125 79.22565460205078125 79.33133697509765625 79.494293212890625 79.79087066650390625 80.0874481201171875 79.71031951904296875 79.25833892822265625 78.6139678955078125 77.77719879150390625 77.03081512451171875 77.09780120849609375 77.164794921875 77.04505157470703125 76.84528350830078125 76.93628692626953125 77.70574951171875 78.4752044677734375 79.990386962890625 81.5884246826171875 83.06118011474609375 84.40863800048828125 85.51392364501953125 84.43958282470703125 83.365234375
-9999 -9999 -9999 -9999 -9999 -9999 -9999 -9999 -9999 -9999 -9999 -9999 -9999 -9999 -9999 -9999 -9999 79.6926727294921875 79.72443389892578125 79.78243255615234375 79.7191009521484375 79.592437744140625 79.46230316162109375 79.3009490966796875 79.1396026611328125 79.15526580810546875 79.24678802490234375 79.34378814697265625 79.45355224609375 79.563323974609375 79.42742156982421875 79.26422119140625 78.75827789306640625 77.90958404541015625 77.1727294921875 77.442413330078125 77.71209716796875 77.57039642333984375 77.25238037109375 77.0301055908203125 77.03125 77.0323944091796875 78.39684295654296875 79.9127655029296875 81.5306396484375 83.25046539306640625 84.7512969970703125 84.28110504150390625 83.81092071533203125
-9999 -9999 -9999 -9999 -9999 -9999 -9999 -9999 -9999 -9999 -9999 -9999 -9999 -9999 -9999 -9999 -9999 79.800384521484375 79.8197174072265625 79.85700225830078125 79.78570556640625 79.64311981201171875 79.4963836669921875 79.31232452392578125 79.128265380859375 79.2706756591796875 79.48925018310546875 79.64076995849609375 79.7411956787109375 79.84162139892578125 79.837738037109375 79.822265625 79.27603912353515625 78.19905853271484375 77.27307891845703125 77.70619964599609375 78.139312744140625 77.9154510498046875 77.41002655029296875 76.902435302734375 76.3897705078125 75.877105712890625 76.85330963134765625 77.99494171142578125 79.44675445556640625 81.2087554931640625 82.8118133544921875 82.98436737060546875 83.15692901611328125
-9999 -9999 -9999 -9999 -9999 -9999 -9999 -9999 -9999 -9999 -9999 -9999 -9999 -9999 -9999 -9999 -9999 79.8383636474609375 79.85700225830078125 79.82135009765625 79.76194000244140625 79.6417388916015625 79.48394012451171875 79.31232452392578125 79.237091064453125 79.66455078125 79.97148895263671875 80.1295318603515625 80.29666900634765625 80.46380615234375 80.54514312744140625 80.61695098876953125 79.95384979248046875 78.55585479736328125 77.35562896728515625 77.93534088134765625 78.5150604248046875 78.1832427978515625 77.46077728271484375 76.67983245849609375 75.76244354248046875 74.84505462646484375 75.3312225341796875 75.9733428955078125 77.125732421875 78.78838348388671875 80.36795806884765625 81.199798583984375 82.03163909912109375
-9999 -9999 -9999 -9999 -9999 -9999 -9999 -9999 -9999 -9999 -9999 -9999 -9999 -9999 -9999 -9999 -9999 79.85700225830078125 79.83917999267578125 79.8134307861328125 79.74167633056640625 79.62920379638671875 79.47933197021484375 79.344451904296875 79.844635009765625 80.3609466552734375 80.46307373046875 80.52375030517578125 80.7259979248046875 80.9282379150390625 81.05245208740234375 81.16799163818359375 80.38651275634765625 78.70801544189453125 77.25287628173828125 77.80791473388671875 78.36295318603515625 77.94268798828125 77.10442352294921875 76.2425537109375 75.3255767822265625 74.408599853515625 74.43731689453125 74.57110595703125 75.34883880615234375 76.7705230712890625 78.174591064453125 79.42009735107421875 80.66561126708984375
-9999 -9999 -9999 -9999 -9999 -9999 -9999 -9999 -9999 -9999 -9999 -9999 -9999 -9999 -9999 -9999 -9999 -9999 -9999 -9999 -9999 -9999 -9999 -9999 80.595703125 80.6482696533203125 80.6482696533203125 80.697357177734375 80.86098480224609375 81.02460479736328125 81.092864990234375 81.1505279541015625 80.24713897705078125 78.38268280029296875 76.71775054931640625 76.84847259521484375 76.9792022705078125 76.51596832275390625 75.798187255859375 75.3043670654296875 75.33313751220703125 75.361907958984375 75.0091705322265625 74.614044189453125 74.8415985107421875 75.69184112548828125 76.565673828125 77.6517486572265625 78.73783111572265625
