data/rh3jul.asc
ncols        384
nrows        480
xllcorner    138.000000000000
yllcorner    -29.000000000000
cellsize     0.041666666667
NODATA_value -9999
[rows 21 to 41 of 480, columns 288 to 335 of 384]
74.2866973876953125 74.649017333984375 74.3694000244140625 74.0655670166015625 74.40486907958984375 74.96128082275390625 77.2620086669921875 78.93012237548828125 79.297821044921875 79.297821044921875 79.53253173828125 79.7933197021484375 80.00403594970703125 80.16468048095703125 80.25026702880859375 79.6603546142578125 79.07044219970703125 78.5637054443359375 78.0926055908203125 77.7606964111328125 77.75354766845703125 77.74639892578125 76.96935272216796875 76.1067657470703125 75.44744110107421875 74.99137115478515625 74.75963592529296875 76.54691314697265625 78.3341827392578125 79.35102081298828125 80.03768157958984375 80.39005279541015625 79.96240997314453125 79.53476715087890625 79.49200439453125 79.52227783203125 79.5334930419921875 -9999 -9999 -9999 -9999 -9999 -9999 -9999 -9999 -9999 -9999 -9999
74.65206146240234375 74.36409759521484375 73.913238525390625 73.91234588623046875 74.37111663818359375 74.93115234375 75.58158111572265625 77.13224029541015625 77.75759124755859375 78.255462646484375 78.66629791259765625 79.08331298828125 79.44066619873046875 79.73834228515625 79.9678192138671875 79.58344268798828125 79.19907379150390625 78.77848052978515625 78.34235382080078125 77.96044921875 77.70503997802734375 77.4496307373046875 77.02809906005859375 76.58811187744140625 76.304931640625 76.1785736083984375 76.266815185546875 78.2865142822265625 80.30620574951171875 81.12799835205078125 81.43640899658203125 81.39073944091796875 80.5189056396484375 79.6470794677734375 79.5598907470703125 79.56325531005859375 79.56105804443359375 -9999 -9999 -9999 -9999 -9999 -9999 -9999 -9999 -9999 -9999 -9999
75.05438232421875 74.3029022216796875 73.5244598388671875 73.91234588623046875 74.30023956298828125 74.9007720947265625 75.592437744140625 76.25152587890625 76.76183319091796875 77.18277740478515625 77.73255157470703125 78.3011016845703125 78.8053436279296875 79.2452545166015625 79.62567901611328125 79.47063446044921875 79.315582275390625 78.9933013916015625 78.5993499755859375 78.16136932373046875 77.62064361572265625 77.07991790771484375 77.08426666259765625 77.14917755126953125 77.307861328125 77.56032562255859375 78.01087188720703125 80.24416351318359375 82.47745513916015625 83.06311798095703125 82.94266510009765625 82.45578765869140625 81.11392974853515625 79.772064208984375 79.63787841796875 79.597625732421875 79.5719146728515625 -9999 -9999 -9999 -9999 -9999 -9999 -9999 -9999 -9999 -9999 -9999
75.8365020751953125 74.84246063232421875 73.98026275634765625 74.30460357666015625 74.628936767578125 75.0983734130859375 75.62999725341796875 76.0529022216796875 76.2221527099609375 76.39139556884765625 76.986175537109375 77.62824249267578125 78.21587371826171875 78.74907684326171875 79.23230743408203125 79.2657318115234375 79.2991485595703125 79.1019744873046875 78.80596923828125 78.4225006103515625 77.83495330810546875 77.24739837646484375 77.47339630126953125 77.789794921875 78.29703521728515625 78.9951171875 79.83766937255859375 81.98040771484375 84.12314605712890625 84.37174224853515625 83.808563232421875 82.9369354248046875 81.34558868408203125 79.75424957275390625 79.59511566162109375 79.55486297607421875 79.52620697021484375 -9999 -9999 -9999 -9999 -9999 -9999 -9999 -9999 -9999 -9999 -9999
77.05080413818359375 75.90413665771484375 74.89186859130859375 75.08910369873046875 75.286346435546875 75.49358367919921875 75.705108642578125 75.85320281982421875 75.85329437255859375 75.85338592529296875 76.42717742919921875 77.06472015380859375 77.67226409912109375 78.24980926513671875 78.7877044677734375 78.9687347412109375 79.14977264404296875 79.10448455810546875 78.96221160888671875 78.7438507080078125 78.34796905517578125 77.95208740234375 78.1955108642578125 78.5099639892578125 79.2724456787109375 80.48294830322265625 81.7472076416015625 83.49524688720703125 85.24329376220703125 85.053863525390625 84.0341033935546875 82.8341827392578125 81.213897705078125 79.59362030029296875 79.4315948486328125 79.42612457275390625 79.39446258544921875 -9999 -9999 -9999 -9999 -9999 -9999 -9999 -9999 -9999 -9999 -9999
78.2951812744140625 77.0482177734375 75.93135833740234375 75.98538970947265625 76.0394287109375 75.9687347412109375 75.84458160400390625 75.70915985107421875 75.54746246337890625 75.38576507568359375 75.94460296630859375 76.58350372314453125 77.209259033203125 77.82186126708984375 78.4046783447265625 78.71939849853515625 79.03411102294921875 79.12892913818359375 79.12949371337890625 79.063232421875 78.84104156494140625 78.61884307861328125 78.86655426025390625 79.1664886474609375 80.13004302978515625 81.75722503662109375 83.35659027099609375 84.705535888671875 86.054473876953125 85.4766845703125 84.073150634765625 82.61080169677734375 81.01120758056640625 79.41161346435546875 79.25165557861328125 79.20240020751953125 79.1841583251953125 -9999 -9999 -9999 -9999 -9999 -9999 -9999 -9999 -9999 -9999 -9999
79.81018829345703125 78.9338836669921875 78.12180328369140625 77.887725830078125 77.653656005859375 77.16335296630859375 76.56324005126953125 76.066009521484375 75.80884552001953125 75.5516815185546875 76.14986419677734375 76.84307861328125 77.4717559814453125 78.035888671875 78.57590484619140625 78.89892578125 79.22194671630859375 79.35071563720703125 79.39623260498046875 79.3649749755859375 79.15459442138671875 78.9442138671875 79.07805633544921875 79.2501373291015625 79.92730712890625 81.10955047607421875 82.26459503173828125 83.1748046875 84.08501434326171875 83.56574249267578125 82.4338531494140625 81.30182647705078125 80.16950225830078125 79.0371856689453125 78.9239501953125 78.9239501953125 78.93302154541015625 -9999 -9999 -9999 -9999 -9999 -9999 -9999 -9999 -9999 -9999 -9999
81.32520294189453125 80.819549560546875 80.31224822998046875 79.79006195068359375 79.26787567138671875 78.35797119140625 77.28189849853515625 76.42285919189453125 76.07022857666015625 75.71759796142578125 76.3551177978515625 77.1026611328125 77.7342529296875 78.249908447265625 78.74713134765625 79.07845306396484375 79.4097747802734375 79.57250213623046875 79.6629638671875 79.666717529296875 79.4681549072265625 79.26959228515625 79.28955078125 79.33379364013671875 79.7245635986328125 80.46187591552734375 81.17259979248046875 81.644073486328125 82.11554718017578125 81.65480804443359375 80.79454803466796875 79.99285125732421875 79.3278045654296875 78.66275787353515625 78.59625244140625 78.6727142333984375 78.7145843505859375 -9999 -9999 -9999 -9999 -9999 -9999 -9999 -9999 -9999 -9999 -9999
80.8678741455078125 80.822418212890625 80.730621337890625 80.22165679931640625 79.7126922607421875 78.74282073974609375 77.57543182373046875 76.645416259765625 76.26929473876953125 75.89316558837890625 76.70064544677734375 77.63964080810546875 78.24497222900390625 78.51665496826171875 78.78379058837890625 79.01003265380859375 79.2362823486328125 79.4301605224609375 79.61016845703125 79.69557952880859375 79.56026458740234375 79.424957275390625 79.30694580078125 79.19085693359375 79.3299713134765625 79.7242889404296875 80.1254119873046875 80.65909576416015625 81.366943359375 81.0815277099609375 80.30275726318359375 79.60015869140625 79.07529449462890625 78.5504302978515625 78.4979400634765625 78.54709625244140625 78.5725860595703125 -9999 -9999 -9999 -9999 -9999 -9999 -9999 -9999 -9999 -9999 -9999
79.56524658203125 80.01837158203125 80.3895263671875 80.02292633056640625 79.6563262939453125 78.7806396484375 77.686767578125 76.8104248046875 76.441650390625 76.07286834716796875 77.10628509521484375 78.295501708984375 78.86206817626953125 78.8059844970703125 78.7627716064453125 78.83535003662109375 78.90793609619140625 79.13176727294921875 79.4204254150390625 79.60747528076171875 79.55747222900390625 79.5074615478515625 79.24115753173828125 78.9508209228515625 78.85315704345703125 78.9481658935546875 79.0661468505859375 79.54694366455078125 80.21442413330078125 80.91707611083984375 80.32814788818359375 79.65940093994140625 79.07529449462890625 78.7078857421875 78.5241851806640625 78.4979400634765625 78.52252197265625 -9999 -9999 -9999 -9999 -9999 -9999 -9999 -9999 -9999 -9999 -9999
77.90679168701171875 78.73305511474609375 79.458526611328125 79.27687835693359375 79.09523773193359375 78.39394378662109375 77.469940185546875 76.7550201416015625 76.52797698974609375 76.300933837890625 77.462127685546875 78.7775726318359375 79.29845428466796875 79.02477264404296875 78.77269744873046875 78.71504974365234375 78.65740203857421875 78.8670654296875 79.19129180908203125 79.43035888671875 79.470733642578125 79.51111602783203125 79.18906402587890625 78.82674407958984375 78.59809112548828125 78.50310516357421875 78.4176177978515625 78.4176177978515625 78.92270660400390625 79.83718109130859375 80.301544189453125 79.68761444091796875 79.14752960205078125 78.7691192626953125 78.57666778564453125 78.5110626220703125 78.4979400634765625 -9999 -9999 -9999 -9999 -9999 -9999 -9999 -9999 -9999 -9999 -9999
75.41808319091796875 76.32476806640625 77.1510467529296875 77.253753662109375 77.35645294189453125 77.0167236328125 76.48738861083984375 76.18532562255859375 76.41357421875 76.6418304443359375 77.70175933837890625 78.85410308837890625 79.31316375732421875 79.078948974609375 78.85483551025390625 78.72164154052734375 78.58844757080078125 78.6809844970703125 78.8702545166015625 79.04552459716796875 79.18814849853515625 79.33077239990234375 79.1689300537109375 78.97325897216796875 78.86045074462890625 78.83050537109375 78.803558349609375 78.803558349609375 78.803558349609375 78.95839691162109375 -9999 -9999 -9999 -9999 -9999 -9999 -9999 -9999 -9999 -9999 -9999 -9999 -9999 -9999 -9999 -9999 -9999 -9999
72.92937469482421875 73.91648101806640625 74.84357452392578125 75.230621337890625 75.61766815185546875 75.6395111083984375 75.5048370361328125 75.615631103515625 76.2991790771484375 76.98272705078125 77.9413909912109375 78.930633544921875 79.32787322998046875 79.13312530517578125 78.9369659423828125 78.72823333740234375 78.519500732421875 78.49489593505859375 78.54921722412109375 78.66069793701171875 78.9055633544921875 79.15042877197265625 79.14879608154296875 79.1197662353515625 79.122802734375 79.15790557861328125 79.18949127197265625 79.18949127197265625 79.14892578125 79.13390350341796875 -9999 -9999 -9999 -9999 -9999 -9999 -9999 -9999 -9999 -9999 -9999 -9999 -9999 -9999 -9999 -9999 -9999 -9999
72.45055389404296875 73.12799835205078125 73.83397674560546875 74.79674530029296875 75.75951385498046875 76.369384765625 76.8280029296875 77.29177093505859375 77.7675628662109375 78.24335479736328125 78.61856842041015625 78.98261260986328125 78.98847198486328125 78.6361541748046875 78.31377410888671875 78.2607574462890625 78.2077484130859375 78.236541748046875 78.30039215087890625 78.42183685302734375 78.67767333984375 78.93350982666015625 79.08333587646484375 79.22138214111328125 79.324432373046875 79.392486572265625 79.45372772216796875 79.45372772216796875 79.44921875 79.4100799560546875 -9999 -9999 -9999 -9999 -9999 -9999 -9999 -9999 -9999 -9999 -9999 -9999 -9999 -9999 -9999 -9999 -9999 -9999
72.1950531005859375 72.519500732421875 72.96858978271484375 74.539459228515625 76.110321044921875 77.3333740234375 78.40735626220703125 79.21746063232421875 79.4118194580078125 79.60617828369140625 79.3443603515625 79.0318603515625 78.6097259521484375 78.0779571533203125 77.61220550537109375 77.7406158447265625 77.86902618408203125 77.97015380859375 78.0595855712890625 78.19919586181640625 78.4558563232421875 78.7125244140625 79.01284027099609375 79.3180084228515625 79.51930999755859375 79.61675262451171875 79.70444488525390625 79.70444488525390625 79.63208770751953125 79.58234405517578125 -9999 -9999 -9999 -9999 -9999 -9999 -9999 -9999 -9999 -9999 -9999 -9999 -9999 -9999 -9999 -9999 -9999 -9999
73.18479156494140625 73.1973419189453125 73.3996124267578125 75.3092803955078125 77.21895599365234375 78.77410125732421875 80.17730712890625 81.11736297607421875 80.9767303466796875 80.83609771728515625 80.1294097900390625 79.35982513427734375 78.67803955078125 78.08406829833984375 77.57247161865234375 77.8022308349609375 78.03199005126953125 78.09816741943359375 78.09423828125 78.14056396484375 78.3041534423828125 78.46775054931640625 78.811614990234375 79.17551422119140625 79.43675994873046875 79.5953521728515625 79.73809051513671875 79.73809051513671875 79.66573333740234375 79.6193084716796875 -9999 -9999 -9999 -9999 -9999 -9999 -9999 -9999 -9999 -9999 -9999 -9999 -9999 -9999 -9999 -9999 -9999 -9999
75.419769287109375 75.161529541015625 75.12703704833984375 77.10622406005859375 79.08541107177734375 80.69156646728515625 82.13784027099609375 82.991485595703125 82.46230316162109375 81.9331207275390625 80.97371673583984375 79.9665069580078125 79.1934356689453125 78.65450286865234375 78.1945648193359375 78.4456024169921875 78.69664764404296875 78.62058258056640625 78.40433502197265625 78.245941162109375 78.222564697265625 78.19918060302734375 78.4796600341796875 78.7938995361328125 79.07677459716796875 79.3282928466796875 79.554656982421875 79.554656982421875 79.56011199951171875 79.5541534423828125 -9999 -9999 -9999 -9999 -9999 -9999 -9999 -9999 -9999 -9999 -9999 -9999 -9999 -9999 -9999 -9999 -9999 -9999
77.5465240478515625 77.0593414306640625 76.8197784423828125 78.80879974365234375 80.79781341552734375 82.392913818359375 83.81919097900390625 84.55345916748046875 83.6730804443359375 82.792694091796875 81.63887786865234375 80.454681396484375 79.63204193115234375 79.17096710205078125 78.782196044921875 79.04425048828125 79.30629730224609375 79.105010986328125 78.70514678955078125 78.3713226318359375 78.19158172607421875 78.0118408203125 78.22249603271484375 78.476531982421875 78.7668914794921875 79.09356689453125 79.38758087158203125 79.38758087158203125 79.43662261962890625 79.4547882080078125 -9999 -9999 -9999 -9999 -9999 -9999 -9999 -9999 -9999 -9999 -9999 -9999 -9999 -9999 -9999 -9999 -9999 -9999
78.69931793212890625 78.35977935791015625 78.2003631591796875 79.6620330810546875 81.1237030029296875 82.14920806884765625 82.98779296875 83.30615234375 82.41065216064453125 81.51515960693359375 80.69171905517578125 79.87628173828125 79.37961578369140625 79.20172882080078125 79.05968475341796875 79.24031829833984375 79.42095184326171875 79.24755859375 78.92243194580078125 78.676666259765625 78.6160736083984375 78.55547332763671875 78.63849639892578125 78.73746490478515625 78.907928466796875 79.149871826171875 79.3676300048828125 79.3676300048828125 79.3676300048828125 79.3727569580078125 -9999 -9999 -9999 -9999 -9999 -9999 -9999 -9999 -9999 -9999 -9999 -9999 -9999 -9999 -9999 -9999 -9999 -9999
79.85211181640625 79.66021728515625 79.58094024658203125 80.51526641845703125 81.4495849609375 81.90550994873046875 82.156402587890625 82.058837890625 81.14823150634765625 80.2376251220703125 79.74456024169921875 79.297882080078125 79.127197265625 79.23248291015625 79.33716583251953125 79.4363861083984375 79.53560638427734375 79.39009857177734375 79.13971710205078125 78.98201751708984375 79.04056549072265625 79.09911346435546875 79.0544891357421875 78.9983978271484375 79.0489654541015625 79.2061767578125 79.34767913818359375 79.34767913818359375 79.31402587890625 79.298004150390625 -9999 -9999 -9999 -9999 -9999 -9999 -9999 -9999 -9999 -9999 -9999 -9999 -9999 -9999 -9999 -9999 -9999 -9999
80.18224334716796875 80.0048675537109375 79.89589691162109375 80.40250396728515625 80.9091033935546875 81.0563507080078125 81.049591064453125 80.824859619140625 80.091522216796875 79.358184814453125 79.139801025390625 78.9786376953125 78.98748779296875 79.1663665771484375 79.33154296875 79.37335205078125 79.4151611328125 79.304595947265625 79.12872314453125 79.04640960693359375 79.18236541748046875 79.318328857421875 79.25311279296875 79.16555023193359375 79.14363861083984375 79.1873931884765625 79.22676849365234375 79.22676849365234375 79.21234893798828125 79.2017974853515625 -9999 -9999 -9999 -9999 -9999 -9999 -9999 -9999 -9999 -9999 -9999 -9999 -9999 -9999 -9999 -9999 -9999 -9999
