data/rh3jan.asc
ncols        384
nrows        480
xllcorner    138.000000000000
yllcorner    -29.000000000000
cellsize     0.041666666667
NODATA_value -9999
[rows 399 to 419 of 480, columns 98 to 146 of 384]
24.537059783935546875 24.527208328247070313 24.51735687255859375 24.511224746704101563 24.506685256958007813 24.521574020385742188 24.581792831420898438 24.6420135498046875 24.708507537841796875 24.775697708129882813 24.842023849487304688 24.9074859619140625 24.974643707275390625 25.05707550048828125 25.139505386352539063 25.184148788452148438 25.212598800659179688 25.231256484985351563 25.227067947387695313 25.222879409790039063 25.234239578247070313 25.247327804565429688 25.312360763549804688 25.4293365478515625 25.54123687744140625 25.607454299926757813 25.673671722412109375 25.83359527587890625 26.033678054809570313 26.198732376098632813 26.282052993774414063 26.365373611450195313 26.428628921508789063 26.489654541015625 26.571069717407226563 26.672876358032226563 26.784875869750976563 26.98862457275390625 27.192373275756835938 27.333660125732421875 27.448179244995117188 27.572385787963867188 27.71920013427734375 27.866014480590820313 28.04100799560546875 28.219133377075195313 28.365709304809570313 28.480739593505859375 28.5952301025390625
24.573957443237304688 24.544872283935546875 24.515787124633789063 24.515642166137695313 24.527898788452148438 24.550294876098632813 24.596345901489257813 24.642398834228515625 24.6910400390625 24.73996734619140625 24.793581008911132813 24.8518829345703125 24.91193389892578125 24.987745285034179688 25.063554763793945313 25.10076141357421875 25.12142181396484375 25.138368606567382813 25.14664459228515625 25.1549224853515625 25.1959381103515625 25.240591049194335938 25.307867050170898438 25.397764205932617188 25.484018325805664063 25.537487030029296875 25.5909576416015625 25.733991622924804688 25.915407180786132813 26.0697784423828125 26.161043167114257813 26.252305984497070313 26.340948104858398438 26.429300308227539063 26.501562118530273438 26.557735443115234375 26.6215362548828125 26.753993988037109375 26.886453628540039063 27.011264801025390625 27.1327972412109375 27.273815155029296875 27.460292816162109375 27.646770477294921875 27.846210479736328125 28.047090530395507813 28.2203369140625 28.3659515380859375 28.50792694091796875
24.513296127319335938 24.479167938232421875 24.445041656494140625 24.445430755615234375 24.460615158081054688 24.488109588623046875 24.54433441162109375 24.600557327270507813 24.640905380249023438 24.6794891357421875 24.720766067504882813 24.764739990234375 24.81018829345703125 24.86890411376953125 24.927618026733398438 24.97106170654296875 25.007959365844726563 25.037506103515625 25.04990386962890625 25.062303543090820313 25.105022430419921875 25.151111602783203125 25.21059417724609375 25.28347015380859375 25.35391998291015625 25.402545928955078125 25.451171875 25.597690582275390625 25.786165237426757813 25.948175430297851563 26.048435211181640625 26.148693084716796875 26.265497207641601563 26.3841400146484375 26.479551315307617188 26.551733016967773438 26.627201080322265625 26.73226165771484375 26.837324142456054688 26.942291259765625 27.04721832275390625 27.168870925903320313 27.329540252685546875 27.49021148681640625 27.689054489135742188 27.892139434814453125 28.083322525024414063 28.262601852416992188 28.43444061279296875
24.410821914672851563 24.377735137939453125 24.344646453857421875 24.343236923217773438 24.355401992797851563 24.386964797973632813 24.463792800903320313 24.540620803833007813 24.576770782470703125 24.608402252197265625 24.637506484985351563 24.664083480834960938 24.691715240478515625 24.72884368896484375 24.765974044799804688 24.821512222290039063 24.88494110107421875 24.933225631713867188 24.946168899536132813 24.95911407470703125 24.991559982299804688 25.026170730590820313 25.073558807373046875 25.133724212646484375 25.19258880615234375 25.239757537841796875 25.28692626953125 25.445665359497070313 25.6522216796875 25.829723358154296875 25.939428329467773438 26.04913330078125 26.195285797119140625 26.345489501953125 26.477895736694335938 26.592504501342773438 26.70529937744140625 26.8017730712890625 26.89824676513671875 26.981927871704101563 27.06012725830078125 27.146909713745117188 27.253713607788085938 27.360517501831054688 27.548032760620117188 27.74451446533203125 27.949888229370117188 28.164154052734375 28.36687469482421875
24.298198699951171875 24.2684173583984375 24.238636016845703125 24.241487503051757813 24.258325576782226563 24.297876358032226563 24.390428543090820313 24.48297882080078125 24.521755218505859375 24.554555892944335938 24.5806427001953125 24.600015640258789063 24.619554519653320313 24.640596389770507813 24.661638259887695313 24.723436355590820313 24.802701950073242188 24.860635757446289063 24.868795394897460938 24.876955032348632813 24.897457122802734375 24.919330596923828125 24.9535064697265625 24.999980926513671875 25.0460968017578125 25.088979721069335938 25.131860733032226563 25.298234939575195313 25.5175323486328125 25.706462860107421875 25.824537277221679688 25.9426116943359375 26.10556793212890625 26.2735137939453125 26.428312301635742188 26.569965362548828125 26.706476211547851563 26.796710968017578125 26.8869476318359375 26.9600067138671875 27.025705337524414063 27.093328475952148438 27.165445327758789063 27.237562179565429688 27.40595245361328125 27.5850372314453125 27.791860580444335938 28.026424407958984375 28.247270584106445313
24.161893844604492188 24.140705108642578125 24.119516372680664063 24.140779495239257813 24.18023681640625 24.2369232177734375 24.33380889892578125 24.430694580078125 24.488012313842773438 24.540933609008789063 24.585371017456054688 24.621324539184570313 24.655462265014648438 24.673242568969726563 24.691022872924804688 24.745458602905273438 24.815603256225585938 24.861986160278320313 24.852926254272460938 24.843866348266601563 24.84853363037109375 24.85472869873046875 24.873075485229492188 24.903575897216796875 24.934225082397460938 24.966222763061523438 24.998218536376953125 25.161523818969726563 25.381101608276367188 25.571987152099609375 25.695917129516601563 25.81984710693359375 25.9703369140625 26.123777389526367188 26.26689910888671875 26.399702072143554688 26.528171539306640625 26.617650985717773438 26.70713043212890625 26.7944488525390625 26.880838394165039063 26.965967178344726563 27.04814910888671875 27.13033294677734375 27.261404037475585938 27.397909164428710938 27.576452255249023438 27.797037124633789063 28.0062408447265625
24.0255889892578125 24.01299285888671875 24.000394821166992188 24.040071487426757813 24.10214996337890625 24.175970077514648438 24.277191162109375 24.378412246704101563 24.4542694091796875 24.527311325073242188 24.590099334716796875 24.642635345458984375 24.691370010375976563 24.705888748168945313 24.720407485961914063 24.767480850219726563 24.828504562377929688 24.863338470458984375 24.837057113647460938 24.810777664184570313 24.799612045288085938 24.790124893188476563 24.792644500732421875 24.807170867919921875 24.822355270385742188 24.843465805053710938 24.864576339721679688 25.024810791015625 25.244672775268554688 25.437511444091796875 25.567296981811523438 25.69708251953125 25.835103988647460938 25.974040985107421875 26.105485916137695313 26.22943878173828125 26.3498687744140625 26.43859100341796875 26.527315139770507813 26.628889083862304688 26.735973358154296875 26.838605880737304688 26.930852890014648438 27.023101806640625 27.116855621337890625 27.210779190063476563 27.361043930053710938 27.567651748657226563 27.7652130126953125
23.876626968383789063 23.881343841552734375 23.886060714721679688 23.939439773559570313 24.013673782348632813 24.108367919921875 24.25080108642578125 24.3932342529296875 24.514417648315429688 24.633237838745117188 24.713092803955078125 24.753980636596679688 24.791849136352539063 24.802524566650390625 24.813199996948242188 24.851871490478515625 24.902540206909179688 24.927572250366210938 24.892787933349609375 24.858001708984375 24.819154739379882813 24.779855728149414063 24.75629425048828125 24.748470306396484375 24.743463516235351563 24.763805389404296875 24.784147262573242188 24.9472198486328125 25.1714630126953125 25.366777420043945313 25.494592666625976563 25.622407913208007813 25.76397705078125 25.907073974609375 26.01502227783203125 26.087820053100585938 26.1640777587890625 26.271482467651367188 26.378887176513671875 26.489274978637695313 26.600940704345703125 26.70780181884765625 26.803449630737304688 26.899099349975585938 27.002933502197265625 27.107679367065429688 27.25530242919921875 27.445804595947265625 27.626161575317382813
23.726259231567382813 23.749258041381835938 23.772256851196289063 23.838815689086914063 23.924041748046875 24.040025711059570313 24.227769851684570313 24.415513992309570313 24.584995269775390625 24.752447128295898438 24.849225997924804688 24.875331878662109375 24.899503707885742188 24.906270980834960938 24.913036346435546875 24.9431915283203125 24.983367919921875 24.9987945556640625 24.956472396850585938 24.914150238037109375 24.846303939819335938 24.775623321533203125 24.724840164184570313 24.693958282470703125 24.668233871459960938 24.688934326171875 24.70963287353515625 24.87619781494140625 25.10527801513671875 25.303125381469726563 25.4281005859375 25.553073883056640625 25.699970245361328125 25.84930419921875 25.932439804077148438 25.949382781982421875 25.97745513916015625 26.105701446533203125 26.23394775390625 26.352542877197265625 26.467000961303710938 26.5766143798828125 26.674922943115234375 26.773233413696289063 26.892414093017578125 27.013914108276367188 27.1617431640625 27.335903167724609375 27.498439788818359375
23.669109344482421875 23.702047348022460938 23.734983444213867188 23.815807342529296875 23.91715240478515625 24.054361343383789063 24.275251388549804688 24.4961395263671875 24.68744659423828125 24.875467300415039063 24.979022979736328125 24.998113632202148438 25.014408111572265625 25.00553131103515625 24.996652603149414063 25.013444900512695313 25.041238784790039063 25.048336029052734375 25.00714111328125 24.965946197509765625 24.893688201904296875 24.817979812622070313 24.748861312866210938 24.686328887939453125 24.631500244140625 24.64598846435546875 24.6604766845703125 24.814287185668945313 25.027805328369140625 25.210292816162109375 25.32037353515625 25.430454254150390625 25.551807403564453125 25.674411773681640625 25.742645263671875 25.756509780883789063 25.783891677856445313 25.932949066162109375 26.082004547119140625 26.190591812133789063 26.281833648681640625 26.384206771850585938 26.51255035400390625 26.640893936157226563 26.779882431030273438 26.920055389404296875 27.066064834594726563 27.217908859252929688 27.357767105102539063
23.705179214477539063 23.739709854125976563 23.774240493774414063 23.870412826538085938 23.99300384521484375 24.151378631591796875 24.393243789672851563 24.63510894775390625 24.821767807006835938 25.002294540405273438 25.102479934692382813 25.122325897216796875 25.136562347412109375 25.100305557250976563 25.06404876708984375 25.062633514404296875 25.076152801513671875 25.07619476318359375 25.044794082641601563 25.013391494750976563 24.961309432983398438 24.90692901611328125 24.8283538818359375 24.725582122802734375 24.633258819580078125 24.634969711303710938 24.636682510375976563 24.761486053466796875 24.939044952392578125 25.088275909423828125 25.17140960693359375 25.254545211791992188 25.319482803344726563 25.382398605346679688 25.445636749267578125 25.509199142456054688 25.583387374877929688 25.753223419189453125 25.92305755615234375 26.003421783447265625 26.045438766479492188 26.13057708740234375 26.316328048706054688 26.502079010009765625 26.665340423583984375 26.826101303100585938 26.96826171875 27.091821670532226563 27.204137802124023438
23.73041534423828125 23.767667770385742188 23.804918289184570313 23.9162445068359375 24.059316635131835938 24.235403060913085938 24.488527297973632813 24.7416534423828125 24.918180465698242188 25.0861968994140625 25.181058883666992188 25.20276641845703125 25.216861724853515625 25.1624298095703125 25.107999801635742188 25.095014572143554688 25.09979248046875 25.096387863159179688 25.073888778686523438 25.051389694213867188 25.01772308349609375 24.982816696166992188 24.89601898193359375 24.757329940795898438 24.631494522094726563 24.621337890625 24.611179351806640625 24.708429336547851563 24.851711273193359375 24.968950271606445313 25.02542877197265625 25.081905364990234375 25.0960235595703125 25.105434417724609375 25.163904190063476563 25.271434783935546875 25.38729095458984375 25.578067779541015625 25.7688446044921875 25.823957443237304688 25.820928573608398438 25.890316009521484375 26.128679275512695313 26.367040634155273438 26.551191329956054688 26.729318618774414063 26.866281509399414063 26.962078094482421875 27.047620773315429688
23.65814971923828125 23.7082672119140625 23.758386611938476563 23.883092880249023438 24.039766311645507813 24.202516555786132813 24.379444122314453125 24.55637359619140625 24.673391342163085938 24.783754348754882813 24.855707168579101563 24.889251708984375 24.920465469360351563 24.930713653564453125 24.940959930419921875 24.976123809814453125 25.021966934204101563 25.047574996948242188 25.025968551635742188 25.004360198974609375 24.973285675048828125 24.941158294677734375 24.857242584228515625 24.721538543701171875 24.598018646240234375 24.584171295166015625 24.570322036743164063 24.653072357177734375 24.777219772338867188 24.873849868774414063 24.906270980834960938 24.938692092895507813 24.952335357666015625 24.963893890380859375 25.019647598266601563 25.119598388671875 25.230871200561523438 25.444047927856445313 25.657222747802734375 25.71384429931640625 25.703369140625 25.770376205444335938 26.018177032470703125 26.265977859497070313 26.44058990478515625 26.607069015502929688 26.7266845703125 26.799432754516601563 26.865091323852539063
23.585886001586914063 23.648868560791015625 23.71185302734375 23.849939346313476563 24.020215988159179688 24.169628143310546875 24.270360946655273438 24.37109375 24.4286041259765625 24.481313705444335938 24.53035736083984375 24.57573699951171875 24.6240692138671875 24.698995590209960938 24.773920059204101563 24.857233047485351563 24.944141387939453125 24.998762130737304688 24.978048324584960938 24.957332611083984375 24.9288482666015625 24.899499893188476563 24.8184661865234375 24.6857452392578125 24.564544677734375 24.54700469970703125 24.5294647216796875 24.597713470458984375 24.702728271484375 24.778749465942382813 24.787113189697265625 24.795476913452148438 24.808649063110351563 24.822353363037109375 24.875391006469726563 24.967760086059570313 25.074451446533203125 25.310026168823242188 25.545602798461914063 25.603729248046875 25.58580780029296875 25.6504364013671875 25.907674789428710938 26.164915084838867188 26.329988479614257813 26.484821319580078125 26.587087631225585938 26.636785507202148438 26.68256378173828125
23.626239776611328125 23.754346847534179688 23.882452011108398438 24.042926788330078125 24.217273712158203125 24.351911544799804688 24.393896102905273438 24.435880661010742188 24.4351348876953125 24.4296417236328125 24.453927993774414063 24.50799560546875 24.567155838012695313 24.672151565551757813 24.777147293090820313 24.881319046020507813 24.985134124755859375 25.05098724365234375 25.02825164794921875 25.005517959594726563 24.982458114624023438 24.959362030029296875 24.892309188842773438 24.781297683715820313 24.677862167358398438 24.642627716064453125 24.607393264770507813 24.616724014282226563 24.645153045654296875 24.664598464965820313 24.663076400756835938 24.661554336547851563 24.693101882934570313 24.72832489013671875 24.789424896240234375 24.876407623291015625 24.97872161865234375 25.219043731689453125 25.459363937377929688 25.539819717407226563 25.551761627197265625 25.619482040405273438 25.817356109619140625 26.015230178833007813 26.172153472900390625 26.324525833129882813 26.419744491577148438 26.457811355590820313 26.491666793823242188
23.714860916137695313 23.930484771728515625 24.14611053466796875 24.332830429077148438 24.507162094116210938 24.626409530639648438 24.617124557495117188 24.607839584350585938 24.549373626708984375 24.485443115234375 24.484180450439453125 24.545587539672851563 24.61287689208984375 24.733112335205078125 24.853345870971679688 24.966676712036132813 25.077051162719726563 25.146511077880859375 25.120510101318359375 25.094509124755859375 25.078088760375976563 25.062734603881835938 25.014415740966796875 24.933137893676757813 24.854093551635742188 24.795162200927734375 24.736230850219726563 24.667608261108398438 24.594829559326171875 24.542284011840820313 24.536947250366210938 24.531612396240234375 24.5896148681640625 24.654657363891601563 24.728443145751953125 24.81097412109375 24.909002304077148438 25.146505355834960938 25.384006500244140625 25.495710372924804688 25.55350494384765625 25.626665115356445313 25.735687255859375 25.844707489013671875 25.994073867797851563 26.147924423217773438 26.240512847900390625 26.271839141845703125 26.29718017578125
23.771345138549804688 24.053356170654296875 24.335367202758789063 24.531908035278320313 24.691820144653320313 24.79099273681640625 24.748447418212890625 24.705900192260742188 24.611063003540039063 24.510417938232421875 24.492816925048828125 24.558263778686523438 24.63088226318359375 24.768054962158203125 24.9052276611328125 25.023805618286132813 25.134412765502929688 25.204355239868164063 25.179414749145507813 25.154474258422851563 25.13872528076171875 25.12400054931640625 25.087677001953125 25.029760360717773438 24.970121383666992188 24.895002365112304688 24.819883346557617188 24.697374343872070313 24.55455780029296875 24.452787399291992188 24.446796417236328125 24.440805435180664063 24.519849777221679688 24.60834503173828125 24.694787979125976563 24.77918243408203125 24.877347946166992188 25.099443435668945313 25.32154083251953125 25.461820602416992188 25.567037582397460938 25.655561447143554688 25.705133438110351563 25.754705429077148438 25.893423080444335938 26.04204559326171875 26.129840850830078125 26.156808853149414063 26.176361083984375
23.75284576416015625 24.051935195922851563 24.351022720336914063 24.519060134887695313 24.630933761596679688 24.699108123779296875 24.665317535400390625 24.631528854370117188 24.550142288208007813 24.463468551635742188 24.451021194458007813 24.512804031372070313 24.584215164184570313 24.7422943115234375 24.900373458862304688 25.0150604248046875 25.11115264892578125 25.174280166625976563 25.160495758056640625 25.146709442138671875 25.117710113525390625 25.087018966674804688 25.046962738037109375 24.997539520263671875 24.945680618286132813 24.871891021728515625 24.798101425170898438 24.677873611450195313 24.53774261474609375 24.439868927001953125 24.440591812133789063 24.441314697265625 24.528768539428710938 24.625860214233398438 24.7248992919921875 24.825885772705078125 24.934505462646484375 25.111833572387695313 25.289159774780273438 25.451772689819335938 25.608081817626953125 25.735116958618164063 25.793851852416992188 25.852586746215820313 25.9734344482421875 26.101184844970703125 26.179143905639648438 26.207311630249023438 26.227428436279296875
23.734348297119140625 24.050512313842773438 24.366678237915039063 24.506212234497070313 24.570047378540039063 24.607221603393554688 24.582189559936523438 24.557157516479492188 24.489221572875976563 24.4165191650390625 24.4092254638671875 24.467342376708984375 24.537546157836914063 24.716533660888671875 24.895519256591796875 25.006317138671875 25.087892532348632813 25.144207000732421875 25.141576766967773438 25.138944625854492188 25.096693038940429688 25.050039291381835938 25.00624847412109375 24.965320587158203125 24.921237945556640625 24.84877777099609375 24.776317596435546875 24.6583709716796875 24.520929336547851563 24.426950454711914063 24.43438720703125 24.441822052001953125 24.537685394287109375 24.643375396728515625 24.755008697509765625 24.872587203979492188 24.991662979125976563 25.1242218017578125 25.256778717041015625 25.4417266845703125 25.6491241455078125 25.814672470092773438 25.882570266723632813 25.950468063354492188 26.053447723388671875 26.1603240966796875 26.228445053100585938 26.257814407348632813 26.27849578857421875
23.697284698486328125 23.962718963623046875 24.228153228759765625 24.333524703979492188 24.370296478271484375 24.395273208618164063 24.392724990844726563 24.390176773071289063 24.35240936279296875 24.31072998046875 24.327732086181640625 24.403413772583007813 24.489105224609375 24.664852142333984375 24.840600967407226563 24.957387924194335938 25.0489044189453125 25.111391067504882813 25.10614013671875 25.100889205932617188 25.045482635498046875 24.98450469970703125 24.928722381591796875 24.878137588500976563 24.82763671875 24.77790069580078125 24.728162765502929688 24.640272140502929688 24.536027908325195313 24.463191986083984375 24.463642120361328125 24.464092254638671875 24.536468505859375 24.616838455200195313 24.703578948974609375 24.79669189453125 24.8927154541015625 25.014921188354492188 25.137126922607421875 25.331277847290039063 25.556261062622070313 25.741886138916015625 25.835680007934570313 25.929471969604492188 26.047288894653320313 26.167774200439453125 26.236408233642578125 26.2531890869140625 26.26625823974609375
23.6581573486328125 23.865327835083007813 24.072498321533203125 24.143077850341796875 24.155117034912109375 24.16998291015625 24.19144439697265625 24.212907791137695313 24.207166671752929688 24.19840240478515625 24.241825103759765625 24.337434768676757813 24.440464019775390625 24.610292434692382813 24.780120849609375 24.90399169921875 25.008169174194335938 25.078271865844726563 25.06887054443359375 25.059467315673828125 24.990917205810546875 24.915796279907226563 24.84710693359375 24.784847259521484375 24.726352691650390625 24.701715469360351563 24.6770782470703125 24.622327804565429688 24.5546722412109375 24.504894256591796875 24.496837615966796875 24.488779067993164063 24.53412628173828125 24.585405349731445313 24.64308929443359375 24.707174301147460938 24.77642059326171875 24.892099380493164063 25.007778167724609375 25.209674835205078125 25.448518753051757813 25.652173995971679688 25.77371978759765625 25.895265579223632813 26.03155517578125 26.169483184814453125 26.239776611328125 26.242437362670898438 26.246988296508789063
