data/rh3jul.asc
ncols        384
nrows        480
xllcorner    138.000000000000
yllcorner    -29.000000000000
cellsize     0.041666666667
NODATA_value -9999
[rows 336 to 356 of 480, columns 192 to 239 of 384]
37.238719940185546875 37.581417083740234375 37.95113372802734375 38.56402587890625 39.176921844482421875 39.567501068115234375 39.8628082275390625 39.945568084716796875 39.53238677978515625 39.11920166015625 38.933528900146484375 38.773136138916015625 38.7513885498046875 38.86829376220703125 38.9814910888671875 39.061359405517578125 39.141231536865234375 39.199680328369140625 39.24895477294921875 39.37216949462890625 39.667911529541015625 39.963653564453125 40.254497528076171875 40.5447998046875 40.718723297119140625 40.77626800537109375 40.85570526123046875 41.132152557373046875 41.408603668212890625 41.74030303955078125 42.09568023681640625 42.426227569580078125 42.69882965087890625 42.971431732177734375 42.698490142822265625 42.364933013916015625 42.043498992919921875 41.734188079833984375 41.47920989990234375 41.71324920654296875 41.947284698486328125 41.993129730224609375 41.95832061767578125 41.98909759521484375 42.17290496826171875 42.35671234130859375 42.527881622314453125 42.6976470947265625
37.290374755859375 37.631793975830078125 38.005706787109375 38.672023773193359375 39.33834075927734375 39.636676788330078125 39.777301788330078125 39.749359130859375 39.328094482421875 38.906829833984375 38.82384490966796875 38.778446197509765625 38.83069610595703125 38.9805908203125 39.13079071044921875 39.283733367919921875 39.436672210693359375 39.51068878173828125 39.550876617431640625 39.61153411865234375 39.719944000244140625 39.828357696533203125 40.081024169921875 40.3497161865234375 40.562938690185546875 40.720684051513671875 40.8891448974609375 41.154033660888671875 41.41892242431640625 41.691650390625 41.967739105224609375 42.213047027587890625 42.38652801513671875 42.5600128173828125 42.32845306396484375 42.05188751220703125 41.79256439208984375 41.55048370361328125 41.35100555419921875 41.534961700439453125 41.718921661376953125 41.702503204345703125 41.60021209716796875 41.619525909423828125 41.922595977783203125 42.2256622314453125 42.42888641357421875 42.6210174560546875
37.335979461669921875 37.6825714111328125 38.066478729248046875 38.786258697509765625 39.50603485107421875 39.707454681396484375 39.686717987060546875 39.54923248291015625 39.139331817626953125 38.72943115234375 38.740100860595703125 38.7975006103515625 38.917591094970703125 39.10037994384765625 39.2875823974609375 39.5145263671875 39.7414703369140625 39.816837310791015625 39.827239990234375 39.816997528076171875 39.7585906982421875 39.700183868408203125 39.916301727294921875 40.162921905517578125 40.41104888916015625 40.66068267822265625 40.911197662353515625 41.1696624755859375 41.428127288818359375 41.644336700439453125 41.842433929443359375 42.0038604736328125 42.07971954345703125 42.15557861328125 41.967662811279296875 41.750438690185546875 41.557140350341796875 41.387767791748046875 41.24868011474609375 41.38214874267578125 41.51561737060546875 41.438610076904296875 41.271404266357421875 41.276279449462890625 41.682682037353515625 42.089084625244140625 42.323619842529296875 42.539058685302734375
37.327167510986328125 37.736911773681640625 38.183040618896484375 38.956615447998046875 39.730190277099609375 39.792694091796875 39.55045318603515625 39.31383514404296875 39.09032440185546875 38.86681365966796875 38.889812469482421875 38.940204620361328125 39.072784423828125 39.28755950927734375 39.511791229248046875 39.821125030517578125 40.130462646484375 40.079254150390625 39.873531341552734375 39.717342376708984375 39.676731109619140625 39.63611602783203125 39.830364227294921875 40.0507049560546875 40.294216156005859375 40.560894012451171875 40.830730438232421875 41.129001617431640625 41.427276611328125 41.60903167724609375 41.740848541259765625 41.830623626708984375 41.822296142578125 41.81396484375 41.69007110595703125 41.553333282470703125 41.4612884521484375 41.413936614990234375 41.37924957275390625 41.458553314208984375 41.537853240966796875 41.415332794189453125 41.2063140869140625 41.169925689697265625 41.536350250244140625 41.90277099609375 42.161937713623046875 42.409183502197265625
37.31835174560546875 37.79125213623046875 38.29959869384765625 39.126972198486328125 39.954341888427734375 39.877933502197265625 39.41419219970703125 39.07843780517578125 39.041316986083984375 39.0041961669921875 39.03952789306640625 39.08290863037109375 39.2279815673828125 39.474742889404296875 39.73600006103515625 40.127727508544921875 40.519451141357421875 40.3416748046875 39.919826507568359375 39.617687225341796875 39.594867706298828125 39.572052001953125 39.744426727294921875 39.9384918212890625 40.1773834228515625 40.4611053466796875 40.750263214111328125 41.088344573974609375 41.426425933837890625 41.573726654052734375 41.6392669677734375 41.657390594482421875 41.56487274169921875 41.472354888916015625 41.4124755859375 41.356227874755859375 41.365436553955078125 41.4401092529296875 41.509822845458984375 41.5349578857421875 41.560092926025390625 41.39205169677734375 41.1412200927734375 41.063571929931640625 41.3900146484375 41.716457366943359375 42.00025177001953125 42.279308319091796875
37.199069976806640625 37.65837860107421875 38.1535491943359375 38.971469879150390625 39.789394378662109375 39.7850341796875 39.428264617919921875 39.162273406982421875 39.10809326171875 39.053913116455078125 39.081348419189453125 39.117855072021484375 39.23804473876953125 39.44191741943359375 39.671733856201171875 40.13506317138671875 40.598392486572265625 40.492259979248046875 40.142070770263671875 39.882266998291015625 39.8333587646484375 39.784454345703125 39.91910552978515625 40.074153900146484375 40.306880950927734375 40.617279052734375 40.93776702880859375 41.349056243896484375 41.760345458984375 41.955188751220703125 42.05727386474609375 42.085330963134765625 41.940662384033203125 41.795993804931640625 41.65882110595703125 41.522480010986328125 41.5064697265625 41.610790252685546875 41.715610504150390625 41.824947357177734375 41.934284210205078125 41.78594207763671875 41.52716827392578125 41.45135498046875 41.802448272705078125 42.15354156494140625 42.373016357421875 42.577869415283203125
37.032444000244140625 37.4452667236328125 37.894947052001953125 38.6763153076171875 39.457683563232421875 39.61578369140625 39.50676727294921875 39.38292694091796875 39.224491119384765625 39.0660552978515625 39.076934814453125 39.106624603271484375 39.1859130859375 39.3148040771484375 39.483837127685546875 40.014148712158203125 40.544460296630859375 40.59491729736328125 40.439727783203125 40.302951812744140625 40.209148406982421875 40.1153411865234375 40.205478668212890625 40.3160552978515625 40.5419464111328125 40.883152008056640625 41.240116119384765625 41.738925933837890625 42.237735748291015625 42.515262603759765625 42.69795989990234375 42.7709197998046875 42.587833404541015625 42.404743194580078125 42.12970733642578125 41.844455718994140625 41.749019622802734375 41.843402862548828125 41.953632354736328125 42.20647430419921875 42.459316253662109375 42.358623504638671875 42.106418609619140625 42.050907135009765625 42.454349517822265625 42.857791900634765625 42.97483062744140625 43.0600433349609375
36.9355926513671875 37.2935638427734375 37.687656402587890625 38.406829833984375 39.126003265380859375 39.383655548095703125 39.443515777587890625 39.426044464111328125 39.22814178466796875 39.03023529052734375 39.0337066650390625 39.059551239013671875 39.113384246826171875 39.19519805908203125 39.32489013671875 39.885433197021484375 40.44597625732421875 40.609729766845703125 40.603424072265625 40.56778717041015625 40.463703155517578125 40.359619140625 40.4125823974609375 40.48299407958984375 40.7128753662109375 41.102230072021484375 41.5156097412109375 42.14521026611328125 42.774806976318359375 43.158557891845703125 43.43694305419921875 43.57221221923828125 43.373546600341796875 43.174884796142578125 42.71736907958984375 42.231098175048828125 42.0030975341796875 42.0333709716796875 42.096157073974609375 42.451568603515625 42.806976318359375 42.78742218017578125 42.60717010498046875 42.591495513916015625 42.9598388671875 43.32818603515625 43.39196014404296875 43.4218902587890625
37.00154876708984375 37.28514862060546875 37.60009765625 38.197246551513671875 38.79439544677734375 39.004817962646484375 39.049503326416015625 39.054920196533203125 38.96871185302734375 38.88249969482421875 38.899921417236328125 38.928852081298828125 38.99324798583984375 39.093109130859375 39.233486175537109375 39.738521575927734375 40.243556976318359375 40.41956329345703125 40.454559326171875 40.468982696533203125 40.435390472412109375 40.401798248291015625 40.43471527099609375 40.47502899169921875 40.734165191650390625 41.212127685546875 41.72843170166015625 42.58979034423828125 43.451145172119140625 43.996028900146484375 44.405284881591796875 44.6434783935546875 44.482540130615234375 44.321598052978515625 43.577510833740234375 42.768627166748046875 42.28406524658203125 42.1238250732421875 42.0158538818359375 42.378314971923828125 42.740772247314453125 42.8804931640625 42.924747467041015625 42.9944915771484375 43.123699188232421875 43.25290679931640625 43.3781585693359375 43.502971649169921875
37.0675048828125 37.276729583740234375 37.512538909912109375 37.98766326904296875 38.4627838134765625 38.625980377197265625 38.655490875244140625 38.683795928955078125 38.70928192138671875 38.734767913818359375 38.76613616943359375 38.79815673828125 38.87311553955078125 38.991016387939453125 39.14208221435546875 39.59160614013671875 40.041133880615234375 40.229400634765625 40.305698394775390625 40.370174407958984375 40.407073974609375 40.443973541259765625 40.456851959228515625 40.467060089111328125 40.755451202392578125 41.32202911376953125 41.941257476806640625 43.034366607666015625 44.12747955322265625 44.833499908447265625 45.373626708984375 45.714748382568359375 45.59152984619140625 45.468311309814453125 44.437648773193359375 43.30615997314453125 42.565036773681640625 42.2142791748046875 41.935550689697265625 42.30506134033203125 42.674571990966796875 42.973560333251953125 43.242328643798828125 43.397487640380859375 43.287555694580078125 43.1776275634765625 43.364360809326171875 43.58405303955078125
37.175899505615234375 37.28894805908203125 37.43195343017578125 37.844577789306640625 38.257205963134765625 38.406280517578125 38.44240570068359375 38.499542236328125 38.605701446533203125 38.711864471435546875 38.74007415771484375 38.7596282958984375 38.827030181884765625 38.94228363037109375 39.09661102294921875 39.60260009765625 40.108585357666015625 40.32300567626953125 40.412464141845703125 40.476482391357421875 40.48114013671875 40.485797882080078125 40.575626373291015625 40.674915313720703125 41.024196624755859375 41.62347412109375 42.286540985107421875 43.52376556396484375 44.760990142822265625 45.61638641357421875 46.308139801025390625 46.724567413330078125 46.498561859130859375 46.272556304931640625 45.284099578857421875 44.210926055908203125 43.42409515380859375 42.923603057861328125 42.490970611572265625 42.669063568115234375 42.84716033935546875 42.990322113037109375 43.118511199951171875 43.174541473388671875 43.0622100830078125 42.949878692626953125 43.1460113525390625 43.37641143798828125
37.289005279541015625 37.30345916748046875 37.352142333984375 37.70888519287109375 38.0656280517578125 38.20426177978515625 38.249423980712890625 38.336055755615234375 38.519443511962890625 38.70282745361328125 38.725986480712890625 38.7313385009765625 38.7891693115234375 38.899478912353515625 39.056243896484375 39.631137847900390625 40.206027984619140625 40.448139190673828125 40.547634124755859375 40.605579376220703125 40.56658172607421875 40.527584075927734375 40.705135345458984375 40.906749725341796875 41.320438385009765625 41.946201324462890625 42.64654541015625 44.018146514892578125 45.389743804931640625 46.393207550048828125 47.23889923095703125 47.72756195068359375 47.383152008056640625 47.038745880126953125 46.1290283203125 45.15650177001953125 44.347385406494140625 43.701686859130859375 43.117023468017578125 43.081653594970703125 43.04628753662109375 42.99860382080078125 42.945648193359375 42.882045745849609375 42.793621063232421875 42.70519256591796875 42.90493011474609375 43.136692047119140625
37.385807037353515625 37.363616943359375 37.37591552734375 37.698558807373046875 38.021205902099609375 38.15915679931640625 38.21794891357421875 38.334140777587890625 38.58425140380859375 38.8343658447265625 38.840290069580078125 38.81908416748046875 38.850994110107421875 38.9360198974609375 39.07256317138671875 39.672771453857421875 40.272979736328125 40.5303802490234375 40.640869140625 40.69989776611328125 40.638866424560546875 40.577831268310546875 40.803783416748046875 41.06162261962890625 41.503490447998046875 42.12938690185546875 42.824481964111328125 44.142368316650390625 45.46025848388671875 46.46575164794921875 47.33736419677734375 47.839229583740234375 47.478351593017578125 47.117473602294921875 46.2241973876953125 45.27176666259765625 44.50905609130859375 43.936069488525390625 43.413543701171875 43.345184326171875 43.276824951171875 43.107044219970703125 42.893795013427734375 42.728649139404296875 42.67574310302734375 42.622837066650390625 42.950347900390625 43.320133209228515625
37.46630096435546875 37.46942901611328125 37.503276824951171875 37.81360626220703125 38.12393951416015625 38.27095794677734375 38.34798431396484375 38.493801116943359375 38.800136566162109375 39.106472015380859375 39.082988739013671875 39.022861480712890625 39.012500762939453125 39.05190277099609375 39.14556121826171875 39.72750091552734375 40.30944061279296875 40.569732666015625 40.692169189453125 40.759441375732421875 40.69799041748046875 40.636539459228515625 40.8715667724609375 41.13953399658203125 41.57335662841796875 42.173030853271484375 42.82035064697265625 43.8964385986328125 44.97252655029296875 45.834018707275390625 46.60353851318359375 47.05957794189453125 46.78415679931640625 46.508739471435546875 45.569606781005859375 44.556732177734375 43.90911102294921875 43.626743316650390625 43.380527496337890625 43.45965576171875 43.53878021240234375 43.315639495849609375 42.962955474853515625 42.714344024658203125 42.70858001708984375 42.70281219482421875 43.282260894775390625 43.92673492431640625
37.56221771240234375 37.57849884033203125 37.622524261474609375 37.91626739501953125 38.210010528564453125 38.370830535888671875 38.4746856689453125 38.657360076904296875 39.0239410400390625 39.390522003173828125 39.33972930908203125 39.242557525634765625 39.1892547607421875 39.1798248291015625 39.226802825927734375 39.78144073486328125 40.336078643798828125 40.598522186279296875 40.735744476318359375 40.813198089599609375 40.751190185546875 40.689182281494140625 40.933315277099609375 41.21146392822265625 41.63851165771484375 42.214466094970703125 42.8184661865234375 43.67488861083984375 44.531314849853515625 45.2263641357421875 45.85225677490234375 46.22797393798828125 46.019947052001953125 45.811920166015625 44.8532562255859375 43.811191558837890625 43.287303924560546875 43.2816009521484375 43.298061370849609375 43.5140380859375 43.730014801025390625 43.46746063232421875 42.999828338623046875 42.684139251708984375 42.722988128662109375 42.761837005615234375 43.580921173095703125 44.486698150634765625
37.79692840576171875 37.71691131591796875 37.66876220703125 37.907440185546875 38.1461181640625 38.363361358642578125 38.571414947509765625 38.855976104736328125 39.319042205810546875 39.78211212158203125 39.72283172607421875 39.605510711669921875 39.503265380859375 39.416095733642578125 39.382244110107421875 39.82825469970703125 40.274265289306640625 40.532318115234375 40.709812164306640625 40.81490325927734375 40.7510528564453125 40.68720245361328125 40.9407501220703125 41.22956085205078125 41.661312103271484375 42.2360076904296875 42.836826324462890625 43.672786712646484375 44.508747100830078125 44.83544158935546875 44.943874359130859375 44.92881011962890625 44.625579833984375 44.32234954833984375 43.581073760986328125 42.791126251220703125 42.468791961669921875 42.61407470703125 42.770538330078125 43.027637481689453125 43.28473663330078125 43.1083221435546875 42.74611663818359375 42.51079559326171875 42.571537017822265625 42.6322784423828125 43.5803070068359375 44.626922607421875
38.031642913818359375 37.855327606201171875 37.71500396728515625 37.89861297607421875 38.082225799560546875 38.35588836669921875 38.66814422607421875 39.05458831787109375 39.614147186279296875 40.173702239990234375 40.10593414306640625 39.968463897705078125 39.817272186279296875 39.652362823486328125 39.537685394287109375 39.87506866455078125 40.21245574951171875 40.4661102294921875 40.683879852294921875 40.816608428955078125 40.750919342041015625 40.6852264404296875 40.948184967041015625 41.247661590576171875 41.684112548828125 42.25754547119140625 42.85518646240234375 43.670684814453125 44.48618316650390625 44.444515228271484375 44.035491943359375 43.62964630126953125 43.2312164306640625 42.832782745361328125 42.30889129638671875 41.771060943603515625 41.650279998779296875 41.946552276611328125 42.243015289306640625 42.54123687744140625 42.8394622802734375 42.74918365478515625 42.492404937744140625 42.3374481201171875 42.420085906982421875 42.502719879150390625 43.579692840576171875 44.767147064208984375
38.269809722900390625 38.043674468994140625 37.851104736328125 37.9606170654296875 38.07012939453125 38.314167022705078125 38.615856170654296875 38.998378753662109375 39.56951904296875 40.14066314697265625 40.106815338134765625 40.0057525634765625 39.852840423583984375 39.6480865478515625 39.4901275634765625 39.75330352783203125 40.0164794921875 40.271575927734375 40.523204803466796875 40.67664337158203125 40.6009674072265625 40.525287628173828125 40.748081207275390625 41.004039764404296875 41.414936065673828125 41.980777740478515625 42.56407928466796875 43.30454254150390625 44.04500579833984375 43.96176910400390625 43.52552032470703125 43.0776214599609375 42.602535247802734375 42.127452850341796875 41.693023681640625 41.263111114501953125 41.193279266357421875 41.483531951904296875 41.77569580078125 42.0850677490234375 42.394435882568359375 42.377685546875 42.22116851806640625 42.140270233154296875 42.235809326171875 42.331348419189453125 43.170642852783203125 44.092578887939453125
38.509456634521484375 38.25342559814453125 38.02571868896484375 38.052974700927734375 38.080234527587890625 38.2577667236328125 38.49970245361328125 38.832958221435546875 39.379299163818359375 39.92563629150390625 39.9438934326171875 39.903469085693359375 39.769077301025390625 39.54071807861328125 39.35556793212890625 39.55928802490234375 39.76300811767578125 40.022045135498046875 40.30478668212890625 40.475963592529296875 40.386806488037109375 40.297649383544921875 40.4590301513671875 40.648250579833984375 41.020626068115234375 41.576160430908203125 42.14034271240234375 42.782382965087890625 43.424419403076171875 43.439670562744140625 43.1862945556640625 42.845798492431640625 42.30200958251953125 41.7582244873046875 41.358428955078125 40.974636077880859375 40.891208648681640625 41.108154296875 41.33417510986328125 41.641849517822265625 41.949520111083984375 42.000896453857421875 41.942424774169921875 41.9328765869140625 42.03746795654296875 42.142059326171875 42.58655548095703125 43.068817138671875
38.71979522705078125 38.451263427734375 38.20539093017578125 38.163440704345703125 38.121490478515625 38.22559356689453125 38.3922882080078125 38.668437957763671875 39.199985504150390625 39.731533050537109375 39.791622161865234375 39.799327850341796875 39.688083648681640625 39.457889556884765625 39.26926422119140625 39.454776763916015625 39.640289306640625 39.8982696533203125 40.187305450439453125 40.358310699462890625 40.253910064697265625 40.149505615234375 40.263427734375 40.401607513427734375 40.735378265380859375 41.264743804931640625 41.79874420166015625 42.374423980712890625 42.950103759765625 43.06874847412109375 42.99151611328125 42.74678802490234375 42.111225128173828125 41.4756622314453125 41.089977264404296875 40.732059478759765625 40.6458282470703125 40.831287384033203125 41.02855682373046875 41.33214569091796875 41.635738372802734375 41.74491119384765625 41.770763397216796875 41.816776275634765625 41.909832000732421875 42.00289154052734375 42.17955780029296875 42.36551666259765625
38.861743927001953125 38.62131500244140625 38.396862030029296875 38.31615447998046875 38.235446929931640625 38.2499542236328125 38.305267333984375 38.50601959228515625 39.04613494873046875 39.58625030517578125 39.66422271728515625 39.690845489501953125 39.6135406494140625 39.43231201171875 39.295558929443359375 39.559112548828125 39.822666168212890625 40.06792449951171875 40.305339813232421875 40.434398651123046875 40.3106231689453125 40.1868438720703125 40.285858154296875 40.409626007080078125 40.704608917236328125 41.170803070068359375 41.6487884521484375 42.232936859130859375 42.817081451416015625 43.05057525634765625 43.13378143310546875 42.957675933837890625 42.1764984130859375 41.39531707763671875 40.975849151611328125 40.5965728759765625 40.532711029052734375 40.78426361083984375 41.0400543212890625 41.333988189697265625 41.62792205810546875 41.77080535888671875 41.848949432373046875 41.9136962890625 41.947185516357421875 41.980678558349609375 42.185791015625 42.409969329833984375
