data/rh3jul.asc
ncols        384
nrows        480
xllcorner    138.000000000000
yllcorner    -29.000000000000
cellsize     0.041666666667
NODATA_value -9999
[rows 378 to 398 of 480, columns 144 to 191 of 384]
31.7329254150390625 31.776048660278320313 31.911418914794921875 32.877017974853515625 33.842617034912109375 34.211559295654296875 34.324794769287109375 34.384273529052734375 34.318328857421875 34.252384185791015625 34.439075469970703125 34.653842926025390625 34.882781982421875 35.125896453857421875 35.36981964111328125 35.621006011962890625 35.8721923828125 35.57508087158203125 35.042980194091796875 34.704410552978515625 34.817401885986328125 34.930389404296875 34.968379974365234375 34.99803924560546875 35.010387420654296875 35.005428314208984375 35.00714111328125 35.068866729736328125 35.130596160888671875 35.293010711669921875 35.4985809326171875 35.636875152587890625 35.618206024169921875 35.5995330810546875 35.710346221923828125 35.835540771484375 36.217864990234375 36.857311248779296875 37.4440765380859375 37.55666351318359375 37.669254302978515625 37.7964019775390625 37.92978668212890625 38.06272125244140625 38.194614410400390625 38.326503753662109375 38.249515533447265625 38.149318695068359375
31.945398330688476563 32.024806976318359375 32.19620513916015625 33.19549560546875 34.19478607177734375 34.5558319091796875 34.64334869384765625 34.694362640380859375 34.660221099853515625 34.62607574462890625 34.75811004638671875 34.90860748291015625 35.11518096923828125 35.377834320068359375 35.63916015625 35.888523101806640625 36.13788604736328125 35.747314453125 35.082489013671875 34.675128936767578125 34.868526458740234375 35.061920166015625 35.079006195068359375 35.076503753662109375 35.0882415771484375 35.11421966552734375 35.1487579345703125 35.2602996826171875 35.3718414306640625 35.566104888916015625 35.7958221435546875 35.9273834228515625 35.829906463623046875 35.73242950439453125 35.839069366455078125 35.968387603759765625 36.341510772705078125 36.958438873291015625 37.522861480712890625 37.614772796630859375 37.706684112548828125 37.81817626953125 37.938060760498046875 38.080211639404296875 38.274322509765625 38.468433380126953125 38.3765869140625 38.252964019775390625
32.58002471923828125 32.6605377197265625 32.833972930908203125 33.8436737060546875 34.853374481201171875 35.204898834228515625 35.27435302734375 35.3084564208984375 35.2600860595703125 35.211711883544921875 35.32495880126953125 35.4561614990234375 35.67350006103515625 35.9769744873046875 36.272914886474609375 36.50102996826171875 36.72914886474609375 36.29793548583984375 35.584148406982421875 35.129673004150390625 35.280239105224609375 35.43080902099609375 35.312076568603515625 35.163421630859375 35.131175994873046875 35.21533966064453125 35.305965423583984375 35.454761505126953125 35.603557586669921875 35.827014923095703125 36.08246612548828125 36.227649688720703125 36.11553955078125 36.00342559814453125 36.07479095458984375 36.16654205322265625 36.482036590576171875 37.021274566650390625 37.51940155029296875 37.647518157958984375 37.775630950927734375 37.8657379150390625 37.93955230712890625 38.039371490478515625 38.199855804443359375 38.36034393310546875 38.266567230224609375 38.144542694091796875
33.21465301513671875 33.29627227783203125 33.471736907958984375 34.491851806640625 35.511962890625 35.85396575927734375 35.905353546142578125 35.92254638671875 35.859951019287109375 35.797351837158203125 35.891811370849609375 36.003719329833984375 36.23181915283203125 36.576114654541015625 36.90666961669921875 37.1135406494140625 37.32041168212890625 36.848552703857421875 36.08580780029296875 35.5842132568359375 35.69195556640625 35.7996978759765625 35.545146942138671875 35.250339508056640625 35.17411041259765625 35.316455841064453125 35.463176727294921875 35.649227142333984375 35.835277557373046875 36.087924957275390625 36.369110107421875 36.527919769287109375 36.4011688232421875 36.27442169189453125 36.310512542724609375 36.36469268798828125 36.62255859375 37.084110260009765625 37.51593780517578125 37.68025970458984375 37.844577789306640625 37.913299560546875 37.94104766845703125 37.998531341552734375 38.125392913818359375 38.25225067138671875 38.156551361083984375 38.0361175537109375
33.68415069580078125 33.7610931396484375 33.913787841796875 34.74823760986328125 35.5826873779296875 35.887348175048828125 35.964954376220703125 36.01418304443359375 35.9971923828125 35.980197906494140625 36.0816650390625 36.1962890625 36.401210784912109375 36.6964263916015625 36.981983184814453125 37.18060302734375 37.3792266845703125 36.97315216064453125 36.307926177978515625 35.838748931884765625 35.82701873779296875 35.815288543701171875 35.608051300048828125 35.379093170166015625 35.32662200927734375 35.450634002685546875 35.579792022705078125 35.7552490234375 35.930706024169921875 36.196735382080078125 36.501583099365234375 36.67569732666015625 36.544769287109375 36.413845062255859375 36.476810455322265625 36.561321258544921875 36.818103790283203125 37.24715423583984375 37.64450836181640625 37.7566070556640625 37.868709564208984375 37.92816162109375 37.96504974365234375 38.034648895263671875 38.180572509765625 38.326496124267578125 38.280178070068359375 38.212497711181640625
34.1352996826171875 34.206928253173828125 34.3340911865234375 34.961093902587890625 35.58809661865234375 35.852321624755859375 35.96106719970703125 36.047771453857421875 36.08303070068359375 36.11829376220703125 36.2296295166015625 36.349414825439453125 36.52738189697265625 36.763530731201171875 36.99524688720703125 37.18706512451171875 37.37888336181640625 37.050418853759765625 36.498981475830078125 36.0710601806640625 35.93134307861328125 35.7916259765625 35.6520538330078125 35.5124969482421875 35.491306304931640625 35.588481903076171875 35.691898345947265625 35.851444244384765625 36.010990142822265625 36.288646697998046875 36.61692047119140625 36.806529998779296875 36.672588348388671875 36.538646697998046875 36.635395050048828125 36.757781982421875 37.019756317138671875 37.421329498291015625 37.787746429443359375 37.837802886962890625 37.887859344482421875 37.939388275146484375 37.991550445556640625 38.079315185546875 38.250156402587890625 38.42099761962890625 38.4297637939453125 38.42052459716796875
34.373325347900390625 34.448032379150390625 34.567413330078125 35.08884429931640625 35.610279083251953125 35.855327606201171875 35.98192596435546875 36.091922760009765625 36.163177490234375 36.23442840576171875 36.3540802001953125 36.479106903076171875 36.635585784912109375 36.823513031005859375 37.011013031005859375 37.194652557373046875 37.3782958984375 37.095928192138671875 36.6138458251953125 36.221675872802734375 36.03929901123046875 35.856922149658203125 35.723682403564453125 35.5959014892578125 35.5765533447265625 35.665637969970703125 35.75992584228515625 35.901042938232421875 36.042163848876953125 36.341709136962890625 36.709156036376953125 36.942943572998046875 36.8648681640625 36.786792755126953125 36.87005615234375 36.97124481201171875 37.201641082763671875 37.561248779296875 37.88619232177734375 37.899158477783203125 37.912128448486328125 37.966461181640625 38.038524627685546875 38.133991241455078125 38.28406524658203125 38.43414306640625 38.46288299560546875 38.478137969970703125
34.398227691650390625 34.484409332275390625 34.61374664306640625 35.13149261474609375 35.64923858642578125 35.896373748779296875 36.02753448486328125 36.14664459228515625 36.237628936767578125 36.32861328125 36.455020904541015625 36.58536529541015625 36.7258148193359375 36.876373291015625 37.029285430908203125 37.20337677001953125 37.37746429443359375 37.10968017578125 36.65251922607421875 36.290592193603515625 36.15088653564453125 36.01117706298828125 35.82294464111328125 35.6293182373046875 35.582366943359375 35.682098388671875 35.78387451171875 35.904048919677734375 36.024227142333984375 36.355930328369140625 36.778285980224609375 37.08493804931640625 37.121612548828125 37.158290863037109375 37.180789947509765625 37.20171356201171875 37.3637542724609375 37.666912078857421875 37.939838409423828125 37.940673828125 37.941509246826171875 38.009372711181640625 38.10596466064453125 38.198665618896484375 38.282299041748046875 38.365932464599609375 38.3795318603515625 38.385349273681640625
34.4371795654296875 34.533718109130859375 34.67133331298828125 35.178653717041015625 35.68597412109375 35.931957244873046875 36.0659332275390625 36.1919097900390625 36.299205780029296875 36.406505584716796875 36.53847503662109375 36.673187255859375 36.7960205078125 36.906978607177734375 37.022884368896484375 37.18328094482421875 37.34368133544921875 37.107410430908203125 36.701141357421875 36.385951995849609375 36.28328704833984375 36.180622100830078125 35.939151763916015625 35.68225860595703125 35.6085357666015625 35.71797943115234375 35.82707977294921875 35.93306732177734375 36.039051055908203125 36.4029541015625 36.87738800048828125 37.251766204833984375 37.392669677734375 37.53357696533203125 37.51122283935546875 37.47072601318359375 37.574077606201171875 37.821269989013671875 38.0425262451171875 38.030345916748046875 38.01816558837890625 38.094516754150390625 38.20880889892578125 38.290889739990234375 38.297821044921875 38.304752349853515625 38.3052978515625 38.305133819580078125
34.602596282958984375 34.699413299560546875 34.830173492431640625 35.266452789306640625 35.702732086181640625 35.918376922607421875 36.039463043212890625 36.15207672119140625 36.244937896728515625 36.337795257568359375 36.464569091796875 36.59511566162109375 36.686031341552734375 36.737323760986328125 36.79442596435546875 36.903850555419921875 37.013275146484375 36.9609527587890625 36.8393096923828125 36.7192840576171875 36.60302734375 36.486774444580078125 36.207904815673828125 35.9109649658203125 35.81787872314453125 35.928646087646484375 36.043598175048828125 36.196163177490234375 36.348728179931640625 36.745204925537109375 37.2462158203125 37.642063140869140625 37.7925262451171875 37.942989349365234375 38.0189666748046875 38.086669921875 38.2183074951171875 38.413875579833984375 38.58657073974609375 38.553424835205078125 38.5202789306640625 38.559722900390625 38.630279541015625 38.631038665771484375 38.46894073486328125 38.3068389892578125 38.31311798095703125 38.338108062744140625
34.76801300048828125 34.865108489990234375 34.989013671875 35.354251861572265625 35.719493865966796875 35.904796600341796875 36.012989044189453125 36.112247467041015625 36.19066619873046875 36.269084930419921875 36.390666961669921875 36.5170440673828125 36.576045989990234375 36.56766510009765625 36.56597137451171875 36.624420166015625 36.682872772216796875 36.814495086669921875 36.97747802734375 37.0526123046875 36.92276763916015625 36.792926788330078125 36.476654052734375 36.139667510986328125 36.0272216796875 36.139316558837890625 36.260112762451171875 36.459259033203125 36.658405303955078125 37.08745574951171875 37.61504364013671875 38.032360076904296875 38.1923828125 38.3524017333984375 38.526714324951171875 38.70261383056640625 38.862537384033203125 39.00647735595703125 39.130615234375 39.076503753662109375 39.02239227294921875 39.024932861328125 39.051753997802734375 38.971187591552734375 38.640056610107421875 38.308925628662109375 38.3209381103515625 38.371082305908203125
34.77063751220703125 34.9019927978515625 35.058353424072265625 35.439762115478515625 35.82117462158203125 36.004947662353515625 36.1040191650390625 36.190105438232421875 36.245899200439453125 36.301692962646484375 36.386814117431640625 36.475189208984375 36.508876800537109375 36.48787689208984375 36.473560333251953125 36.5194091796875 36.5652618408203125 36.7786102294921875 37.0637359619140625 37.2185821533203125 37.069431304931640625 36.92028045654296875 36.5519256591796875 36.159214019775390625 36.02938079833984375 36.162418365478515625 36.304706573486328125 36.5302276611328125 36.755748748779296875 37.200794219970703125 37.73992156982421875 38.173397064208984375 38.36034393310546875 38.5472869873046875 38.707454681396484375 38.86464691162109375 39.01806640625 39.1677093505859375 39.29788970947265625 39.252872467041015625 39.207855224609375 39.215480804443359375 39.24566650390625 39.150974273681640625 38.76490020751953125 38.37882232666015625 38.364437103271484375 38.391345977783203125
34.703495025634765625 34.88367462158203125 35.08933258056640625 35.5242919921875 35.959255218505859375 36.153839111328125 36.2454071044921875 36.318401336669921875 36.348064422607421875 36.377727508544921875 36.412982940673828125 36.44886016845703125 36.4600677490234375 36.44660186767578125 36.439449310302734375 36.4891510009765625 36.538852691650390625 36.790111541748046875 37.127750396728515625 37.312824249267578125 37.141918182373046875 36.971012115478515625 36.544277191162109375 36.089122772216796875 35.94274139404296875 36.10514068603515625 36.275623321533203125 36.518856048583984375 36.762088775634765625 37.216022491455078125 37.76025390625 38.207611083984375 38.428920745849609375 38.65023040771484375 38.748050689697265625 38.83214569091796875 38.964153289794921875 39.144069671630859375 39.303691864013671875 39.280651092529296875 39.2576141357421875 39.288318634033203125 39.3420562744140625 39.262035369873046875 38.86991119384765625 38.477787017822265625 38.42322540283203125 38.406169891357421875
34.674041748046875 34.881988525390625 35.1166839599609375 35.592128753662109375 36.067577362060546875 36.2723388671875 36.361095428466796875 36.425258636474609375 36.432037353515625 36.438812255859375 36.440235137939453125 36.441059112548828125 36.43780517578125 36.43047332763671875 36.42950439453125 36.485774993896484375 36.542049407958984375 36.796207427978515625 37.1351776123046875 37.326297760009765625 37.17242431640625 37.01854705810546875 36.546527862548828125 36.039154052734375 35.862827301025390625 36.017547607421875 36.185710906982421875 36.474895477294921875 36.764080047607421875 37.241413116455078125 37.799381256103515625 38.26434326171875 38.51229095458984375 38.760234832763671875 38.818744659423828125 38.856204986572265625 38.959407806396484375 39.128360748291015625 39.279720306396484375 39.272747039794921875 39.26576995849609375 39.3178253173828125 39.395183563232421875 39.339031219482421875 38.97136688232421875 38.603702545166015625 38.5131988525390625 38.4534912109375
34.7325286865234375 34.91910552978515625 35.135570526123046875 35.6210174560546875 36.106464385986328125 36.31992340087890625 36.416820526123046875 36.482086181640625 36.473552703857421875 36.46501922607421875 36.470005035400390625 36.47649383544921875 36.477504730224609375 36.473033905029296875 36.475933074951171875 36.54512786865234375 36.61432647705078125 36.789703369140625 37.010585784912109375 37.151302337646484375 37.10497283935546875 37.0586395263671875 36.57186126708984375 36.036144256591796875 35.798595428466796875 35.85921478271484375 35.953876495361328125 36.35489654541015625 36.755916595458984375 37.29051971435546875 37.8823699951171875 38.373630523681640625 38.630168914794921875 38.88671112060546875 38.9596710205078125 39.012233734130859375 39.06939697265625 39.13116455078125 39.18628692626953125 39.181568145751953125 39.176853179931640625 39.2462310791015625 39.347362518310546875 39.336551666259765625 39.06453704833984375 38.79251861572265625 38.675952911376953125 38.576656341552734375
34.791015625 34.9562225341796875 35.154453277587890625 35.64990234375 36.145351409912109375 36.367511749267578125 36.47254180908203125 36.538913726806640625 36.51506805419921875 36.4912261962890625 36.49977874755859375 36.511928558349609375 36.517200469970703125 36.515594482421875 36.52236175537109375 36.604480743408203125 36.6865997314453125 36.78319549560546875 36.885990142822265625 36.97631072998046875 37.0375213623046875 37.09873199462890625 36.597198486328125 36.03313446044921875 35.734363555908203125 35.700885772705078125 35.7220458984375 36.234897613525390625 36.747753143310546875 37.339626312255859375 37.965362548828125 38.48291778564453125 38.748050689697265625 39.013187408447265625 39.100597381591796875 39.168262481689453125 39.179386138916015625 39.133968353271484375 39.0928497314453125 39.09039306640625 39.087932586669921875 39.174633026123046875 39.2995452880859375 39.334072113037109375 39.157703399658203125 38.981334686279296875 38.838703155517578125 38.699817657470703125
34.63358306884765625 34.77420806884765625 34.943393707275390625 35.3696441650390625 35.79589080810546875 35.9948577880859375 36.0964202880859375 36.1654510498046875 36.1585845947265625 36.151714324951171875 36.221954345703125 36.30075836181640625 36.341022491455078125 36.342742919921875 36.348724365234375 36.393039703369140625 36.43735504150390625 36.561702728271484375 36.720348358154296875 36.8513641357421875 36.917903900146484375 36.984447479248046875 36.664707183837890625 36.302051544189453125 36.157684326171875 36.231597900390625 36.3470306396484375 36.8361053466796875 37.3251800537109375 37.8090362548828125 38.290653228759765625 38.6953887939453125 38.920726776123046875 39.14606475830078125 39.2342071533203125 39.307109832763671875 39.297733306884765625 39.206081390380859375 39.123264312744140625 39.119945526123046875 39.116626739501953125 39.2456207275390625 39.4313201904296875 39.474681854248046875 39.1859283447265625 38.897174835205078125 38.78528594970703125 38.693050384521484375
34.452159881591796875 34.567844390869140625 34.706787109375 35.055034637451171875 35.403278350830078125 35.575511932373046875 35.672313690185546875 35.744182586669921875 35.757877349853515625 35.77156829833984375 35.90995025634765625 36.06218719482421875 36.140857696533203125 36.145961761474609375 36.150638580322265625 36.15151214599609375 36.15238189697265625 36.31632232666015625 36.550144195556640625 36.731975555419921875 36.792491912841796875 36.85300445556640625 36.736907958984375 36.60118865966796875 36.635173797607421875 36.838871002197265625 37.06722259521484375 37.51744842529296875 37.96767425537109375 38.325145721435546875 38.642871856689453125 38.9193267822265625 39.099491119384765625 39.27965545654296875 39.367008209228515625 39.4440460205078125 39.4170074462890625 39.28589630126953125 39.16744232177734375 39.162914276123046875 39.15838623046875 39.332447052001953125 39.583049774169921875 39.631191253662109375 39.206935882568359375 38.782680511474609375 38.707851409912109375 38.671844482421875
34.412700653076171875 34.526782989501953125 34.6578521728515625 34.94179534912109375 35.225734710693359375 35.390453338623046875 35.504077911376953125 35.596195220947265625 35.63813018798828125 35.68006134033203125 35.82989501953125 35.991718292236328125 36.094913482666015625 36.139484405517578125 36.172454833984375 36.1010589599609375 36.029659271240234375 36.18756866455078125 36.443756103515625 36.64121246337890625 36.701629638671875 36.762050628662109375 36.7710418701171875 36.774318695068359375 36.918964385986328125 37.204986572265625 37.50074005126953125 37.88410186767578125 38.267459869384765625 38.553997039794921875 38.799037933349609375 39.019161224365234375 39.181140899658203125 39.343120574951171875 39.416259765625 39.47953033447265625 39.44043731689453125 39.298984527587890625 39.171344757080078125 39.168018341064453125 39.164691925048828125 39.355548858642578125 39.6296234130859375 39.690357208251953125 39.2532958984375 38.81623077392578125 38.747493743896484375 38.719676971435546875
34.51520538330078125 34.651020050048828125 34.796588897705078125 35.0299224853515625 35.263256072998046875 35.4396820068359375 35.591716766357421875 35.721492767333984375 35.799343109130859375 35.87718963623046875 35.981781005859375 36.089344024658203125 36.203189849853515625 36.323314666748046875 36.41417694091796875 36.241680145263671875 36.069179534912109375 36.175445556640625 36.40117645263671875 36.579067230224609375 36.645328521728515625 36.71158599853515625 36.767108917236328125 36.821441650390625 37.00905609130859375 37.329944610595703125 37.647594451904296875 37.936065673828125 38.22454071044921875 38.49558258056640625 38.7591552734375 38.9948883056640625 39.16567230224609375 39.336456298828125 39.381969451904296875 39.413562774658203125 39.368022918701171875 39.245349884033203125 39.13497161865234375 39.135257720947265625 39.1355438232421875 39.31491851806640625 39.571044921875 39.652179718017578125 39.325000762939453125 38.99782562255859375 38.90421295166015625 38.836551666259765625
34.6116180419921875 34.7660675048828125 34.924228668212890625 35.115825653076171875 35.307422637939453125 35.492755889892578125 35.675403594970703125 35.8359375 35.944858551025390625 36.05377960205078125 36.122997283935546875 36.18779754638671875 36.30799102783203125 36.483570098876953125 36.616336822509765625 36.363773345947265625 36.1112060546875 36.175045013427734375 36.374481201171875 36.53533172607421875 36.606159210205078125 36.6769866943359375 36.78047943115234375 36.887603759765625 37.113658905029296875 37.458648681640625 37.788898468017578125 37.98650360107421875 38.184108734130859375 38.439777374267578125 38.72032928466796875 38.968662261962890625 39.141819000244140625 39.314971923828125 39.337741851806640625 39.34380340576171875 39.296680450439453125 39.196369171142578125 39.106349945068359375 39.10895538330078125 39.111560821533203125 39.27562713623046875 39.508892059326171875 39.6067962646484375 39.38885498046875 39.1709136962890625 39.0607147216796875 38.96248626708984375
