data/rh3jan.asc
ncols        384
nrows        480
xllcorner    138.000000000000
yllcorner    -29.000000000000
cellsize     0.041666666667
NODATA_value -9999
[rows 210 to 230 of 480, columns 147 to 195 of 384]
54.580715179443359375 54.387317657470703125 54.08397674560546875 53.733516693115234375 53.49140167236328125 53.502079010009765625 53.512760162353515625 53.8510894775390625 54.22582244873046875 54.61785888671875 55.027191162109375 55.409885406494140625 55.552783966064453125 55.695682525634765625 55.628002166748046875 55.470073699951171875 55.548252105712890625 56.177341461181640625 56.806430816650390625 56.611690521240234375 56.325412750244140625 56.403575897216796875 56.846172332763671875 57.306636810302734375 57.927936553955078125 58.54923248291015625 59.229190826416015625 59.93428802490234375 60.95948028564453125 62.731563568115234375 64.5036468505859375 67.00843048095703125 69.594635009765625 71.63922119140625 73.14220428466796875 74.5111236572265625 74.67351531982421875 74.83589935302734375 74.9579620361328125 75.062744140625 75.21453094482421875 75.47600555419921875 75.73748779296875 75.81505584716796875 75.8721923828125 75.95372772216796875 76.059661865234375 76.15500640869140625 76.15500640869140625
54.88088226318359375 54.72254180908203125 54.425212860107421875 54.06832122802734375 53.796085357666015625 53.72138214111328125 53.6466827392578125 53.9361419677734375 54.2660675048828125 54.640705108642578125 55.06005859375 55.46471405029296875 55.737110137939453125 56.0095062255859375 55.990795135498046875 55.847320556640625 55.9127960205078125 56.465808868408203125 57.01882171630859375 56.694042205810546875 56.271732330322265625 56.218311309814453125 56.53377532958984375 56.88946533203125 57.6071929931640625 58.324924468994140625 59.033061981201171875 59.737091064453125 60.743022918701171875 62.45340728759765625 64.163787841796875 66.75376129150390625 69.44145965576171875 71.56031036376953125 73.110321044921875 74.50817108154296875 74.53665924072265625 74.56514739990234375 74.5790557861328125 74.58672332763671875 74.7113189697265625 75.1087493896484375 75.5061798095703125 75.7149658203125 75.9027862548828125 75.97946929931640625 75.94501495361328125 75.91400146484375 75.91400146484375
55.0744171142578125 55.01607513427734375 54.78951263427734375 54.490863800048828125 54.234851837158203125 54.078327178955078125 53.92180633544921875 54.068634033203125 54.249164581298828125 54.545989990234375 54.9591064453125 55.367767333984375 55.736339569091796875 56.104907989501953125 56.073581695556640625 55.870868682861328125 55.8668365478515625 56.326381683349609375 56.785930633544921875 56.3504791259765625 55.81558990478515625 55.667327880859375 55.905704498291015625 56.19387054443359375 56.930171966552734375 57.666473388671875 58.435420989990234375 59.21836090087890625 60.251522064208984375 61.868534088134765625 63.4855499267578125 66.327484130859375 69.30551910400390625 71.62957763671875 73.299652099609375 74.7945709228515625 74.7130889892578125 74.63161468505859375 74.361846923828125 74.011383056640625 73.885467529296875 74.28351593017578125 74.68155670166015625 75.03992462158203125 75.3938751220703125 75.6038055419921875 75.66971588134765625 75.72904205322265625 75.72904205322265625
55.267955780029296875 55.309604644775390625 55.15381622314453125 54.9134063720703125 54.673618316650390625 54.435272216796875 54.196929931640625 54.201122283935546875 54.232265472412109375 54.451274871826171875 54.858154296875 55.27082061767578125 55.735565185546875 56.20030975341796875 56.156368255615234375 55.894420623779296875 55.8208770751953125 56.18695831298828125 56.55303955078125 56.00691986083984375 55.35944366455078125 55.1163482666015625 55.2776336669921875 55.4982757568359375 56.253147125244140625 57.008022308349609375 57.837779998779296875 58.699626922607421875 59.76001739501953125 61.283664703369140625 62.80731201171875 65.901214599609375 69.169586181640625 71.69884490966796875 73.488983154296875 75.080963134765625 74.8895263671875 74.698089599609375 74.1446380615234375 73.43604278564453125 73.05962371826171875 73.458282470703125 73.85693359375 74.3648834228515625 74.8849639892578125 75.2281494140625 75.3944244384765625 75.54407501220703125 75.54407501220703125
54.9305419921875 55.00386810302734375 54.916584014892578125 54.760467529296875 54.595066070556640625 54.407993316650390625 54.22092437744140625 54.166973114013671875 54.12781524658203125 54.32861328125 54.769367218017578125 55.222103118896484375 55.782642364501953125 56.343181610107421875 56.327449798583984375 56.06475067138671875 55.98929595947265625 56.350757598876953125 56.71221923828125 56.13925933837890625 55.462474822998046875 55.215808868408203125 55.399261474609375 55.641361236572265625 56.411285400390625 57.18121337890625 57.930912017822265625 58.671939849853515625 59.645061492919921875 61.159732818603515625 62.674404144287109375 65.72674560546875 68.94992828369140625 71.61266326904296875 73.714935302734375 75.58962249755859375 75.41607666015625 75.24253082275390625 74.4850921630859375 73.47742462158203125 72.82167816162109375 72.9870758056640625 73.15247344970703125 73.70650482177734375 74.3037109375 74.8662109375 75.39398956298828125 75.868988037109375 75.868988037109375
54.5341339111328125 54.631542205810546875 54.612514495849609375 54.54358673095703125 54.45903778076171875 54.338024139404296875 54.217014312744140625 54.114307403564453125 54.013637542724609375 54.202846527099609375 54.681934356689453125 55.178741455078125 55.835033416748046875 56.491329193115234375 56.5083465576171875 56.2513885498046875 56.1815338134765625 56.548252105712890625 56.914966583251953125 56.3244781494140625 55.627635955810546875 55.387538909912109375 55.60418701171875 55.87763214111328125 56.662220001220703125 57.446807861328125 58.100795745849609375 58.69881439208984375 59.5719451904296875 61.087017059326171875 62.60208892822265625 65.58025360107421875 68.720977783203125 71.50920867919921875 73.94495391845703125 76.12297821044921875 75.98152923583984375 75.8400726318359375 74.88751220703125 73.58733367919921875 72.64905548095703125 72.555206298828125 72.46135711669921875 73.0499725341796875 73.71442413330078125 74.50579071044921875 75.4240875244140625 76.25055694580078125 76.25055694580078125
53.847652435302734375 53.982196807861328125 54.0553436279296875 54.1021728515625 54.12966156005859375 54.112018585205078125 54.094371795654296875 54.01302337646484375 53.92459869384765625 54.143642425537109375 54.670154571533203125 55.216022491455078125 55.93607330322265625 56.65612030029296875 56.6974029541015625 56.44779205322265625 56.390354156494140625 56.78131866455078125 57.1722869873046875 56.5974884033203125 55.91538238525390625 55.683643341064453125 55.902263641357421875 56.175289154052734375 56.937976837158203125 57.700664520263671875 58.288341522216796875 58.80101776123046875 59.587993621826171875 61.015003204345703125 62.4420166015625 65.26189422607421875 68.23653411865234375 70.99338531494140625 73.53243255615234375 75.82891845703125 75.94229888916015625 76.05567169189453125 75.217437744140625 73.97136688232421875 73.02666473388671875 72.78515625 72.54364776611328125 73.0868682861328125 73.71728515625 74.52602386474609375 75.513092041015625 76.401458740234375 76.401458740234375
52.87109375 53.0558319091796875 53.24506378173828125 53.43622589111328125 53.606945037841796875 53.72997283935546875 53.853000640869140625 53.86312103271484375 53.86069488525390625 54.1510009765625 54.734039306640625 55.333953857421875 56.08575439453125 56.837554931640625 56.894626617431640625 56.653961181640625 56.615756988525390625 57.04996490478515625 57.484172821044921875 56.958286285400390625 56.32572174072265625 56.104122161865234375 56.293483734130859375 56.534332275390625 57.238555908203125 57.942779541015625 58.493549346923828125 58.97855377197265625 59.693202972412109375 60.943691253662109375 62.194179534912109375 64.77167510986328125 67.496612548828125 70.06517791748046875 72.4773712158203125 74.70743560791015625 75.2983856201171875 75.8893280029296875 75.4748687744140625 74.6295318603515625 73.95452117919921875 73.67693328857421875 73.3993377685546875 73.8171844482421875 74.31230926513671875 74.926910400390625 75.66100311279296875 76.32169342041015625 76.32169342041015625
51.950374603271484375 52.17435455322265625 52.4633026123046875 52.78009796142578125 53.077846527099609375 53.331146240234375 53.584445953369140625 53.69123077392578125 53.78173828125 54.15175628662109375 54.801280975341796875 55.46421051025390625 56.247776031494140625 57.031341552734375 57.104717254638671875 56.873729705810546875 56.850433349609375 57.311756134033203125 57.773082733154296875 57.29083251953125 56.703739166259765625 56.4907073974609375 56.65174102783203125 56.862102508544921875 57.516448974609375 58.1707916259765625 58.686962127685546875 59.143917083740234375 59.790802001953125 60.88086700439453125 61.970928192138671875 64.28327178955078125 66.73142242431640625 69.0841217041015625 71.3413543701171875 73.479156494140625 74.54205322265625 75.604949951171875 75.6375885009765625 75.22869110107421875 74.861968994140625 74.59368133544921875 74.32538604736328125 74.614501953125 74.96555328369140625 75.37725067138671875 75.8495941162109375 76.2778167724609375 76.33325958251953125
51.53221893310546875 51.696895599365234375 51.938213348388671875 52.21237945556640625 52.4912872314453125 52.781261444091796875 53.071231842041015625 53.321491241455078125 53.5673370361328125 54.09310150146484375 54.89878082275390625 55.70543670654296875 56.520877838134765625 57.336322784423828125 57.430622100830078125 57.215854644775390625 57.16852569580078125 57.511867523193359375 57.8552093505859375 57.3691253662109375 56.790882110595703125 56.572277069091796875 56.7133026123046875 56.9084014892578125 57.5901336669921875 58.2718658447265625 58.774227142333984375 59.19971466064453125 59.819904327392578125 60.894405364990234375 61.968902587890625 63.81121063232421875 65.73883056640625 67.627349853515625 69.4767608642578125 71.2896728515625 72.77400970458984375 74.25835418701171875 74.9478759765625 75.29676055908203125 75.58580780029296875 75.73522186279296875 75.8846282958984375 76.01479339599609375 76.14281463623046875 76.27265167236328125 76.40430450439453125 76.551544189453125 76.933929443359375
51.114063262939453125 51.219440460205078125 51.41312408447265625 51.64466094970703125 51.904727935791015625 52.23137664794921875 52.55802154541015625 52.951751708984375 53.352931976318359375 54.034442901611328125 54.99627685546875 55.94666290283203125 56.79398345947265625 57.641300201416015625 57.75652313232421875 57.5579833984375 57.4866180419921875 57.711978912353515625 57.937335968017578125 57.447422027587890625 56.87802886962890625 56.653842926025390625 56.774868011474609375 56.954700469970703125 57.663818359375 58.3729400634765625 58.861492156982421875 59.255512237548828125 59.84900665283203125 60.9079437255859375 61.966876983642578125 63.339153289794921875 64.74623870849609375 66.1705780029296875 67.61217498779296875 69.10018157958984375 71.0059661865234375 72.91175079345703125 74.2581634521484375 75.364837646484375 76.3096466064453125 76.87676239013671875 77.44387054443359375 77.41507720947265625 77.320068359375 77.16805267333984375 76.959014892578125 76.81571197509765625 77.291229248046875
51.16785430908203125 51.199329376220703125 51.341747283935546875 51.531707763671875 51.7596435546875 52.076175689697265625 52.392704010009765625 52.834014892578125 53.28919219970703125 54.06325531005859375 55.1562042236328125 56.23282623291015625 57.162502288818359375 58.0921783447265625 58.20990753173828125 57.9796600341796875 57.83414459228515625 57.886341094970703125 57.938541412353515625 57.358585357666015625 56.708393096923828125 56.442836761474609375 56.561908721923828125 56.739162445068359375 57.440029144287109375 58.140899658203125 58.695835113525390625 59.18822479248046875 59.843387603759765625 60.8783416748046875 61.913299560546875 63.00374603271484375 64.10036468505859375 65.228179931640625 66.3871917724609375 67.6232757568359375 69.55298614501953125 71.482696533203125 73.1075592041015625 74.60176849365234375 75.92073822021484375 76.83083343505859375 77.74092864990234375 77.8096923828125 77.78498077392578125 77.56281280517578125 77.14319610595703125 76.79632568359375 77.10419464111328125
51.4239044189453125 51.375225067138671875 51.464813232421875 51.6136627197265625 51.80376434326171875 52.090122222900390625 52.376483917236328125 52.824283599853515625 53.290019989013671875 54.12955474853515625 55.342884063720703125 56.538249969482421875 57.571918487548828125 58.60558319091796875 58.717929840087890625 58.435428619384765625 58.1942901611328125 58.04967498779296875 57.905059814453125 57.19812774658203125 56.4287109375 56.10643768310546875 56.23130035400390625 56.411411285400390625 57.08875274658203125 57.76609039306640625 58.421779632568359375 59.068187713623046875 59.82288360595703125 60.83025360107421875 61.83762359619140625 62.726909637451171875 63.6030731201171875 64.50621795654296875 65.43633270263671875 66.4517669677734375 68.2350311279296875 70.01830291748046875 71.75942230224609375 73.48249053955078125 75.0549468994140625 76.2760009765625 77.49704742431640625 77.77330780029296875 77.9445953369140625 77.743011474609375 77.16857147216796875 76.65796661376953125 76.72190093994140625
51.60089874267578125 51.52790069580078125 51.612537384033203125 51.76473236083984375 51.950222015380859375 52.21338653564453125 52.47655487060546875 52.91228485107421875 53.367191314697265625 54.229160308837890625 55.49819183349609375 56.748867034912109375 57.834339141845703125 58.91980743408203125 58.981121063232421875 58.60350799560546875 58.250736236572265625 57.955921173095703125 57.661106109619140625 56.87602996826171875 56.0364837646484375 55.681667327880859375 55.81158447265625 55.996105194091796875 56.672046661376953125 57.347988128662109375 58.059444427490234375 58.78612518310546875 59.59088897705078125 60.57784271240234375 61.564792633056640625 62.39282989501953125 63.203205108642578125 64.01358795166015625 64.82398223876953125 65.711456298828125 67.29270172119140625 68.8739471435546875 70.5615386962890625 72.294708251953125 73.92038726806640625 75.2952423095703125 76.67010498046875 77.1005859375 77.4261322021484375 77.30246734619140625 76.729583740234375 76.2074432373046875 76.14197540283203125
51.593425750732421875 51.62639617919921875 51.8177947998046875 52.077091217041015625 52.33547210693359375 52.591716766357421875 52.847965240478515625 53.228336334228515625 53.622501373291015625 54.40648651123046875 55.580291748046875 56.7382659912109375 57.753772735595703125 58.769283294677734375 58.67303466796875 58.100322723388671875 57.59854888916015625 57.262298583984375 56.92604827880859375 56.176792144775390625 55.38164520263671875 55.050701141357421875 55.183956146240234375 55.376506805419921875 56.102680206298828125 56.828857421875 57.49112701416015625 58.126007080078125 58.865406036376953125 59.84867095947265625 60.831939697265625 61.925182342529296875 63.03064727783203125 64.05608367919921875 65.00148773193359375 65.97730255126953125 67.22682952880859375 68.47635650634765625 69.7142333984375 70.94710540771484375 72.1587066650390625 73.32068634033203125 74.48265838623046875 74.94306182861328125 75.32550811767578125 75.41352081298828125 75.2071075439453125 75.028564453125 75.100921630859375
51.5859527587890625 51.72489166259765625 52.02304840087890625 52.389446258544921875 52.7207183837890625 52.9700469970703125 53.2193756103515625 53.5443878173828125 53.8778076171875 54.58380889892578125 55.662387847900390625 56.727664947509765625 57.67321014404296875 58.618755340576171875 58.364948272705078125 57.597137451171875 56.946361541748046875 56.568675994873046875 56.190990447998046875 55.477550506591796875 54.726810455322265625 54.419734954833984375 54.55632781982421875 54.75690460205078125 55.53331756591796875 56.309726715087890625 56.922809600830078125 57.46588897705078125 58.139919281005859375 59.119503021240234375 60.09908294677734375 61.457538604736328125 62.858089447021484375 64.09857177734375 65.178985595703125 66.24314117431640625 67.16095733642578125 68.07877349853515625 68.86692047119140625 69.59949493408203125 70.39703369140625 71.34612274169921875 72.29521942138671875 72.7855377197265625 73.22487640380859375 73.52457427978515625 73.68462371826171875 73.8496856689453125 74.05987548828125
50.915134429931640625 51.08834075927734375 51.468746185302734375 51.93795013427734375 52.3462371826171875 52.612377166748046875 52.87851715087890625 53.1302490234375 53.380382537841796875 53.95069122314453125 54.84117889404296875 55.7224578857421875 56.52086639404296875 57.319278717041015625 57.14034271240234375 56.542537689208984375 56.0323944091796875 55.726787567138671875 55.421176910400390625 54.983791351318359375 54.531757354736328125 54.3241729736328125 54.36103057861328125 54.458034515380859375 55.09633636474609375 55.73464202880859375 56.17681884765625 56.534942626953125 57.109710693359375 58.189975738525390625 59.270244598388671875 60.8831787109375 62.555301666259765625 64.10056304931640625 65.5189666748046875 66.88805389404296875 67.8133087158203125 68.7385711669921875 69.22533416748046875 69.524169921875 69.85381317138671875 70.25534820556640625 70.6568756103515625 71.0254058837890625 71.3902740478515625 71.776824951171875 72.18505096435546875 72.61400604248046875 73.22948455810546875
50.170612335205078125 50.3701171875 50.830043792724609375 51.401584625244140625 51.887340545654296875 52.172931671142578125 52.45851898193359375 52.634983062744140625 52.799320220947265625 53.2275238037109375 53.919597625732421875 54.6067352294921875 55.249439239501953125 55.89214324951171875 55.81389617919921875 55.42667388916015625 55.0893402099609375 54.8684234619140625 54.6475067138671875 54.512859344482421875 54.38779449462890625 54.2881011962890625 54.21376800537109375 54.194797515869140625 54.674068450927734375 55.153339385986328125 55.411090850830078125 55.57390594482421875 56.0456390380859375 57.238189697265625 58.4307403564453125 60.296962738037109375 62.238040924072265625 64.098052978515625 65.8769989013671875 67.57508087158203125 68.54547119140625 69.5158538818359375 69.71771240234375 69.5902099609375 69.44598388671875 69.26276397705078125 69.0795440673828125 69.3094329833984375 69.58522796630859375 70.04476165771484375 70.68802642822265625 71.37200927734375 72.42250823974609375
49.776092529296875 49.98236846923828125 50.456912994384765625 51.0464324951171875 51.548709869384765625 51.847423553466796875 52.146137237548828125 52.287548065185546875 52.4114837646484375 52.7389984130859375 53.270092010498046875 53.79572296142578125 54.272205352783203125 54.748691558837890625 54.679290771484375 54.375942230224609375 54.12540435791015625 53.99808502197265625 53.87076568603515625 53.903087615966796875 53.953151702880859375 53.99626922607421875 54.032436370849609375 54.1038665771484375 54.492645263671875 54.881420135498046875 55.002716064453125 55.0093841552734375 55.37071990966796875 56.55962371826171875 57.74852752685546875 59.702362060546875 61.7411956787109375 63.731231689453125 65.67247772216796875 67.54398345947265625 68.78786468505859375 70.03174591064453125 70.27086639404296875 70.07938385009765625 69.76453399658203125 69.16179656982421875 68.5590667724609375 68.56801605224609375 68.644927978515625 69.031524658203125 69.72780609130859375 70.4815521240234375 71.7524261474609375
49.731571197509765625 49.9250946044921875 50.3493499755859375 50.872493743896484375 51.330348968505859375 51.635860443115234375 51.941371917724609375 52.08795166015625 52.2168731689453125 52.485107421875 52.8926544189453125 53.28942108154296875 53.589168548583984375 53.888919830322265625 53.736522674560546875 53.390346527099609375 53.140583038330078125 53.1157684326171875 53.090953826904296875 53.15447998046875 53.227825164794921875 53.44867706298828125 53.81703948974609375 54.185245513916015625 54.552059173583984375 54.91887664794921875 54.95169830322265625 54.841381072998046875 55.08495330810546875 56.154277801513671875 57.223602294921875 59.0993804931640625 61.064762115478515625 63.0001068115234375 64.9054107666015625 66.79476165771484375 68.540496826171875 70.2862396240234375 70.88480377197265625 70.9917144775390625 70.8094482421875 69.95244598388671875 69.0954437255859375 68.80113983154296875 68.56935882568359375 68.73711395263671875 69.3043975830078125 69.94261932373046875 71.21923828125
49.696567535400390625 49.869140625 50.240505218505859375 50.697063446044921875 51.108211517333984375 51.413402557373046875 51.718593597412109375 51.872722625732421875 52.01006317138671875 52.226528167724609375 52.52211761474609375 52.801609039306640625 52.936222076416015625 53.07083892822265625 52.843318939208984375 52.46059417724609375 52.211406707763671875 52.273792266845703125 52.336181640625 52.4393310546875 52.5470123291015625 52.93260955810546875 53.59613037109375 54.229251861572265625 54.5887908935546875 54.948329925537109375 54.900333404541015625 54.677677154541015625 54.80919647216796875 55.76712799072265625 56.72505950927734375 58.4896392822265625 60.343845367431640625 62.20334625244140625 64.068145751953125 65.96781158447265625 68.181365966796875 70.3949127197265625 71.36319732666015625 71.79779815673828125 71.784942626953125 70.72802734375 69.67110443115234375 69.0845947265625 68.55035400390625 68.49456787109375 68.917236328125 69.42498016357421875 70.6983489990234375
