data/rh3jul.asc
ncols        384
nrows        480
xllcorner    138.000000000000
yllcorner    -29.000000000000
cellsize     0.041666666667
NODATA_value -9999
[rows 357 to 377 of 480, columns 240 to 287 of 384]
42.568042755126953125 42.532871246337890625 42.497528076171875 42.46063232421875 42.423740386962890625 42.38765716552734375 42.35192108154296875 42.401294708251953125 42.649257659912109375 42.897220611572265625 43.09087371826171875 43.27849578857421875 43.23934173583984375 42.973419189453125 42.750667572021484375 42.916446685791015625 43.082225799560546875 43.234310150146484375 43.380527496337890625 43.64337921142578125 44.178394317626953125 44.713405609130859375 45.824031829833984375 46.9986114501953125 48.128284454345703125 49.213043212890625 50.15769195556640625 49.841320037841796875 49.524951934814453125 48.91112518310546875 48.169818878173828125 47.52970123291015625 47.1256866455078125 46.72167205810546875 46.137317657470703125 45.532928466796875 44.998508453369140625 44.534061431884765625 44.114345550537109375 44.09719085693359375 44.080036163330078125 43.610294342041015625 42.94658660888671875 42.593292236328125 42.964290618896484375 43.33528900146484375 44.643405914306640625 46.05564117431640625
42.867656707763671875 42.800510406494140625 42.75254058837890625 42.877124786376953125 43.001708984375 42.8651885986328125 42.616771697998046875 42.485866546630859375 42.62915802001953125 42.772449493408203125 43.1168365478515625 43.4835662841796875 43.489559173583984375 43.134815216064453125 42.826122283935546875 42.931880950927734375 43.03763580322265625 43.103855133056640625 43.15312957763671875 43.326435089111328125 43.789142608642578125 44.251850128173828125 45.1543731689453125 46.105762481689453125 47.176666259765625 48.367084503173828125 49.417751312255859375 49.210674285888671875 49.003597259521484375 48.55445098876953125 48.001556396484375 47.490234375 47.075916290283203125 46.66159820556640625 46.3472747802734375 46.04405975341796875 45.696834564208984375 45.305591583251953125 44.926403045654296875 44.65567779541015625 44.38495635986328125 43.77494049072265625 43.019512176513671875 42.540607452392578125 42.70693206787109375 42.873256683349609375 43.8543243408203125 44.9259185791015625
43.191432952880859375 43.0846405029296875 43.019317626953125 43.327243804931640625 43.635166168212890625 43.393550872802734375 42.916416168212890625 42.58753204345703125 42.604572296142578125 42.621612548828125 43.122760772705078125 43.67769622802734375 43.740447998046875 43.311016082763671875 42.93009185791015625 42.9857330322265625 43.04137420654296875 43.012928009033203125 42.94844818115234375 43.00994873046875 43.36540985107421875 43.720874786376953125 44.411533355712890625 45.139434814453125 46.162288665771484375 47.4801025390625 48.6558380126953125 48.552906036376953125 48.449977874755859375 48.15549468994140625 47.778919219970703125 47.38690948486328125 46.958892822265625 46.530879974365234375 46.526615142822265625 46.56943511962890625 46.440929412841796875 46.1410980224609375 45.816310882568359375 45.266933441162109375 44.717559814453125 43.968029022216796875 43.132724761962890625 42.5312652587890625 42.47545623779296875 42.419643402099609375 43.007663726806640625 43.6672210693359375
43.344089508056640625 43.390003204345703125 43.46265411376953125 43.775970458984375 44.08928680419921875 43.801422119140625 43.255908966064453125 42.818164825439453125 42.63188934326171875 42.445613861083984375 42.97048187255859375 43.574359893798828125 43.68566131591796875 43.304386138916015625 42.962001800537109375 42.969661712646484375 42.977321624755859375 42.9281463623046875 42.8546142578125 42.886547088623046875 43.1645660400390625 43.44258880615234375 44.019824981689453125 44.630306243896484375 45.55797576904296875 46.802829742431640625 47.9246826171875 47.939502716064453125 47.95432281494140625 47.797870635986328125 47.568019866943359375 47.269695281982421875 46.81160736083984375 46.353519439697265625 46.47092437744140625 46.652271270751953125 46.700237274169921875 46.614818572998046875 46.467296600341796875 45.760833740234375 45.0543670654296875 44.2400970458984375 43.379619598388671875 42.70648193359375 42.470470428466796875 42.234455108642578125 42.57183074951171875 42.972919464111328125
43.32562255859375 43.7165985107421875 44.082553863525390625 44.2233123779296875 44.364070892333984375 44.08880615234375 43.635250091552734375 43.177764892578125 42.711109161376953125 42.24445343017578125 42.65999603271484375 43.173557281494140625 43.325199127197265625 43.11492156982421875 42.921855926513671875 42.883670806884765625 42.845485687255859375 42.84951019287109375 42.8716278076171875 42.956226348876953125 43.186611175537109375 43.41699981689453125 43.979251861572265625 44.578380584716796875 45.363719940185546875 46.335269927978515625 47.22428131103515625 47.370456695556640625 47.516635894775390625 47.4815826416015625 47.36885833740234375 47.138591766357421875 46.63405609130859375 46.1295166015625 46.18019866943359375 46.292572021484375 46.474758148193359375 46.726757049560546875 46.879360198974609375 46.137371063232421875 45.395381927490234375 44.59113311767578125 43.760196685791015625 43.066257476806640625 42.691974639892578125 42.317691802978515625 42.54682159423828125 42.8430023193359375
43.266117095947265625 43.977325439453125 44.61859130859375 44.63037872314453125 44.642162322998046875 44.370922088623046875 43.97838592529296875 43.4895782470703125 42.77614593505859375 42.062717437744140625 42.3603363037109375 42.770298004150390625 42.96172332763671875 42.934619903564453125 42.900379180908203125 42.8018951416015625 42.703411102294921875 42.746124267578125 42.849346160888671875 42.983425140380859375 43.189510345458984375 43.395595550537109375 43.95276641845703125 44.548946380615234375 45.200885772705078125 45.908580780029296875 46.570644378662109375 46.82204437255859375 47.073444366455078125 47.144298553466796875 47.137775421142578125 46.975620269775390625 46.45032501220703125 45.925029754638671875 45.91658782958984375 45.965572357177734375 46.256557464599609375 46.789539337158203125 47.1927490234375 46.42798614501953125 45.6632232666015625 44.875431060791015625 44.077762603759765625 43.371978759765625 42.880584716796875 42.389190673828125 42.516109466552734375 42.71173095703125
42.83724212646484375 43.645191192626953125 44.3998565673828125 44.674961090087890625 44.950069427490234375 44.605621337890625 43.99564361572265625 43.37133026123046875 42.713558197021484375 42.055789947509765625 42.1581268310546875 42.3449249267578125 42.571132659912109375 42.83675384521484375 43.04692840576171875 42.758083343505859375 42.46923828125 42.419979095458984375 42.4734039306640625 42.628330230712890625 43.020099639892578125 43.411865234375 44.05304718017578125 44.721942901611328125 45.3208465576171875 45.849758148193359375 46.337917327880859375 46.459308624267578125 46.580699920654296875 46.618038177490234375 46.619354248046875 46.52582550048828125 46.210987091064453125 45.896152496337890625 45.89698028564453125 45.932880401611328125 46.103851318359375 46.40988922119140625 46.618045806884765625 45.945278167724609375 45.272510528564453125 44.55907440185546875 43.82820892333984375 43.19118499755859375 42.77313995361328125 42.355091094970703125 42.434047698974609375 42.56822967529296875
42.408367156982421875 43.31305694580078125 44.181118011474609375 44.719547271728515625 45.257976531982421875 44.8403167724609375 44.012905120849609375 43.253082275390625 42.650970458984375 42.048862457275390625 41.955921173095703125 41.919551849365234375 42.1805419921875 42.738887786865234375 43.1934814453125 42.71427154541015625 42.235065460205078125 42.093837738037109375 42.097461700439453125 42.27323150634765625 42.85068511962890625 43.42813873291015625 44.15332794189453125 44.89493560791015625 45.44080352783203125 45.790935516357421875 46.105190277099609375 46.0965728759765625 46.087955474853515625 46.091777801513671875 46.1009368896484375 46.076030731201171875 45.971652984619140625 45.86727142333984375 45.877368927001953125 45.900188446044921875 45.951145172119140625 46.030239105224609375 46.043346405029296875 45.462574005126953125 44.88179779052734375 44.2427215576171875 43.57865142822265625 43.010395050048828125 42.665691375732421875 42.320987701416015625 42.35198974609375 42.424732208251953125
42.273090362548828125 43.073001861572265625 43.8492279052734375 44.41231536865234375 44.97540283203125 44.642398834228515625 43.925357818603515625 43.2465972900390625 42.65716552734375 42.0677337646484375 42.016513824462890625 42.025096893310546875 42.29036712646484375 42.81232452392578125 43.226428985595703125 42.669872283935546875 42.113315582275390625 41.96782684326171875 41.998504638671875 42.2198486328125 42.88607025146484375 43.552288055419921875 44.29904937744140625 45.05475616455078125 45.599216461181640625 45.93242645263671875 46.229084014892578125 46.19675445556640625 46.164424896240234375 46.189365386962890625 46.238849639892578125 46.2144622802734375 46.017696380615234375 45.82093048095703125 45.56204986572265625 45.296268463134765625 45.210163116455078125 45.303730010986328125 45.3687744140625 45.177097320556640625 44.98542022705078125 44.412715911865234375 43.676715850830078125 43.0505218505859375 42.68053436279296875 42.310550689697265625 42.295501708984375 42.31989288330078125
42.263645172119140625 42.872406005859375 43.468841552734375 43.954303741455078125 44.43976593017578125 44.259075164794921875 43.792896270751953125 43.288013458251953125 42.692836761474609375 42.097660064697265625 42.189739227294921875 42.358184814453125 42.61466217041015625 42.95917510986328125 43.210693359375 42.62522125244140625 42.039752960205078125 41.927585601806640625 42.01825714111328125 42.295764923095703125 43.009220123291015625 43.722675323486328125 44.46424102783203125 45.20893096923828125 45.774105072021484375 46.15976715087890625 46.505817413330078125 46.495330810546875 46.484844207763671875 46.55431365966796875 46.658054351806640625 46.60498809814453125 46.186046600341796875 45.7671051025390625 45.119998931884765625 44.447540283203125 44.21706390380859375 44.42856597900390625 44.651397705078125 44.976146697998046875 45.300899505615234375 44.791149139404296875 43.92375946044921875 43.18532562255859375 42.7477874755859375 42.31024932861328125 42.24997711181640625 42.231624603271484375
42.2188720703125 42.643016815185546875 43.071346282958984375 43.537349700927734375 44.003353118896484375 43.923152923583984375 43.608867645263671875 43.232051849365234375 42.7093353271484375 42.186618804931640625 42.405548095703125 42.706882476806640625 42.94940185546875 43.133113861083984375 43.2416839599609375 42.6740264892578125 42.1063690185546875 42.04279327392578125 42.19525146484375 42.514430999755859375 43.222621917724609375 43.930812835693359375 44.62116241455078125 45.309528350830078125 45.8656005859375 46.2893829345703125 46.669544219970703125 46.6571197509765625 46.64469146728515625 46.693279266357421875 46.768016815185546875 46.65830230712890625 46.11820220947265625 45.578098297119140625 44.704074859619140625 43.7929534912109375 43.4517974853515625 43.680614471435546875 43.95133209228515625 44.59917449951171875 45.247020721435546875 44.860500335693359375 44.030681610107421875 43.307209014892578125 42.831874847412109375 42.356540679931640625 42.290737152099609375 42.270435333251953125
42.09168243408203125 42.34642791748046875 42.6339263916015625 43.216197967529296875 43.79846954345703125 43.697834014892578125 43.3045196533203125 42.9488677978515625 42.68109130859375 42.413318634033203125 42.72071075439453125 43.092010498046875 43.308521270751953125 43.37024688720703125 43.381717681884765625 42.940891265869140625 42.500064849853515625 42.520717620849609375 42.73914337158203125 43.06616973876953125 43.64659881591796875 44.227031707763671875 44.7587738037109375 45.285106658935546875 45.76250457763671875 46.190967559814453125 46.569599151611328125 46.499736785888671875 46.42987823486328125 46.304950714111328125 46.15642547607421875 45.9247894287109375 45.499225616455078125 45.07366180419921875 44.34912109375 43.591365814208984375 43.218151092529296875 43.229480743408203125 43.291660308837890625 43.81148529052734375 44.3313140869140625 44.208660125732421875 43.810657501220703125 43.398944854736328125 42.955242156982421875 42.511539459228515625 42.532817840576171875 42.6057586669921875
41.9644927978515625 42.04984283447265625 42.19651031494140625 42.895050048828125 43.593585968017578125 43.47251129150390625 43.000171661376953125 42.665683746337890625 42.652851104736328125 42.6400146484375 43.0358734130859375 43.477138519287109375 43.667644500732421875 43.60738372802734375 43.52175140380859375 43.20775604248046875 42.893764495849609375 42.9986419677734375 43.283031463623046875 43.6179046630859375 44.07057952880859375 44.523250579833984375 44.896389007568359375 45.26068878173828125 45.6594085693359375 46.09255218505859375 46.4696502685546875 46.342357635498046875 46.215061187744140625 45.916622161865234375 45.544834136962890625 45.191272735595703125 44.8802490234375 44.569225311279296875 43.994167327880859375 43.389774322509765625 42.984500885009765625 42.778347015380859375 42.631988525390625 43.02379608154296875 43.4156036376953125 43.556819915771484375 43.590633392333984375 43.490680694580078125 43.078609466552734375 42.666538238525390625 42.774898529052734375 42.941082000732421875
42.46137237548828125 42.56301116943359375 42.7156219482421875 43.32700347900390625 43.938385009765625 43.78363037109375 43.300533294677734375 42.94686126708984375 42.8951873779296875 42.843517303466796875 43.08237457275390625 43.353511810302734375 43.4701690673828125 43.432338714599609375 43.39090728759765625 43.3170318603515625 43.243160247802734375 43.3375091552734375 43.5039520263671875 43.711910247802734375 44.0167388916015625 44.321567535400390625 44.644001007080078125 44.96839141845703125 45.3346710205078125 45.742847442626953125 46.090206146240234375 45.890209197998046875 45.690216064453125 45.378936767578125 45.019969940185546875 44.6930084228515625 44.44074249267578125 44.1884765625 43.7754364013671875 43.34453582763671875 42.99326324462890625 42.721622467041015625 42.522029876708984375 42.97087860107421875 43.4197235107421875 43.514820098876953125 43.45831298828125 43.295352935791015625 42.88401031494140625 42.472667694091796875 42.646091461181640625 42.884487152099609375
43.02759552001953125 43.1661529541015625 43.3410186767578125 43.842639923095703125 44.34426116943359375 44.154354095458984375 43.66808319091796875 43.290744781494140625 43.167591094970703125 43.04444122314453125 43.099025726318359375 43.173358917236328125 43.210849761962890625 43.211498260498046875 43.2299652099609375 43.4087982177734375 43.5876312255859375 43.66092681884765625 43.68898773193359375 43.755054473876953125 43.9098052978515625 44.0645599365234375 44.348278045654296875 44.646327972412109375 44.985309600830078125 45.365222930908203125 45.6797027587890625 45.40531158447265625 45.13092041015625 44.8246612548828125 44.504741668701171875 44.22088623046875 44.02117919921875 43.82147216796875 43.571842193603515625 43.316669464111328125 43.028961181640625 42.708721160888671875 42.473148345947265625 42.99959564208984375 43.526042938232421875 43.540584564208984375 43.335735321044921875 43.068126678466796875 42.654079437255859375 42.240032196044921875 42.476070404052734375 42.78433990478515625
43.965641021728515625 44.066898345947265625 44.18902587890625 44.498981475830078125 44.80893707275390625 44.559001922607421875 44.06911468505859375 43.659423828125 43.436859130859375 43.21429443359375 43.13820648193359375 43.078388214111328125 43.090373992919921875 43.174163818359375 43.283538818359375 43.623195648193359375 43.96285247802734375 44.013423919677734375 43.940097808837890625 43.90880584716796875 43.975589752197265625 44.042377471923828125 44.3408050537109375 44.66497039794921875 44.97446441650390625 45.269283294677734375 45.5018310546875 45.1739349365234375 44.846038818359375 44.550090789794921875 44.267833709716796875 44.013153076171875 43.822826385498046875 43.63249969482421875 43.477054595947265625 43.325489044189453125 43.10585784912109375 42.818164825439453125 42.59815216064453125 42.987239837646484375 43.3763275146484375 43.36515045166015625 43.18243408203125 42.945423126220703125 42.581737518310546875 42.21805572509765625 42.44814300537109375 42.74420928955078125
45.275516510009765625 45.265254974365234375 45.259654998779296875 45.2960357666015625 45.3324127197265625 44.997570037841796875 44.503635406494140625 44.052906036376953125 43.70299530029296875 43.353084564208984375 43.19991302490234375 43.068603515625 43.108745574951171875 43.320331573486328125 43.551624298095703125 43.9602203369140625 44.3688201904296875 44.39499664306640625 44.257282257080078125 44.173160552978515625 44.21408843994140625 44.2550201416015625 44.621578216552734375 45.024318695068359375 45.302135467529296875 45.455028533935546875 45.556583404541015625 45.196075439453125 44.835567474365234375 44.555225372314453125 44.30924224853515625 44.06981658935546875 43.8456878662109375 43.62155914306640625 43.4910736083984375 43.37099456787109375 43.223957061767578125 43.049961090087890625 42.897037506103515625 42.933807373046875 42.97057342529296875 42.988521575927734375 42.99840545654296875 42.92724609375 42.666988372802734375 42.40673065185546875 42.56230926513671875 42.76409149169921875
46.4751129150390625 46.3691864013671875 46.251739501953125 46.030620574951171875 45.80950164794921875 45.38758087158203125 44.879604339599609375 44.387790679931640625 43.93369293212890625 43.4795989990234375 43.26801300048828125 43.083370208740234375 43.1574249267578125 43.490169525146484375 43.8353118896484375 44.292049407958984375 44.748783111572265625 44.74175262451171875 44.5359649658203125 44.400608062744140625 44.429592132568359375 44.4585723876953125 44.88198089599609375 45.349212646484375 45.5926513671875 45.6122894287109375 45.5888214111328125 45.1773834228515625 44.765941619873046875 44.50580596923828125 44.310512542724609375 44.09909820556640625 43.850067138671875 43.601032257080078125 43.5142364501953125 43.445465087890625 43.37021636962890625 43.288486480712890625 43.186618804931640625 42.903476715087890625 42.620330810546875 42.66562652587890625 42.85167694091796875 42.936786651611328125 42.786365509033203125 42.63594818115234375 42.727935791015625 42.846858978271484375
46.682224273681640625 46.623317718505859375 46.5369110107421875 46.20301055908203125 45.869110107421875 45.340572357177734375 44.7286224365234375 44.195308685302734375 43.84548187255859375 43.495655059814453125 43.393611907958984375 43.31909942626953125 43.4788970947265625 43.8730010986328125 44.259456634521484375 44.577083587646484375 44.894710540771484375 44.77510833740234375 44.4681243896484375 44.2958984375 44.43810272216796875 44.580310821533203125 44.959041595458984375 45.364055633544921875 45.548770904541015625 45.513187408447265625 45.41843414306640625 44.791179656982421875 44.1639251708984375 43.9653472900390625 43.950489044189453125 43.881938934326171875 43.6881103515625 43.494281768798828125 43.619716644287109375 43.780620574951171875 43.769924163818359375 43.587627410888671875 43.392421722412109375 43.0810699462890625 42.769718170166015625 42.826320648193359375 43.040615081787109375 43.195758819580078125 43.212894439697265625 43.230030059814453125 43.356739044189453125 43.495624542236328125
46.889331817626953125 46.877445220947265625 46.82208251953125 46.375400543212890625 45.92871856689453125 45.293567657470703125 44.57764434814453125 44.00283050537109375 43.75727081298828125 43.51171112060546875 43.519214630126953125 43.55483245849609375 43.800373077392578125 44.25583648681640625 44.683605194091796875 44.862117767333984375 45.0406341552734375 44.80846405029296875 44.4002838134765625 44.191188812255859375 44.44661712646484375 44.702045440673828125 45.036106109619140625 45.37889862060546875 45.504894256591796875 45.414081573486328125 45.248046875 44.404979705810546875 43.56191253662109375 43.424892425537109375 43.590465545654296875 43.6647796630859375 43.526157379150390625 43.387531280517578125 43.725193023681640625 44.11577606201171875 44.169635772705078125 43.8867645263671875 43.59822845458984375 43.2586669921875 42.91910552978515625 42.987010955810546875 43.229549407958984375 43.45473480224609375 43.639423370361328125 43.8241119384765625 43.985546112060546875 44.1443939208984375
46.894817352294921875 46.893352508544921875 46.8541259765625 46.475063323974609375 46.096004486083984375 45.492527008056640625 44.79286956787109375 44.2569122314453125 44.1029205322265625 43.9489288330078125 43.913055419921875 43.890308380126953125 44.151821136474609375 44.69759368896484375 45.200595855712890625 45.318683624267578125 45.436771392822265625 44.958431243896484375 44.22447967529296875 43.854846954345703125 44.335277557373046875 44.815708160400390625 45.196903228759765625 45.56707000732421875 45.616485595703125 45.34514617919921875 45.016094207763671875 44.167636871337890625 43.319179534912109375 43.1566162109375 43.288013458251953125 43.38838958740234375 43.4163818359375 43.444377899169921875 43.847263336181640625 44.29180145263671875 44.380046844482421875 44.11199951171875 43.834339141845703125 43.47016143798828125 43.105983734130859375 43.037311553955078125 43.09528350830078125 43.197330474853515625 43.40222930908203125 43.607128143310546875 43.820461273193359375 44.03472900390625
