data/rh9ann.asc
ncols        384
nrows        480
xllcorner    138.000000000000
yllcorner    -29.000000000000
cellsize     0.041666666667
NODATA_value -9999
[rows 374 to 395 of 480, columns 0 to 47 of 384]
38.555515289306640625 38.52040863037109375 38.51226043701171875 38.4307708740234375 38.34928131103515625 38.4179534912109375 38.550975799560546875 38.628997802734375 38.578670501708984375 38.52834320068359375 38.29834747314453125 38.048389434814453125 38.030200958251953125 38.2437896728515625 38.428253173828125 38.350597381591796875 38.272945404052734375 38.09328460693359375 37.869915008544921875 37.71584320068359375 37.723476409912109375 37.731105804443359375 37.7432708740234375 37.7559356689453125 37.850383758544921875 38.026615142822265625 38.19110107421875 38.249881744384765625 38.30866241455078125 38.331707000732421875 38.339435577392578125 38.3279571533203125 38.27165985107421875 38.215358734130859375 38.18523406982421875 38.158016204833984375 38.06226348876953125 37.897979736328125 37.7551116943359375 37.80496978759765625 37.854827880859375 37.942272186279296875 38.045825958251953125 38.100864410400390625 38.04270172119140625 37.984539031982421875 37.806697845458984375 37.615558624267578125
38.492977142333984375 38.492977142333984375 38.48368072509765625 38.390727996826171875 38.2977752685546875 38.31273651123046875 38.3739471435546875 38.39270782470703125 38.31243133544921875 38.232151031494140625 38.058956146240234375 37.87543487548828125 37.917354583740234375 38.184719085693359375 38.417713165283203125 38.341365814208984375 38.26502227783203125 38.112590789794921875 37.927555084228515625 37.795013427734375 37.78497314453125 37.774929046630859375 37.80422210693359375 37.83788299560546875 37.913055419921875 38.029743194580078125 38.144207000732421875 38.238643646240234375 38.333080291748046875 38.326793670654296875 38.277339935302734375 38.203296661376953125 38.071872711181640625 37.940448760986328125 37.91555023193359375 37.902492523193359375 37.8795928955078125 37.846851348876953125 37.81856536865234375 37.8303680419921875 37.84217071533203125 37.920421600341796875 38.0271453857421875 38.09552001953125 38.074413299560546875 38.05330657958984375 37.8663330078125 37.660930633544921875
38.479053497314453125 38.465541839599609375 38.45510101318359375 38.35068511962890625 38.246273040771484375 38.207523345947265625 38.1969146728515625 38.156421661376953125 38.046192169189453125 37.935962677001953125 37.8195648193359375 37.702480316162109375 37.80451202392578125 38.125652313232421875 38.40717315673828125 38.332134246826171875 38.2570953369140625 38.131893157958984375 37.98519134521484375 37.874187469482421875 37.846469879150390625 37.818752288818359375 37.86517333984375 37.919826507568359375 37.975727081298828125 38.03287506103515625 38.097316741943359375 38.22740936279296875 38.3574981689453125 38.321880340576171875 38.215244293212890625 38.078632354736328125 37.8720855712890625 37.66553497314453125 37.645870208740234375 37.646968841552734375 37.696918487548828125 37.79572296142578125 37.882015228271484375 37.85576629638671875 37.829517364501953125 37.89856719970703125 38.008464813232421875 38.090175628662109375 38.1061248779296875 38.122074127197265625 37.925968170166015625 37.706302642822265625
38.484432220458984375 38.478641510009765625 38.464752197265625 38.32585906982421875 38.1869659423828125 38.155975341796875 38.171230316162109375 38.149749755859375 38.042545318603515625 37.935344696044921875 37.82573699951171875 37.715862274169921875 37.82422637939453125 38.15082550048828125 38.43326568603515625 38.31829071044921875 38.20331573486328125 38.052154541015625 37.88549041748046875 37.762302398681640625 37.74056243896484375 37.7188262939453125 37.798473358154296875 37.8893890380859375 37.96515655517578125 38.025783538818359375 38.0915069580078125 38.203098297119140625 38.314685821533203125 38.27718353271484375 38.17578125 38.049285888671875 37.864246368408203125 37.67920684814453125 37.60964202880859375 37.552906036376953125 37.609180450439453125 37.77846527099609375 37.93585205078125 37.986133575439453125 38.03641510009765625 38.108333587646484375 38.189525604248046875 38.227626800537109375 38.16519927978515625 38.102771759033203125 37.899921417236328125 37.68146514892578125
38.508556365966796875 38.5091094970703125 38.490787506103515625 38.307552337646484375 38.124317169189453125 38.127429962158203125 38.210407257080078125 38.241481781005859375 38.1514434814453125 38.061405181884765625 37.937152862548828125 37.809101104736328125 37.900753021240234375 38.21210479736328125 38.47505950927734375 38.302471160888671875 38.129878997802734375 37.92996978759765625 37.718353271484375 37.56853485107421875 37.5629119873046875 37.55728912353515625 37.677066802978515625 37.81078338623046875 37.923198699951171875 38.014312744140625 38.103302001953125 38.173183441162109375 38.243061065673828125 38.215435028076171875 38.14601898193359375 38.060791015625 37.9386749267578125 37.816555023193359375 37.6734619140625 37.52803802490234375 37.56212615966796875 37.775730133056640625 37.985565185546875 38.161487579345703125 38.33740997314453125 38.41736602783203125 38.456188201904296875 38.426280975341796875 38.236003875732421875 38.045726776123046875 37.83715057373046875 37.626544952392578125
38.536624908447265625 38.5379180908203125 38.516521453857421875 38.3025665283203125 38.088611602783203125 38.094028472900390625 38.193462371826171875 38.238132476806640625 38.15502166748046875 38.071910858154296875 37.974323272705078125 37.875125885009765625 37.97487640380859375 38.27358245849609375 38.521656036376953125 38.31404876708984375 38.1064453125 37.85589599609375 37.586944580078125 37.40422821044921875 37.422718048095703125 37.441204071044921875 37.591747283935546875 37.7569580078125 37.88590240478515625 37.978580474853515625 38.066387176513671875 38.110340118408203125 38.15428924560546875 38.132648468017578125 38.082889556884765625 38.0370025634765625 38.00014495849609375 37.963287353515625 37.8414459228515625 37.7101593017578125 37.75080108642578125 37.96337890625 38.173465728759765625 38.361186981201171875 38.548908233642578125 38.629154205322265625 38.6633453369140625 38.6158447265625 38.377742767333984375 38.139644622802734375 37.9281158447265625 37.71954345703125
38.562847137451171875 38.562847137451171875 38.54155731201171875 38.32866668701171875 38.11577606201171875 38.04929351806640625 38.04555511474609375 38.012920379638671875 37.912860870361328125 37.81280517578125 37.83824920654296875 37.8776397705078125 38.043399810791015625 38.3355255126953125 38.5794525146484375 38.389560699462890625 38.199672698974609375 37.894084930419921875 37.538913726806640625 37.3086700439453125 37.36992645263671875 37.431182861328125 37.59061431884765625 37.760951995849609375 37.8594970703125 37.8862457275390625 37.915805816650390625 37.970661163330078125 38.025516510009765625 38.00077056884765625 37.941913604736328125 37.93087005615234375 38.03139495849609375 38.13191986083984375 38.252475738525390625 38.375255584716796875 38.489513397216796875 38.595256805419921875 38.683811187744140625 38.617687225341796875 38.55156707763671875 38.614048004150390625 38.731647491455078125 38.784206390380859375 38.68500518798828125 38.585803985595703125 38.37779998779296875 38.15770721435546875
38.561737060546875 38.58777618408203125 38.56659698486328125 38.354766845703125 38.142940521240234375 38.004558563232421875 37.897647857666015625 37.78771209716796875 37.670703887939453125 37.5536956787109375 37.702175140380859375 37.880153656005859375 38.111919403076171875 38.397472381591796875 38.637248992919921875 38.4650726318359375 38.29290008544921875 37.93227386474609375 37.490879058837890625 37.213108062744140625 37.317134857177734375 37.421161651611328125 37.589481353759765625 37.76494598388671875 37.833087921142578125 37.793910980224609375 37.765228271484375 37.830982208251953125 37.896739959716796875 37.868892669677734375 37.800933837890625 37.824733734130859375 38.06264495849609375 38.3005523681640625 38.66350555419921875 39.04035186767578125 39.228229522705078125 39.22713470458984375 39.194156646728515625 38.8741912841796875 38.554225921630859375 38.598941802978515625 38.79994964599609375 38.952564239501953125 38.9922637939453125 39.031963348388671875 38.827480316162109375 38.595867156982421875
38.531688690185546875 38.53458404541015625 38.51499176025390625 38.31906890869140625 38.123149871826171875 37.970439910888671875 37.83625030517578125 37.7108001708984375 37.605743408203125 37.5006866455078125 37.706958770751953125 37.947818756103515625 38.214488983154296875 38.5069580078125 38.7520904541015625 38.571163177490234375 38.39023590087890625 38.090023040771484375 37.73868560791015625 37.510650634765625 37.570331573486328125 37.630008697509765625 37.7196502685546875 37.8126220703125 37.83686065673828125 37.7923736572265625 37.758907318115234375 37.824665069580078125 37.890422821044921875 37.917621612548828125 37.928295135498046875 37.989887237548828125 38.170284271240234375 38.350677490234375 38.677371978759765625 39.02031707763671875 39.2128143310546875 39.25485992431640625 39.2635498046875 38.972072601318359375 38.680591583251953125 38.744609832763671875 38.960979461669921875 39.124523162841796875 39.164813995361328125 39.205104827880859375 39.03948974609375 38.850994110107421875
38.474674224853515625 38.472705841064453125 38.454868316650390625 38.2765045166015625 38.098140716552734375 37.937503814697265625 37.78446197509765625 37.650363922119140625 37.5604705810546875 37.47057342529296875 37.727386474609375 38.022724151611328125 38.32083892822265625 38.621730804443359375 38.873271942138671875 38.6806488037109375 38.488025665283203125 38.26105499267578125 38.0193634033203125 37.851871490478515625 37.857524871826171875 37.8631744384765625 37.864406585693359375 37.86515045166015625 37.84398651123046875 37.800922393798828125 37.768619537353515625 37.833164215087890625 37.89771270751953125 37.986415863037109375 38.08547210693359375 38.1851806640625 38.286407470703125 38.387638092041015625 38.647106170654296875 38.924160003662109375 39.11360931396484375 39.2154541015625 39.283954620361328125 39.05233001708984375 38.820705413818359375 38.908138275146484375 39.1323089599609375 39.296886444091796875 39.32239532470703125 39.34790802001953125 39.225086212158203125 39.085784912109375
38.41869354248046875 38.416728973388671875 38.40105438232421875 38.244297027587890625 38.087535858154296875 37.927600860595703125 37.76630401611328125 37.625579833984375 37.5328521728515625 37.44012451171875 37.69660186767578125 37.99188232421875 38.31568145751953125 38.66800689697265625 38.96484375 38.7622833251953125 38.559726715087890625 38.349437713623046875 38.135837554931640625 37.988216400146484375 37.994556427001953125 38.000896453857421875 37.974613189697265625 37.944705963134765625 37.903820037841796875 37.851947784423828125 37.811893463134765625 37.878170013427734375 37.944446563720703125 38.0765838623046875 38.236942291259765625 38.373348236083984375 38.453861236572265625 38.534374237060546875 38.7363433837890625 38.951808929443359375 39.119335174560546875 39.238922119140625 39.327388763427734375 39.13578033447265625 38.94417572021484375 39.0078125 39.180843353271484375 39.312786102294921875 39.348865509033203125 39.38494110107421875 39.28296661376953125 39.1656494140625
38.3756256103515625 38.366649627685546875 38.35353851318359375 38.222442626953125 38.091342926025390625 37.940738677978515625 37.781780242919921875 37.636444091796875 37.52288818359375 37.409336090087890625 37.61460113525390625 37.855289459228515625 38.1990203857421875 38.645786285400390625 39.02680206298828125 38.816066741943359375 38.6053314208984375 38.355167388916015625 38.088104248046875 37.91968536376953125 37.981426239013671875 38.043170928955078125 38.050266265869140625 38.05129241943359375 38.016353607177734375 37.945453643798828125 37.888736724853515625 37.959682464599609375 38.030628204345703125 38.188121795654296875 38.3827056884765625 38.55438995361328125 38.672637939453125 38.790889739990234375 38.945079803466796875 39.103267669677734375 39.229991912841796875 39.32526397705078125 39.39385986328125 39.22243499755859375 39.051006317138671875 39.043636322021484375 39.10657501220703125 39.172229766845703125 39.244213104248046875 39.31620025634765625 39.213123321533203125 39.0905914306640625
38.42429351806640625 38.343502044677734375 38.332744598388671875 38.225170135498046875 38.11759185791015625 37.973224639892578125 37.81308746337890625 37.66205596923828125 37.532260894775390625 37.4024658203125 37.55901336669921875 37.747379302978515625 38.10669708251953125 38.636974334716796875 39.092021942138671875 38.870025634765625 38.648029327392578125 38.364711761474609375 38.05511474609375 37.8703460693359375 37.976840972900390625 38.083339691162109375 38.11794281005859375 38.144557952880859375 38.115169525146484375 38.029781341552734375 37.960620880126953125 38.0375518798828125 38.11447906494140625 38.296398162841796875 38.5233154296875 38.728759765625 38.884105682373046875 39.03945159912109375 39.14885711669921875 39.2531585693359375 39.3407745361328125 39.411708831787109375 39.46027374267578125 39.307506561279296875 39.154735565185546875 39.081012725830078125 39.04116058349609375 39.042816162109375 39.14131927490234375 39.239826202392578125 39.134613037109375 39.00676727294921875
38.562725067138671875 38.562725067138671875 38.552398681640625 38.449138641357421875 38.34587860107421875 38.179836273193359375 37.986888885498046875 37.82039642333984375 37.715625762939453125 37.610858917236328125 37.74114990234375 37.89756011962890625 38.233455657958984375 38.74883270263671875 39.18657684326171875 38.92557525634765625 38.66457366943359375 38.40860748291015625 38.1548004150390625 37.993755340576171875 38.049160003662109375 38.104564666748046875 38.113826751708984375 38.1179656982421875 38.09052276611328125 38.0315093994140625 37.987865447998046875 38.082607269287109375 38.17734527587890625 38.375324249267578125 38.61754608154296875 38.84310150146484375 39.0297698974609375 39.21643829345703125 39.307987213134765625 39.38896942138671875 39.452678680419921875 39.499114990234375 39.52613067626953125 39.378353118896484375 39.230579376220703125 39.132366180419921875 39.05539703369140625 39.01367950439453125 39.054210662841796875 39.0947418212890625 38.9781036376953125 38.844005584716796875
38.751758575439453125 38.781948089599609375 38.77205657958984375 38.6731109619140625 38.57416534423828125 38.386447906494140625 38.160694122314453125 37.97873687744140625 37.89899444580078125 37.819248199462890625 37.92328643798828125 38.047740936279296875 38.360210418701171875 38.86069488525390625 39.2811279296875 38.9811248779296875 38.681118011474609375 38.452503204345703125 38.254482269287109375 38.11716461181640625 38.121479034423828125 38.125789642333984375 38.109714508056640625 38.09136962890625 38.06587982177734375 38.033237457275390625 38.01511383056640625 38.12766265869140625 38.24021148681640625 38.45424652099609375 38.7117767333984375 38.9574432373046875 39.175434112548828125 39.39342498779296875 39.467121124267578125 39.5247802734375 39.564579010009765625 39.586521148681640625 39.59198760986328125 39.4492034912109375 39.30641937255859375 39.18372344970703125 39.06963348388671875 38.984539031982421875 38.96710205078125 38.9496612548828125 38.821598052978515625 38.681243896484375
38.8976593017578125 38.9105987548828125 38.895847320556640625 38.748348236083984375 38.6008453369140625 38.436145782470703125 38.264072418212890625 38.111713409423828125 38.005344390869140625 37.89897918701171875 37.97603607177734375 38.0734710693359375 38.31018829345703125 38.68618011474609375 39.0017547607421875 38.77355194091796875 38.54534912109375 38.378658294677734375 38.2383270263671875 38.140888214111328125 38.143535614013671875 38.14618682861328125 38.123142242431640625 38.097240447998046875 38.071140289306640625 38.044834136962890625 38.02986907958984375 38.11696624755859375 38.204059600830078125 38.3940887451171875 38.62822723388671875 38.866458892822265625 39.11423492431640625 39.362010955810546875 39.44110107421875 39.501445770263671875 39.54080963134765625 39.5591888427734375 39.56174468994140625 39.421833038330078125 39.281925201416015625 39.158233642578125 39.041492462158203125 38.9465179443359375 38.90232086181640625 38.858127593994140625 38.709049224853515625 38.548313140869140625
38.99649810791015625 39.000431060791015625 38.978557586669921875 38.7598419189453125 38.541126251220703125 38.418590545654296875 38.33727264404296875 38.2338104248046875 38.0786895751953125 37.923572540283203125 37.973339080810546875 38.045867919921875 38.1844024658203125 38.38893890380859375 38.562129974365234375 38.453212738037109375 38.34429931640625 38.2543487548828125 38.17252349853515625 38.12189483642578125 38.1440582275390625 38.16622161865234375 38.144084930419921875 38.11702728271484375 38.0892181396484375 38.06066131591796875 38.039272308349609375 38.08237457275390625 38.125476837158203125 38.274326324462890625 38.4684906005859375 38.68747711181640625 38.964382171630859375 39.241283416748046875 39.33573150634765625 39.40990447998046875 39.458889007568359375 39.48268890380859375 39.490314483642578125 39.3523712158203125 39.214427947998046875 39.099811553955078125 38.995189666748046875 38.90468597412109375 38.84711456298828125 38.789546966552734375 38.615337371826171875 38.42816925048828125
39.06928253173828125 39.078460693359375 39.0525360107421875 38.79326629638671875 38.53399658203125 38.44246673583984375 38.422821044921875 38.352752685546875 38.165012359619140625 37.977275848388671875 38.00146484375 38.049198150634765625 38.11202239990234375 38.1899261474609375 38.25766754150390625 38.23389434814453125 38.21012115478515625 38.174102783203125 38.132831573486328125 38.11440277099609375 38.14925384521484375 38.18410491943359375 38.161563873291015625 38.1326446533203125 38.10179901123046875 38.06903076171875 38.03978729248046875 38.042293548583984375 38.0447998046875 38.1578216552734375 38.318202972412109375 38.5200042724609375 38.818439483642578125 39.116878509521484375 39.222515106201171875 39.30672454833984375 39.361736297607421875 39.387546539306640625 39.39734649658203125 39.26308441162109375 39.128818511962890625 39.02642822265625 38.937702178955078125 38.85286712646484375 38.777111053466796875 38.70135498046875 38.506744384765625 38.298931121826171875
39.128955841064453125 39.128955841064453125 39.106128692626953125 38.877849578857421875 38.649570465087890625 38.563014984130859375 38.537197113037109375 38.464313507080078125 38.2816162109375 38.098918914794921875 38.101520538330078125 38.1247100830078125 38.16424560546875 38.220123291015625 38.268585205078125 38.250278472900390625 38.231967926025390625 38.19666290283203125 38.15407562255859375 38.133747100830078125 38.1653594970703125 38.19696807861328125 38.170955657958984375 38.138538360595703125 38.1015472412109375 38.059986114501953125 38.019565582275390625 37.98940277099609375 37.959239959716796875 38.048923492431640625 38.189971923828125 38.3793792724609375 38.68163299560546875 38.983890533447265625 39.090984344482421875 39.176395416259765625 39.229038238525390625 39.24890899658203125 39.2541351318359375 39.127536773681640625 39.000934600830078125 38.9181365966796875 38.854114532470703125 38.777744293212890625 38.67256927490234375 38.567394256591796875 38.36342620849609375 38.148479461669921875
39.182231903076171875 39.17945098876953125 39.15972137451171875 38.962432861328125 38.76514434814453125 38.683563232421875 38.65157318115234375 38.575878143310546875 38.398220062255859375 38.22055816650390625 38.201572418212890625 38.20021820068359375 38.21646881103515625 38.2503204345703125 38.27950286865234375 38.266658782958984375 38.253814697265625 38.219226837158203125 38.175319671630859375 38.1530914306640625 38.181461334228515625 38.20983123779296875 38.1803436279296875 38.14443206787109375 38.10129547119140625 38.05094146728515625 37.999340057373046875 37.936511993408203125 37.87368011474609375 37.940029144287109375 38.061737060546875 38.2387542724609375 38.544826507568359375 38.850902557373046875 38.959453582763671875 39.046062469482421875 39.09633636474609375 39.1102752685546875 39.11092376708984375 38.9919891357421875 38.873050689697265625 38.809844970703125 38.770526885986328125 38.702625274658203125 38.56803131103515625 38.433437347412109375 38.2201080322265625 37.9980316162109375
39.238597869873046875 39.23828887939453125 39.22259521484375 39.06565093994140625 38.908710479736328125 38.84514617919921875 38.821605682373046875 38.765869140625 38.635009765625 38.504150390625 38.459217071533203125 38.423831939697265625 38.409816741943359375 38.41717529296875 38.42102813720703125 38.39334869384765625 38.365673065185546875 38.29559326171875 38.20733642578125 38.162494659423828125 38.21894073486328125 38.275386810302734375 38.237335205078125 38.188777923583984375 38.125926971435546875 38.0487823486328125 37.972015380859375 37.898632049560546875 37.825252532958984375 37.866847991943359375 37.957721710205078125 38.10039520263671875 38.363933563232421875 38.627471923828125 38.78664398193359375 38.934215545654296875 39.006443023681640625 39.003322601318359375 38.986026763916015625 38.841144561767578125 38.696262359619140625 38.608646392822265625 38.54557037353515625 38.46704864501953125 38.35248565673828125 38.237918853759765625 38.081024169921875 37.91942596435546875
39.294773101806640625 39.298053741455078125 39.286495208740234375 39.170940399169921875 39.055385589599609375 39.01129150390625 38.99782562255859375 38.964572906494140625 38.885150909423828125 38.80573272705078125 38.734371185302734375 38.66390228271484375 38.6188507080078125 38.599212646484375 38.577060699462890625 38.53229522705078125 38.487529754638671875 38.377933502197265625 38.2405548095703125 38.1707916259765625 38.25879669189453125 38.3468017578125 38.299610137939453125 38.237400054931640625 38.153324127197265625 38.047389984130859375 37.943897247314453125 37.862422943115234375 37.780948638916015625 37.797637939453125 37.856395721435546875 37.962284088134765625 38.17813873291015625 38.3939971923828125 38.609241485595703125 38.824420928955078125 38.92130279541015625 38.899890899658203125 38.86316680908203125 38.68860626220703125 38.51404571533203125 38.397125244140625 38.30490875244140625 38.21364593505859375 38.124607086181640625 38.035564422607421875 37.942413330078125 37.84880828857421875
