data/rh9ann.asc
ncols        384
nrows        480
xllcorner    138.000000000000
yllcorner    -29.000000000000
cellsize     0.041666666667
NODATA_value -9999
[rows 0 to 21 of 480, columns 192 to 239 of 384]
-9999 -9999 -9999 -9999 -9999 -9999 82.135101318359375 82.135101318359375 82.135101318359375 82.1708984375 82.24646759033203125 82.2888336181640625 82.1891937255859375 81.93541717529296875 81.5269775390625 81.03685760498046875 80.4702606201171875 79.89942169189453125 79.34432220458984375 78.85453033447265625 78.4313201904296875 77.73744964599609375 76.6910858154296875 75.6316375732421875 75.21579742431640625 75.4765472412109375 76.054229736328125 76.60941314697265625 76.970703125 77.08392333984375 77.067657470703125 77.3722381591796875 78.0720977783203125 78.9617462158203125 79.75484466552734375 79.82199859619140625 78.62070465087890625 76.2657623291015625 74.332977294921875 73.4517364501953125 73.9217071533203125 74.9699859619140625 76.5103759765625 77.93695068359375 79.0762176513671875 79.6716766357421875 79.8863677978515625 79.5953826904296875
-9999 -9999 -9999 -9999 -9999 -9999 82.135101318359375 82.135101318359375 82.135101318359375 82.135101318359375 82.24249267578125 82.36181640625 82.26218414306640625 81.9435882568359375 81.60048675537109375 81.03685760498046875 80.4732208251953125 79.90069580078125 79.32434844970703125 78.80792999267578125 78.4313201904296875 78.0547027587890625 76.7263336181640625 75.29221343994140625 74.876373291015625 75.47879791259765625 76.0744781494140625 76.60941314697265625 77.14434814453125 77.1583404541015625 76.94907379150390625 77.095550537109375 78.0720977783203125 79.04863739013671875 79.76450347900390625 80.4514007568359375 79.25009918212890625 76.16060638427734375 73.3865814208984375 73.4517364501953125 73.5168914794921875 74.7964935302734375 76.59656524658203125 78.13806915283203125 79.0762176513671875 80.01436614990234375 79.92444610595703125 79.72029876708984375
-9999 -9999 -9999 -9999 -9999 -9999 82.135101318359375 82.135101318359375 82.135101318359375 82.135101318359375 82.24249267578125 82.36181640625 82.26218414306640625 81.9435882568359375 81.60248565673828125 81.06940460205078125 80.55493927001953125 80.003143310546875 79.4303741455078125 78.90845489501953125 78.50518035888671875 78.10190582275390625 76.75479888916015625 75.30281829833984375 74.84200286865234375 75.3723602294921875 75.90464019775390625 76.4542236328125 77.0037994384765625 77.0236358642578125 76.816436767578125 76.963043212890625 77.93520355224609375 78.90735626220703125 79.58672332763671875 80.233551025390625 79.08309173583984375 76.13533782958984375 73.49388885498046875 73.6091766357421875 73.72446441650390625 74.92710113525390625 76.5957489013671875 78.0258941650390625 78.89955902099609375 79.77321624755859375 79.70725250244140625 79.5368804931640625
-9999 -9999 -9999 -9999 -9999 -9999 82.135101318359375 82.135101318359375 82.135101318359375 82.135101318359375 82.24249267578125 82.36181640625 82.26218414306640625 81.9435882568359375 81.638031005859375 81.50243377685546875 81.42177581787109375 81.02765655517578125 80.49060821533203125 79.9137115478515625 79.24379730224609375 78.57389068603515625 77.0393829345703125 75.4088134765625 74.49835968017578125 74.30803680419921875 74.20633697509765625 74.9023284912109375 75.59832763671875 75.6765594482421875 75.4900360107421875 75.6379547119140625 76.5662384033203125 77.49452972412109375 77.80892181396484375 78.0550994873046875 77.41300201416015625 75.88263702392578125 74.5669708251953125 75.18359375 75.80020904541015625 76.2332305908203125 76.587554931640625 76.9042205810546875 77.13298797607421875 77.36174774169921875 77.53528594970703125 77.70269012451171875
-9999 -9999 -9999 -9999 -9999 -9999 82.135101318359375 82.135101318359375 82.135101318359375 82.1708984375 82.24646759033203125 82.2888336181640625 82.1891937255859375 81.94793701171875 81.6946868896484375 81.92029571533203125 82.3899993896484375 82.0521697998046875 81.55084991455078125 80.9189605712890625 79.982421875 79.0458831787109375 77.323974609375 75.51480865478515625 74.15471649169921875 73.24370574951171875 72.50803375244140625 73.35044097900390625 74.1928558349609375 74.3294830322265625 74.16362762451171875 74.31285858154296875 75.1972808837890625 76.0817108154296875 76.03112030029296875 75.87664031982421875 75.74291229248046875 75.62993621826171875 75.64005279541015625 76.75800323486328125 77.8759613037109375 77.5393524169921875 76.57936859130859375 75.78253936767578125 75.3664093017578125 74.950286865234375 75.3633270263671875 75.868499755859375
-9999 -9999 -9999 -9999 -9999 -9999 82.135101318359375 82.135101318359375 82.14703369140625 82.1841583251953125 82.2353973388671875 82.2415008544921875 82.14199066162109375 81.943939208984375 82.12897491455078125 82.53726959228515625 82.64925384521484375 82.4026336669921875 82.05031585693359375 81.51399993896484375 80.54833984375 79.5826873779296875 77.85955047607421875 76.05225372314453125 74.49407958984375 73.18502044677734375 72.07105255126953125 72.71288299560546875 73.354705810546875 73.49462890625 73.4194488525390625 73.61042022705078125 74.42241668701171875 75.234405517578125 75.0707244873046875 74.79863739013671875 74.74236297607421875 74.9019012451171875 75.1938629150390625 76.67761993408203125 78.161376953125 78.37697601318359375 78.0490875244140625 77.36092376708984375 75.8321075439453125 74.3032989501953125 74.31795501708984375 74.5041046142578125
-9999 -9999 -9999 -9999 -9999 -9999 -9999 -9999 -9999 -9999 -9999 -9999 -9999 -9999 82.4764251708984375 82.54470062255859375 82.5725555419921875 82.46422576904296875 82.3094635009765625 81.93323516845703125 81.040252685546875 80.14727020263671875 78.50269317626953125 76.77460479736328125 75.12615203857421875 73.5573272705078125 72.17464447021484375 72.46717071533203125 72.75969696044921875 72.879302978515625 72.92479705810546875 73.17484283447265625 73.90215301513671875 74.6294708251953125 74.4606475830078125 74.1922607421875 74.02875518798828125 73.97015380859375 74.09654998779296875 75.888031005859375 77.67951202392578125 79.01381683349609375 80.15219879150390625 80.09647369384765625 77.25449371337890625 74.4125213623046875 73.75540924072265625 73.34105682373046875
-9999 -9999 -9999 -9999 -9999 -9999 -9999 -9999 -9999 -9999 -9999 -9999 -9999 -9999 82.31634521484375 82.34729766845703125 82.41229248046875 82.4208831787109375 82.43315887451171875 82.21148681640625 81.44394683837890625 80.67641448974609375 79.18572998046875 77.61469268798828125 75.9372406005859375 74.15338134765625 72.53560638427734375 72.4126739501953125 72.28973388671875 72.33019256591796875 72.440673828125 72.73297119140625 73.44951629638671875 74.16605377197265625 74.10436248779296875 73.95619964599609375 73.7554168701171875 73.5019989013671875 73.4511566162109375 75.2234344482421875 76.99571990966796875 79.00695037841796875 81.1205902099609375 81.6013641357421875 78.272125244140625 74.9428863525390625 73.66931915283203125 72.6241607666015625
-9999 -9999 -9999 -9999 -9999 -9999 -9999 -9999 -9999 -9999 -9999 -9999 -9999 -9999 82.070892333984375 82.057037353515625 82.057037353515625 82.13269805908203125 82.2407989501953125 82.16077423095703125 81.641815185546875 81.12286376953125 79.96185302734375 78.72949981689453125 77.166046142578125 75.271484375 73.497100830078125 72.8043365478515625 72.11156463623046875 71.93560791015625 71.98113250732421875 72.276458740234375 73.1546478271484375 74.03284454345703125 74.3402557373046875 74.5842437744140625 74.5093536376953125 74.1155853271484375 73.86022186279296875 74.85050201416015625 75.84078216552734375 77.49810028076171875 79.4412841796875 80.2346954345703125 78.345306396484375 76.45592498779296875 74.694976806640625 72.94830322265625
-9999 -9999 -9999 -9999 -9999 -9999 -9999 -9999 -9999 -9999 -9999 -9999 -9999 -9999 81.84980010986328125 81.80835723876953125 81.70177459716796875 81.84452056884765625 82.04843902587890625 82.1100616455078125 81.83968353271484375 81.569305419921875 80.73796844482421875 79.84430694580078125 78.39484405517578125 76.38958740234375 74.45859527587890625 73.1959991455078125 71.9333953857421875 71.541015625 71.52158355712890625 71.81993865966796875 72.8597869873046875 73.89963531494140625 74.576141357421875 75.2122802734375 75.2632904052734375 74.7291717529296875 74.269287109375 74.477569580078125 74.68584442138671875 75.9892425537109375 77.7619781494140625 78.86803436279296875 78.41849517822265625 77.96895599365234375 75.72063446044921875 73.2724456787109375
-9999 -9999 -9999 -9999 -9999 -9999 -9999 -9999 -9999 -9999 -9999 -9999 -9999 -9999 81.71954345703125 81.68401336669921875 81.66625213623046875 81.815704345703125 82.02919769287109375 82.1049957275390625 81.85947418212890625 81.61395263671875 81.03464508056640625 80.6167449951171875 79.67032623291015625 78.09743499755859375 76.5290069580078125 75.00075531005859375 73.47251129150390625 72.65018463134765625 72.130401611328125 71.97271728515625 72.659912109375 73.34710693359375 74.3463134765625 75.38018798828125 75.73628997802734375 75.4146270751953125 75.12125396728515625 75.08252716064453125 75.0438079833984375 75.85401153564453125 77.02803802490234375 78.02056884765625 78.58960723876953125 79.15863800048828125 77.12939453125 74.81145477294921875
-9999 -9999 -9999 -9999 -9999 -9999 -9999 -9999 -9999 -9999 -9999 -9999 -9999 -9999 81.67513275146484375 81.66625213623046875 81.7409820556640625 81.8370513916015625 81.98329925537109375 81.99788665771484375 81.85947418212890625 81.50269317626953125 81.371490478515625 81.4962005615234375 80.95099639892578125 79.8708038330078125 78.722625732421875 76.96253204345703125 75.20243072509765625 73.92644500732421875 72.85793304443359375 72.1931915283203125 72.4705963134765625 72.74799346923828125 74.06473541259765625 75.4969635009765625 76.178070068359375 76.108062744140625 76.022430419921875 75.796142578125 75.56986236572265625 75.87139892578125 76.399139404296875 77.23079681396484375 78.77159881591796875 80.3123931884765625 78.580718994140625 76.485443115234375
-9999 -9999 -9999 -9999 -9999 -9999 -9999 -9999 -9999 -9999 -9999 -9999 -9999 -9999 81.66625213623046875 81.70361328125 81.7480926513671875 81.8537750244140625 81.93941497802734375 81.9468841552734375 81.78668212890625 81.7888031005859375 81.95444488525390625 82.09590911865234375 81.763763427734375 81.09946441650390625 80.33293914794921875 78.64633941650390625 76.9597320556640625 75.45491790771484375 74.02801513671875 72.9653472900390625 72.7525787353515625 72.53980255126953125 73.567718505859375 74.73348236083984375 75.3990478515625 75.564422607421875 75.69474029541015625 75.5095672607421875 75.3243865966796875 75.4051666259765625 75.59991455078125 76.32991790771484375 78.308807373046875 80.2877044677734375 79.08945465087890625 77.53818511962890625
-9999 -9999 -9999 -9999 -9999 -9999 -9999 -9999 -9999 -9999 -9999 -9999 -9999 -9999 -9999 -9999 -9999 -9999 -9999 -9999 -9999 82.157684326171875 82.25591278076171875 82.27123260498046875 82.1086273193359375 81.783416748046875 81.35994720458984375 80.05218505859375 78.744415283203125 77.23561859130859375 75.64066314697265625 74.28919219970703125 73.50586700439453125 72.7225341796875 72.85524749755859375 73.0897369384765625 73.39922332763671875 73.7837066650390625 74.1381988525390625 74.22278594970703125 74.307373046875 74.45529937744140625 74.63037872314453125 75.31792449951171875 77.2012481689453125 79.084564208984375 78.65558624267578125 77.9696807861328125
-9999 -9999 -9999 -9999 -9999 -9999 -9999 -9999 -9999 -9999 -9999 -9999 -9999 -9999 -9999 -9999 -9999 -9999 -9999 -9999 -9999 82.21161651611328125 82.26268768310546875 82.4005889892578125 82.39691925048828125 82.38957977294921875 82.2894287109375 81.353973388671875 80.41851043701171875 78.92485809326171875 77.1919708251953125 75.58657073974609375 74.27864837646484375 72.9707183837890625 72.2671661376953125 71.63076019287109375 71.58385467529296875 72.1264495849609375 72.65010833740234375 73.00328826904296875 73.356475830078125 73.56186676025390625 73.70392608642578125 74.321044921875 76.0466461181640625 77.772247314453125 78.07546234130859375 78.2206268310546875
-9999 -9999 -9999 -9999 -9999 -9999 -9999 -9999 -9999 -9999 -9999 -9999 -9999 -9999 -9999 -9999 -9999 -9999 -9999 -9999 -9999 82.09239959716796875 82.11624908447265625 82.11624908447265625 82.1760711669921875 82.29571533203125 82.34120941162109375 81.71927642822265625 81.09735107421875 79.79094696044921875 78.19120025634765625 76.64571380615234375 75.2268524169921875 73.80799102783203125 72.798583984375 71.8346710205078125 71.42859649658203125 71.58036041259765625 71.778076171875 72.38933563232421875 73.0005950927734375 73.17627716064453125 73.165283203125 73.4601593017578125 74.46874237060546875 75.477325439453125 76.17901611328125 76.84661102294921875
-9999 -9999 -9999 -9999 -9999 -9999 -9999 -9999 -9999 -9999 -9999 -9999 -9999 -9999 -9999 -9999 -9999 -9999 -9999 -9999 -9999 81.93459320068359375 81.89826202392578125 81.83191680908203125 81.955230712890625 82.2018585205078125 82.39298248291015625 82.08458709716796875 81.77619171142578125 80.65704345703125 79.1904296875 77.704864501953125 76.17505645751953125 74.64525604248046875 73.3300018310546875 72.03858184814453125 71.27333831787109375 71.034271240234375 70.90604400634765625 71.77538299560546875 72.64472198486328125 72.79068756103515625 72.62664031982421875 72.599273681640625 72.890838623046875 73.182403564453125 74.2825775146484375 75.47260284423828125
-9999 -9999 -9999 -9999 -9999 -9999 -9999 -9999 -9999 -9999 -9999 -9999 -9999 -9999 -9999 -9999 -9999 -9999 -9999 -9999 -9999 81.81137847900390625 81.7892608642578125 81.746612548828125 81.88897705078125 82.17369842529296875 82.40851593017578125 82.19417572021484375 81.9798431396484375 80.9876708984375 79.961456298828125 78.9422149658203125 77.44454193115234375 75.94686126708984375 74.41687774658203125 72.88329315185546875 71.7500457763671875 71.01712799072265625 70.44130706787109375 71.2794189453125 72.117523193359375 72.24039459228515625 72.0567474365234375 71.9077606201171875 71.8396453857421875 71.77153778076171875 72.80377197265625 73.95825958251953125
-9999 -9999 -9999 -9999 -9999 -9999 -9999 -9999 -9999 -9999 -9999 -9999 -9999 -9999 -9999 -9999 -9999 -9999 -9999 -9999 -9999 81.76793670654296875 81.746612548828125 81.8177947998046875 81.936431884765625 82.15706634521484375 82.25879669189453125 82.19417572021484375 81.7205657958984375 81.09017181396484375 80.80998992919921875 80.25594329833984375 78.85170745849609375 77.447479248046875 75.7418060302734375 74.00263214111328125 72.497589111328125 71.2266693115234375 70.15113067626953125 70.834014892578125 71.51689910888671875 71.6195220947265625 71.4734649658203125 71.2888336181640625 71.01419830322265625 70.73955535888671875 71.50394439697265625 72.3837738037109375
-9999 -9999 -9999 -9999 -9999 -9999 -9999 -9999 -9999 -9999 -9999 -9999 -9999 -9999 -9999 -9999 -9999 -9999 -9999 -9999 -9999 81.746612548828125 81.78220367431640625 81.83361053466796875 81.970428466796875 82.117431640625 82.20334625244140625 82.0578460693359375 81.745361328125 81.560943603515625 81.71190643310546875 81.345428466796875 80.12381744384765625 78.90221405029296875 77.14617156982421875 75.33075714111328125 73.4996795654296875 71.65293121337890625 70.03331756591796875 70.45784759521484375 70.88238525390625 70.92708587646484375 70.8090057373046875 70.6541900634765625 70.413665771484375 70.17313385009765625 70.6956329345703125 71.30290985107421875
-9999 -9999 -9999 -9999 -9999 -9999 -9999 -9999 -9999 -9999 -9999 -9999 -9999 -9999 -9999 -9999 -9999 -9999 -9999 -9999 -9999 -9999 -9999 -9999 -9999 -9999 -9999 -9999 82.06571197509765625 82.1609344482421875 82.1609344482421875 81.91167449951171875 81.08078765869140625 80.249908447265625 78.73592376708984375 77.14603424072265625 75.0956878662109375 72.584869384765625 70.31769561767578125 70.2432403564453125 70.16878509521484375 70.0676727294921875 69.95513153076171875 69.98287200927734375 70.33794403076171875 70.69301605224609375 71.0341949462890625 71.3738250732421875
-9999 -9999 -9999 -9999 -9999 -9999 -9999 -9999 -9999 -9999 -9999 -9999 -9999 -9999 -9999 -9999 -9999 -9999 -9999 -9999 -9999 -9999 -9999 -9999 -9999 -9999 -9999 -9999 82.4228668212890625 82.47525787353515625 82.60996246337890625 82.4779205322265625 82.03775787353515625 81.59760284423828125 80.3256683349609375 78.9613189697265625 76.6916961669921875 73.516815185546875 70.6020660400390625 70.02862548828125 69.45517730712890625 69.208251953125 69.10125732421875 69.31156158447265625 70.26222991943359375 71.21289825439453125 71.3727569580078125 71.44474029541015625
