data/rh9ann.asc
ncols        384
nrows        480
xllcorner    138.000000000000
yllcorner    -29.000000000000
cellsize     0.041666666667
NODATA_value -9999
[rows 308 to 329 of 480, columns 240 to 287 of 384]
53.94728851318359375 53.84531402587890625 53.826213836669921875 54.553035736083984375 55.27985382080078125 55.66699981689453125 55.9085693359375 56.08672332763671875 56.1168975830078125 56.14707183837890625 56.23316192626953125 56.32546234130859375 56.349468231201171875 56.305179595947265625 56.260753631591796875 56.21509552001953125 56.16943359375 56.379055023193359375 56.698078155517578125 57.0198211669921875 57.3479156494140625 57.676006317138671875 57.86989593505859375 58.048870086669921875 58.5905914306640625 59.49505615234375 60.40517425537109375 61.366138458251953125 62.327106475830078125 63.051666259765625 63.6749114990234375 64.44133758544921875 65.54187774658203125 66.6424102783203125 69.3482208251953125 72.232391357421875 74.29956817626953125 75.54973602294921875 76.6775054931640625 76.70365142822265625 76.72978973388671875 76.6324310302734375 76.48215484619140625 76.33167266845703125 76.1807098388671875 76.029754638671875 75.922607421875 75.8203277587890625
54.00730133056640625 53.8464813232421875 53.768138885498046875 54.432117462158203125 55.096096038818359375 55.501438140869140625 55.79593658447265625 56.003543853759765625 56.0084075927734375 56.01326751708984375 56.210460662841796875 56.429019927978515625 56.540058135986328125 56.543582916259765625 56.5376434326171875 56.44654083251953125 56.355438232421875 56.422618865966796875 56.55764007568359375 56.762020111083984375 57.12823486328125 57.49445343017578125 57.677326202392578125 57.8398284912109375 58.32091522216796875 59.120586395263671875 59.943561553955078125 60.97629547119140625 62.00902557373046875 62.75797271728515625 63.3852996826171875 64.13729095458984375 65.18016815185546875 66.223052978515625 68.8313446044921875 71.61356353759765625 73.6683502197265625 74.99568939208984375 76.21111297607421875 76.4193572998046875 76.627593994140625 76.62183380126953125 76.52436065673828125 76.407440185546875 76.24514007568359375 76.0828399658203125 76.00315093994140625 75.93264007568359375
54.160793304443359375 53.903820037841796875 53.724430084228515625 54.2432708740234375 54.762115478515625 55.14096832275390625 55.4598236083984375 55.714237213134765625 55.81829071044921875 55.922344207763671875 56.168468475341796875 56.43038177490234375 56.6085968017578125 56.70311737060546875 56.767444610595703125 56.560016632080078125 56.35259246826171875 56.34198760986328125 56.41573333740234375 56.56562042236328125 56.893161773681640625 57.220703125 57.3496551513671875 57.456539154052734375 57.85277557373046875 58.53835296630859375 59.25643157958984375 60.2669830322265625 61.27753448486328125 62.08788299560546875 62.812427520751953125 63.614490509033203125 64.597412109375 65.58032989501953125 67.869842529296875 70.304534912109375 72.3766632080078125 74.08624267578125 75.66486358642578125 76.0648956298828125 76.4649200439453125 76.53363037109375 76.4603424072265625 76.3444976806640625 76.12934112548828125 75.9141845703125 75.86690521240234375 75.83827972412109375
54.324672698974609375 53.967403411865234375 53.682315826416015625 54.046878814697265625 54.411441802978515625 54.758838653564453125 55.098880767822265625 55.40203094482421875 55.619106292724609375 55.836181640625 56.12433624267578125 56.42038726806640625 56.66357421875 56.85388946533203125 56.99201202392578125 56.6603851318359375 56.32875823974609375 56.24755096435546875 56.273662567138671875 56.376041412353515625 56.656375885009765625 56.93670654296875 57.006969451904296875 57.053890228271484375 57.362579345703125 57.93303680419921875 58.54424285888671875 59.522174835205078125 60.500102996826171875 61.37596893310546875 62.208087921142578125 63.0673828125 63.990085601806640625 64.91278839111328125 66.85894012451171875 68.9188079833984375 71.0115966796875 73.1373138427734375 75.10974884033203125 75.70263671875 76.29552459716796875 76.436798095703125 76.384521484375 76.266143798828125 75.9935150146484375 75.72087860107421875 75.70656585693359375 75.72095489501953125
54.59836578369140625 54.16887664794921875 53.805118560791015625 54.032917022705078125 54.260715484619140625 54.51778411865234375 54.7873992919921875 55.05759429931640625 55.32913970947265625 55.600681304931640625 55.977512359619140625 56.3660430908203125 56.641895294189453125 56.805065155029296875 56.914886474609375 56.544525146484375 56.174163818359375 56.080440521240234375 56.10527801513671875 56.2081298828125 56.493015289306640625 56.77790069580078125 56.744800567626953125 56.67636871337890625 56.87699127197265625 57.346668243408203125 57.869915008544921875 58.87528228759765625 59.880649566650390625 60.835567474365234375 61.768863677978515625 62.693004608154296875 63.595790863037109375 64.49857330322265625 66.1545562744140625 67.89421844482421875 69.95485687255859375 72.33646392822265625 74.55218505859375 75.2749481201171875 75.997711181640625 76.127044677734375 76.002044677734375 75.78234100341796875 75.34168243408203125 74.90102386474609375 74.8704071044921875 74.88535308837890625
54.98187255859375 54.50824737548828125 54.092838287353515625 54.201385498046875 54.309932708740234375 54.417804718017578125 54.525386810302734375 54.680927276611328125 54.94838714599609375 55.21584320068359375 55.728000640869140625 56.26734161376953125 56.543560028076171875 56.55664825439453125 56.536067962646484375 56.212432861328125 55.888797760009765625 55.840656280517578125 55.910579681396484375 56.061885833740234375 56.40308380126953125 56.744281768798828125 56.56314849853515625 56.323978424072265625 56.3960113525390625 56.77924346923828125 57.2334442138671875 58.326305389404296875 59.419170379638671875 60.46668243408203125 61.49475860595703125 62.491359710693359375 63.414524078369140625 64.33768463134765625 65.756683349609375 67.23076629638671875 69.20644378662109375 71.6837005615234375 73.99219512939453125 74.78183746337890625 75.5714874267578125 75.6043548583984375 75.312896728515625 74.893096923828125 74.17385101318359375 73.45461273193359375 73.358428955078125 73.33147430419921875
55.35404205322265625 54.83898162841796875 54.37416839599609375 54.36162567138671875 54.349079132080078125 54.324192047119140625 54.294010162353515625 54.347930908203125 54.598087310791015625 54.848247528076171875 55.465541839599609375 56.123626708984375 56.3936004638671875 56.275455474853515625 56.1425018310546875 55.876255035400390625 55.61000823974609375 55.606571197509765625 55.71576690673828125 55.908771514892578125 56.297336578369140625 56.6858978271484375 56.371677398681640625 55.9793701171875 55.933990478515625 56.23554229736328125 56.624805450439453125 57.80352783203125 58.982250213623046875 60.117115020751953125 61.233184814453125 62.294017791748046875 63.2259674072265625 64.15792083740234375 65.3482513427734375 66.56729888916015625 68.460205078125 71.02696990966796875 73.42395782470703125 74.29290771484375 75.1618499755859375 75.1040191650390625 74.64899444580078125 74.00732421875 72.9301300048828125 71.85294342041015625 71.690704345703125 71.630126953125
55.62420654296875 55.091999053955078125 54.597991943359375 54.44777679443359375 54.297557830810546875 54.287868499755859375 54.338409423828125 54.407962799072265625 54.52187347412109375 54.635784149169921875 55.08655548095703125 55.574756622314453125 55.778995513916015625 55.69927215576171875 55.6162261962890625 55.503299713134765625 55.390369415283203125 55.423793792724609375 55.519939422607421875 55.69385528564453125 56.049236297607421875 56.4046173095703125 56.09183502197265625 55.704807281494140625 55.64263153076171875 55.905303955078125 56.266689300537109375 57.516529083251953125 58.7663726806640625 59.94140625 61.084384918212890625 62.13539886474609375 62.971832275390625 63.80826568603515625 64.844818115234375 65.9036102294921875 67.73354339599609375 70.33461761474609375 72.78157806396484375 73.84156036376953125 74.90155029296875 74.8048095703125 74.2123260498046875 73.15277862548828125 71.00339508056640625 68.85401153564453125 68.62126922607421875 68.6014862060546875
55.894367218017578125 55.3450164794921875 54.82181549072265625 54.533924102783203125 54.246036529541015625 54.25154876708984375 54.382808685302734375 54.467990875244140625 54.44565582275390625 54.423320770263671875 54.70757293701171875 55.025890350341796875 55.164394378662109375 55.123088836669921875 55.089954376220703125 55.130344390869140625 55.170734405517578125 55.24102020263671875 55.324115753173828125 55.47894287109375 55.80113983154296875 56.123340606689453125 55.81198883056640625 55.430248260498046875 55.3512725830078125 55.57506561279296875 55.908573150634765625 57.229534149169921875 58.550495147705078125 59.7657012939453125 60.93558502197265625 61.976779937744140625 62.7176971435546875 63.458614349365234375 64.34139251708984375 65.23992919921875 67.0068817138671875 69.6422576904296875 72.139190673828125 73.39022064208984375 74.64124298095703125 74.5055999755859375 73.775665283203125 72.2982330322265625 69.07665252685546875 65.85507965087890625 65.5518341064453125 65.57285308837890625
55.96380615234375 55.5535888671875 55.145175933837890625 54.75296783447265625 54.3607635498046875 54.373279571533203125 54.559246063232421875 54.667652130126953125 54.59506988525390625 54.522491455078125 54.61510467529296875 54.726070404052734375 54.780132293701171875 54.77729034423828125 54.7857666015625 54.896137237548828125 55.006504058837890625 55.082347869873046875 55.14339447021484375 55.278499603271484375 55.586414337158203125 55.894329071044921875 55.640789031982421875 55.324863433837890625 55.26480865478515625 55.4606170654296875 55.75868988037109375 56.97711181640625 58.19553375244140625 59.426097869873046875 60.661861419677734375 61.70557403564453125 62.301174163818359375 62.896770477294921875 63.52887725830078125 64.1650390625 65.73625946044921875 68.24254608154296875 70.65718841552734375 72.24700164794921875 73.83681488037109375 73.914276123046875 73.343597412109375 71.91452789306640625 68.48258209228515625 65.050628662109375 64.297332763671875 63.841655731201171875
55.947223663330078125 55.743114471435546875 55.51119232177734375 55.02896881103515625 54.54674530029296875 54.562744140625 54.792270660400390625 54.927150726318359375 54.8411865234375 54.755222320556640625 54.6454315185546875 54.532993316650390625 54.49459075927734375 54.530223846435546875 54.57675933837890625 54.721385955810546875 54.866016387939453125 54.9340057373046875 54.969146728515625 55.08426666259765625 55.38599395751953125 55.68772125244140625 55.516147613525390625 55.29198455810546875 55.266155242919921875 55.438655853271484375 55.69805145263671875 56.73950958251953125 57.78096771240234375 59.0162506103515625 60.3345947265625 61.386119842529296875 61.815052032470703125 62.243988037109375 62.583896636962890625 62.913913726806640625 64.232513427734375 66.53969573974609375 68.81534576416015625 70.8072662353515625 72.7991790771484375 73.19776153564453125 72.9134979248046875 71.73261260986328125 68.45964813232421875 65.186676025390625 63.820648193359375 62.66649627685546875
55.9140777587890625 55.911869049072265625 55.8579559326171875 55.338710784912109375 54.819461822509765625 54.792911529541015625 54.97751617431640625 55.073253631591796875 54.961635589599609375 54.85001373291015625 54.61646270751953125 54.36936187744140625 54.280551910400390625 54.35003662109375 54.431827545166015625 54.62436676025390625 54.816905975341796875 54.876140594482421875 54.87824249267578125 54.961414337158203125 55.2337493896484375 55.5060882568359375 55.40118408203125 55.25437164306640625 55.2467041015625 55.378185272216796875 55.587268829345703125 56.49474334716796875 57.40221405029296875 58.620441436767578125 59.9718475341796875 61.013965606689453125 61.334407806396484375 61.65485382080078125 61.725406646728515625 61.768192291259765625 62.7656402587890625 64.717742919921875 66.69318389892578125 68.87860870361328125 71.0640411376953125 71.8045806884765625 71.9258880615234375 71.17291259765625 68.37994384765625 65.58697509765625 63.6363067626953125 61.77922821044921875
55.84229278564453125 56.03217315673828125 56.159801483154296875 55.7271881103515625 55.2945709228515625 55.1180419921875 55.05126953125 54.9547576904296875 54.78885650634765625 54.622955322265625 54.4491424560546875 54.274448394775390625 54.233367919921875 54.32590484619140625 54.436412811279296875 54.708709716796875 54.9810028076171875 55.029384613037109375 54.981800079345703125 55.00513458251953125 55.19393157958984375 55.38272857666015625 55.308807373046875 55.205699920654296875 55.178722381591796875 55.22786712646484375 55.359477996826171875 56.233249664306640625 57.107021331787109375 58.257389068603515625 59.52630615234375 60.51885223388671875 60.86653900146484375 61.214229583740234375 61.06871795654296875 60.868408203125 61.384807586669921875 62.61791229248046875 63.91693115234375 65.8091583251953125 67.70137786865234375 68.83249664306640625 69.637420654296875 69.731689453125 68.1677703857421875 66.603851318359375 64.13409423828125 61.563690185546875
55.770503997802734375 56.15247344970703125 56.461650848388671875 56.115665435791015625 55.76967620849609375 55.44317626953125 55.12502288818359375 54.836261749267578125 54.616077423095703125 54.395893096923828125 54.281818389892578125 54.179534912109375 54.186183929443359375 54.301769256591796875 54.44100189208984375 54.79305267333984375 55.14510345458984375 55.182628631591796875 55.085361480712890625 55.04885101318359375 55.154109954833984375 55.259368896484375 55.2164306640625 55.157032012939453125 55.110736846923828125 55.07755279541015625 55.13169097900390625 55.9717559814453125 56.811824798583984375 57.89434051513671875 59.0807647705078125 60.023738861083984375 60.398670196533203125 60.7736053466796875 60.412029266357421875 59.968624114990234375 60.00397491455078125 60.518077850341796875 61.14067840576171875 62.7397003173828125 64.33872222900390625 65.86040496826171875 67.3489532470703125 68.29047393798828125 67.95560455322265625 67.62073516845703125 64.63188934326171875 61.348155975341796875
55.90869140625 56.16681671142578125 56.37939453125 56.182086944580078125 55.984775543212890625 55.69361114501953125 55.3622283935546875 55.037078857421875 54.726470947265625 54.415863037109375 54.312274932861328125 54.231689453125 54.24060821533203125 54.339031219482421875 54.44896697998046875 54.662502288818359375 54.87603759765625 54.909820556640625 54.86656951904296875 54.87178802490234375 54.99010467529296875 55.108425140380859375 55.09682464599609375 55.07079315185546875 54.997585296630859375 54.877197265625 54.84377288818359375 55.592987060546875 56.342205047607421875 57.385570526123046875 58.554996490478515625 59.54363250732421875 60.110416412353515625 60.677196502685546875 60.341869354248046875 59.90630340576171875 59.699977874755859375 59.72289276123046875 59.859142303466796875 61.01540374755859375 62.17166900634765625 63.281406402587890625 64.3712005615234375 65.32122802734375 65.94512176513671875 66.5690155029296875 64.376556396484375 61.87116241455078125
56.070209503173828125 56.169384002685546875 56.254467010498046875 56.2127227783203125 56.170978546142578125 55.935749053955078125 55.617595672607421875 55.273372650146484375 54.868328094482421875 54.46327972412109375 54.364704132080078125 54.300182342529296875 54.3063201904296875 54.38311767578125 54.45731353759765625 54.508075714111328125 54.558841705322265625 54.589672088623046875 54.61196136474609375 54.670196533203125 54.812305450439453125 54.95441436767578125 54.974193572998046875 54.980381011962890625 54.8794097900390625 54.671283721923828125 54.54917144775390625 55.2011871337890625 55.853206634521484375 56.860607147216796875 58.02031707763671875 59.06519317626953125 59.8421173095703125 60.619037628173828125 60.33687591552734375 59.93703460693359375 59.51563262939453125 59.07266998291015625 58.74369049072265625 59.44057464599609375 60.13745880126953125 60.7460784912109375 61.316867828369140625 62.1822052001953125 63.734828948974609375 65.28745269775390625 64.03753662109375 62.476230621337890625
56.159107208251953125 56.0948333740234375 56.039684295654296875 56.06667327880859375 56.093662261962890625 55.899288177490234375 55.61004638671875 55.29177093505859375 54.90575408935546875 54.51973724365234375 54.43172454833984375 54.37682342529296875 54.37761688232421875 54.434101104736328125 54.4799041748046875 54.42954254150390625 54.379184722900390625 54.367786407470703125 54.37308502197265625 54.4248046875 54.5848388671875 54.744876861572265625 54.8134002685546875 54.87175750732421875 54.770503997802734375 54.509639739990234375 54.328380584716796875 54.863544464111328125 55.39870452880859375 56.3513336181640625 57.482879638671875 58.55535125732421875 59.489990234375 60.42462921142578125 60.15550994873046875 59.752643585205078125 59.212657928466796875 58.53556060791015625 57.95227813720703125 58.21331787109375 58.47435760498046875 58.78876495361328125 59.12603759765625 59.873889923095703125 61.579746246337890625 63.285602569580078125 62.936923980712890625 62.35996246337890625
56.175380706787109375 55.9431610107421875 55.735050201416015625 55.743938446044921875 55.7528228759765625 55.584232330322265625 55.339580535888671875 55.0922698974609375 54.83875274658203125 54.585235595703125 54.51332855224609375 54.461605072021484375 54.454486846923828125 54.491985321044921875 54.51674652099609375 54.42690277099609375 54.33705902099609375 54.2441558837890625 54.14994049072265625 54.135616302490234375 54.307712554931640625 54.479808807373046875 54.614444732666015625 54.744922637939453125 54.670864105224609375 54.392269134521484375 54.181400299072265625 54.580051422119140625 54.978702545166015625 55.85774993896484375 56.94268035888671875 58.014110565185546875 59.054042816162109375 60.09397125244140625 59.797779083251953125 59.35312652587890625 58.791057586669921875 58.111568450927734375 57.48490142822265625 57.3336334228515625 57.18236541748046875 57.40946197509765625 57.7987213134765625 58.39627838134765625 59.4798736572265625 60.56346893310546875 61.07470703125 61.522350311279296875
56.159252166748046875 55.78582000732421875 55.44902801513671875 55.44199371337890625 55.43495941162109375 55.311206817626953125 55.13742828369140625 54.97199249267578125 54.826030731201171875 54.6800689697265625 54.62259674072265625 54.57495880126953125 54.5602264404296875 54.57840728759765625 54.580501556396484375 54.437778472900390625 54.2950592041015625 54.1237335205078125 53.940143585205078125 53.867382049560546875 54.05321502685546875 54.23905181884765625 54.442951202392578125 54.64885711669921875 54.60688018798828125 54.31702423095703125 54.08194732666015625 54.33989715576171875 54.59784698486328125 55.387996673583984375 56.406230926513671875 57.459644317626953125 58.595142364501953125 59.730640411376953125 59.430042266845703125 58.969875335693359375 58.3994903564453125 57.7188873291015625 57.05401611328125 56.53073883056640625 56.007465362548828125 56.147693634033203125 56.572277069091796875 57.029071807861328125 57.56103515625 58.092998504638671875 59.328022003173828125 60.6411590576171875
55.851505279541015625 55.577465057373046875 55.330501556396484375 55.32718658447265625 55.323871612548828125 55.4164276123046875 55.550067901611328125 55.564746856689453125 55.301845550537109375 55.03894805908203125 54.980823516845703125 54.945453643798828125 54.925750732421875 54.921722412109375 54.886486053466796875 54.57035064697265625 54.254215240478515625 54.0321807861328125 53.850475311279296875 53.787693023681640625 54.00240325927734375 54.21710968017578125 54.51859283447265625 54.82971954345703125 54.86383056640625 54.6209259033203125 54.410259246826171875 54.489772796630859375 54.569286346435546875 55.132694244384765625 55.903484344482421875 56.78610992431640625 57.92967987060546875 59.073246002197265625 58.972259521484375 58.732990264892578125 58.278228759765625 57.60797882080078125 56.951496124267578125 56.4189605712890625 55.8864288330078125 55.94368743896484375 56.253719329833984375 56.655529022216796875 57.271488189697265625 57.88744354248046875 58.62105560302734375 59.367740631103515625
55.543758392333984375 55.369110107421875 55.211971282958984375 55.21237945556640625 55.2127838134765625 55.521648406982421875 55.962711334228515625 56.157501220703125 55.777660369873046875 55.397823333740234375 55.339046478271484375 55.315948486328125 55.291278839111328125 55.265041351318359375 55.192470550537109375 54.70291900634765625 54.213367462158203125 53.9406280517578125 53.760807037353515625 53.7080078125 53.951587677001953125 54.19516754150390625 54.59423828125 55.010585784912109375 55.12078094482421875 54.924823760986328125 54.7385711669921875 54.6396484375 54.5407257080078125 54.877391815185546875 55.4007415771484375 56.112579345703125 57.26421356201171875 58.415851593017578125 58.514476776123046875 58.496105194091796875 58.1569671630859375 57.497066497802734375 56.848979949951171875 56.30718231201171875 55.76538848876953125 55.73968505859375 55.9351654052734375 56.281986236572265625 56.981937408447265625 57.68189239501953125 57.914093017578125 58.09432220458984375
55.174602508544921875 55.078647613525390625 54.998256683349609375 55.057987213134765625 55.11771392822265625 55.592041015625 56.244052886962890625 56.59664154052734375 56.25057220458984375 55.904506683349609375 55.70540618896484375 55.522632598876953125 55.447650909423828125 55.480457305908203125 55.453037261962890625 54.883556365966796875 54.31407928466796875 54.019989013671875 53.84392547607421875 53.7779693603515625 53.968929290771484375 54.15988922119140625 54.708889007568359375 55.29766845703125 55.5334320068359375 55.416172027587890625 55.28780364990234375 55.0594024658203125 54.831005096435546875 54.97351837158203125 55.274990081787109375 55.7945098876953125 56.822811126708984375 57.85111236572265625 58.023380279541015625 58.100536346435546875 57.839778900146484375 57.241115570068359375 56.66489410400390625 56.290683746337890625 55.916473388671875 55.864898681640625 55.95159149169921875 56.1963043212890625 56.809719085693359375 57.42313385009765625 57.57256317138671875 57.670436859130859375
