data/rh9ann.asc
ncols        384
nrows        480
xllcorner    138.000000000000
yllcorner    -29.000000000000
cellsize     0.041666666667
NODATA_value -9999
[rows 440 to 461 of 480, columns 192 to 239 of 384]
45.703350067138671875 45.62885284423828125 45.560276031494140625 45.54499053955078125 45.52970123291015625 45.61289215087890625 45.738285064697265625 45.84131622314453125 45.892154693603515625 45.9429931640625 45.9953765869140625 46.047931671142578125 46.14092254638671875 46.274341583251953125 46.388286590576171875 46.32695770263671875 46.265628814697265625 46.2944488525390625 46.361907958984375 46.45660400390625 46.61484527587890625 46.773090362548828125 46.791828155517578125 46.795070648193359375 46.88538360595703125 47.06276702880859375 47.237979888916015625 47.393657684326171875 47.549335479736328125 47.54761505126953125 47.478443145751953125 47.423343658447265625 47.401096343994140625 47.378849029541015625 47.363285064697265625 47.348468780517578125 47.358936309814453125 47.39469146728515625 47.435993194580078125 47.5272369384765625 47.61847686767578125 47.935337066650390625 48.348888397216796875 48.653522491455078125 48.70401763916015625 48.75450897216796875 48.8781890869140625 49.009998321533203125
45.704132080078125 45.62786102294921875 45.556995391845703125 45.53478240966796875 45.5125732421875 45.60201263427734375 45.7393035888671875 45.845966339111328125 45.88116455078125 45.916362762451171875 45.9600982666015625 46.00478363037109375 46.098239898681640625 46.240474700927734375 46.364612579345703125 46.3258514404296875 46.28708648681640625 46.3254852294921875 46.396953582763671875 46.490966796875 46.637592315673828125 46.78421783447265625 46.811252593994140625 46.82500457763671875 46.92241668701171875 47.1035003662109375 47.283153533935546875 47.449951171875 47.616748809814453125 47.60833740234375 47.52483367919921875 47.4578399658203125 47.429355621337890625 47.40087127685546875 47.380748748779296875 47.361560821533203125 47.365665435791015625 47.393070220947265625 47.42621612548828125 47.51104736328125 47.595874786376953125 47.914867401123046875 48.3342132568359375 48.6276397705078125 48.627239227294921875 48.62683868408203125 48.81317138671875 49.02025604248046875
45.99602508544921875 45.93135833740234375 45.87430572509765625 45.885807037353515625 45.897312164306640625 45.9794769287109375 46.09192657470703125 46.153690338134765625 46.097179412841796875 46.040668487548828125 46.062847137451171875 46.09377288818359375 46.180217742919921875 46.32218170166015625 46.448535919189453125 46.434398651123046875 46.420257568359375 46.4619903564453125 46.5276641845703125 46.614101409912109375 46.748973846435546875 46.88385009765625 46.898952484130859375 46.900745391845703125 47.00012969970703125 47.197101593017578125 47.390033721923828125 47.5466156005859375 47.70319366455078125 47.692928314208984375 47.61115264892578125 47.5449371337890625 47.515018463134765625 47.485095977783203125 47.4590911865234375 47.433521270751953125 47.446460723876953125 47.497913360595703125 47.55169677734375 47.626453399658203125 47.701213836669921875 47.989757537841796875 48.3699188232421875 48.649616241455078125 48.694896697998046875 48.740177154541015625 48.9153900146484375 49.105037689208984375
46.3202667236328125 46.268688201904296875 46.22724151611328125 46.27696990966796875 46.32669830322265625 46.400089263916015625 46.48361968994140625 46.495086669921875 46.338413238525390625 46.18173980712890625 46.180934906005859375 46.19744873046875 46.2760467529296875 46.416728973388671875 46.544414520263671875 46.5551300048828125 46.5658416748046875 46.6102142333984375 46.66900634765625 46.747097015380859375 46.870204925537109375 46.993316650390625 46.994235992431640625 46.9815826416015625 47.082363128662109375 47.29657745361328125 47.5037689208984375 47.647762298583984375 47.79175567626953125 47.780170440673828125 47.701908111572265625 47.63787841796875 47.607059478759765625 47.576236724853515625 47.54419708251953125 47.51202392578125 47.535488128662109375 47.61458587646484375 47.692203521728515625 47.756488800048828125 47.820770263671875 48.0752410888671875 48.411220550537109375 48.676914215087890625 48.77860260009765625 48.8802947998046875 49.03618621826171875 49.19809722900390625
46.480731964111328125 46.429683685302734375 46.3933563232421875 46.4895172119140625 46.585674285888671875 46.654483795166015625 46.71157073974609375 46.68770599365234375 46.474948883056640625 46.262195587158203125 46.23114776611328125 46.220287322998046875 46.297222137451171875 46.461956024169921875 46.61362457275390625 46.647708892822265625 46.681793212890625 46.71750640869140625 46.75391387939453125 46.80510711669921875 46.890796661376953125 46.976482391357421875 46.9535980224609375 46.918651580810546875 47.0128021240234375 47.236053466796875 47.453441619873046875 47.618045806884765625 47.782649993896484375 47.788440704345703125 47.726161956787109375 47.674457550048828125 47.6474151611328125 47.62036895751953125 47.584575653076171875 47.54781341552734375 47.575405120849609375 47.66735076904296875 47.756595611572265625 47.821514129638671875 47.88643646240234375 48.1275787353515625 48.44425201416015625 48.705883026123046875 48.8390960693359375 48.97231292724609375 49.110240936279296875 49.24869537353515625
46.47742462158203125 46.414348602294921875 46.37265777587890625 46.523448944091796875 46.6742401123046875 46.7426605224609375 46.775783538818359375 46.731540679931640625 46.506786346435546875 46.282032012939453125 46.213481903076171875 46.16229248046875 46.24375152587890625 46.45786285400390625 46.656158447265625 46.71213531494140625 46.768108367919921875 46.78386688232421875 46.78238677978515625 46.788135528564453125 46.810741424560546875 46.833347320556640625 46.777034759521484375 46.711956024169921875 46.791454315185546875 47.015537261962890625 47.23905181884765625 47.45746612548828125 47.675884246826171875 47.71773529052734375 47.683917999267578125 47.65467071533203125 47.636081695556640625 47.617496490478515625 47.580226898193359375 47.54088592529296875 47.566211700439453125 47.6562042236328125 47.744869232177734375 47.821537017822265625 47.8982086181640625 48.1467742919921875 48.469013214111328125 48.736530303955078125 48.876377105712890625 49.016223907470703125 49.1375579833984375 49.256832122802734375
46.49578094482421875 46.429607391357421875 46.388641357421875 46.57451629638671875 46.7603912353515625 46.82695770263671875 46.842388153076171875 46.784328460693359375 46.554782867431640625 46.32523345947265625 46.219451904296875 46.127422332763671875 46.2083282470703125 46.462162017822265625 46.697483062744140625 46.76615142822265625 46.8348236083984375 46.834747314453125 46.805210113525390625 46.77361297607421875 46.73720550537109375 46.70079803466796875 46.61420440673828125 46.52204132080078125 46.58795166015625 46.81194305419921875 47.04009246826171875 47.305675506591796875 47.571262359619140625 47.646961212158203125 47.6412811279296875 47.63477325439453125 47.62631988525390625 47.617870330810546875 47.579498291015625 47.537807464599609375 47.56075286865234375 47.64833831787109375 47.735931396484375 47.823566436767578125 47.911205291748046875 48.165618896484375 48.491512298583984375 48.763874053955078125 48.91133880615234375 49.058803558349609375 49.162628173828125 49.26160430908203125
46.709125518798828125 46.720264434814453125 46.7347869873046875 46.779811859130859375 46.824832916259765625 46.876312255859375 46.9305572509765625 46.917682647705078125 46.748203277587890625 46.5787200927734375 46.438106536865234375 46.300701141357421875 46.335338592529296875 46.542026519775390625 46.7279052734375 46.72650909423828125 46.725109100341796875 46.746311187744140625 46.777194976806640625 46.781169891357421875 46.722347259521484375 46.663524627685546875 46.574993133544921875 46.483158111572265625 46.5450439453125 46.760654449462890625 46.979999542236328125 47.232982635498046875 47.485965728759765625 47.57556915283203125 47.595149993896484375 47.613895416259765625 47.630680084228515625 47.64746856689453125 47.611358642578125 47.56937408447265625 47.5889129638671875 47.669979095458984375 47.752094268798828125 47.8436431884765625 47.935192108154296875 48.181308746337890625 48.493663787841796875 48.761493682861328125 48.925426483154296875 49.089359283447265625 49.167499542236328125 49.23610687255859375
46.9224700927734375 47.01091766357421875 47.080936431884765625 46.985107421875 46.88927459716796875 46.92566680908203125 47.018726348876953125 47.0510406494140625 46.941623687744140625 46.832210540771484375 46.65676116943359375 46.47397613525390625 46.462352752685546875 46.621891021728515625 46.758327484130859375 46.686862945556640625 46.615398406982421875 46.65787506103515625 46.749179840087890625 46.788722991943359375 46.707489013671875 46.626255035400390625 46.535778045654296875 46.444278717041015625 46.502140045166015625 46.7093658447265625 46.919902801513671875 47.16028594970703125 47.40067291259765625 47.504177093505859375 47.54901885986328125 47.593017578125 47.635044097900390625 47.677066802978515625 47.643218994140625 47.600940704345703125 47.617076873779296875 47.691619873046875 47.76825714111328125 47.863719940185546875 47.9591827392578125 48.196994781494140625 48.495819091796875 48.759113311767578125 48.93951416015625 49.119915008544921875 49.17237091064453125 49.21060943603515625
46.83185577392578125 46.940311431884765625 47.027256011962890625 46.920589447021484375 46.8139190673828125 46.85047149658203125 46.948406219482421875 47.036754608154296875 47.10272979736328125 47.168701171875 47.030467987060546875 46.869541168212890625 46.800106048583984375 46.8221588134765625 46.84281158447265625 46.85086822509765625 46.858921051025390625 46.88707733154296875 46.92385101318359375 46.9350128173828125 46.886425018310546875 46.83783721923828125 46.735363006591796875 46.6269073486328125 46.66222381591796875 46.8413238525390625 47.024486541748046875 47.244243621826171875 47.4640045166015625 47.575679779052734375 47.6410369873046875 47.707088470458984375 47.77477264404296875 47.8424530029296875 47.8080596923828125 47.76232147216796875 47.764644622802734375 47.81502532958984375 47.890964508056640625 48.19693756103515625 48.502910614013671875 48.70526885986328125 48.863224029541015625 48.99346160888671875 49.059032440185546875 49.124599456787109375 49.174755096435546875 49.223194122314453125
46.610973358154296875 46.71488189697265625 46.80222320556640625 46.740436553955078125 46.67864990234375 46.72190093994140625 46.810169219970703125 46.959194183349609375 47.249980926513671875 47.540767669677734375 47.470623016357421875 47.36037445068359375 47.228176116943359375 47.074031829833984375 46.950466156005859375 47.10214996337890625 47.2538299560546875 47.252414703369140625 47.185382843017578125 47.140758514404296875 47.14841461181640625 47.15606689453125 47.03729248046875 46.904468536376953125 46.90930938720703125 47.051815032958984375 47.19963836669921875 47.3953399658203125 47.591037750244140625 47.70842742919921875 47.79225921630859375 47.878993988037109375 47.972515106201171875 48.066036224365234375 48.029888153076171875 47.97933197021484375 47.963382720947265625 47.9820404052734375 48.05933380126953125 48.66436004638671875 49.269382476806640625 49.424652099609375 49.38716888427734375 49.3292694091796875 49.22373199462890625 49.118194580078125 49.176074981689453125 49.252105712890625
46.44428253173828125 46.5349578857421875 46.61376190185546875 46.58576202392578125 46.55776214599609375 46.628368377685546875 46.74123382568359375 46.93889617919921875 47.33441162109375 47.72992706298828125 47.73850250244140625 47.7040863037109375 47.563629150390625 47.317127227783203125 47.117748260498046875 47.342472076416015625 47.567195892333984375 47.5302734375 47.381214141845703125 47.29134368896484375 47.3395843505859375 47.38782501220703125 47.25574493408203125 47.10363006591796875 47.08380126953125 47.196258544921875 47.314891815185546875 47.489116668701171875 47.6633453369140625 47.77785491943359375 47.866771697998046875 47.962787628173828125 48.07537841796875 48.187969207763671875 48.164546966552734375 48.12601470947265625 48.105640411376953125 48.103420257568359375 48.174549102783203125 48.90581512451171875 49.6370849609375 49.7700042724609375 49.646488189697265625 49.5048065185546875 49.320728302001953125 49.13665008544921875 49.203563690185546875 49.298366546630859375
46.4040374755859375 46.461200714111328125 46.510639190673828125 46.49053955078125 46.47043609619140625 46.616596221923828125 46.83400726318359375 47.052211761474609375 47.2722625732421875 47.49231719970703125 47.6044158935546875 47.70452117919921875 47.682964324951171875 47.5397491455078125 47.424160003662109375 47.55722808837890625 47.690296173095703125 47.604022979736328125 47.423740386962890625 47.313232421875 47.365512847900390625 47.417797088623046875 47.27942657470703125 47.119873046875 47.088924407958984375 47.18658447265625 47.2903594970703125 47.44915771484375 47.6079559326171875 47.69953155517578125 47.762294769287109375 47.8409881591796875 47.95685577392578125 48.072723388671875 48.0958099365234375 48.108592987060546875 48.116092681884765625 48.11830902099609375 48.165729522705078125 48.620025634765625 49.07431793212890625 49.24262237548828125 49.288360595703125 49.306385040283203125 49.25974273681640625 49.21309661865234375 49.292118072509765625 49.385101318359375
46.36379241943359375 46.387447357177734375 46.4075164794921875 46.395313262939453125 46.383113861083984375 46.60482025146484375 46.926776885986328125 47.165523529052734375 47.210113525390625 47.254703521728515625 47.47032928466796875 47.7049560546875 47.802303314208984375 47.762371063232421875 47.7305755615234375 47.771984100341796875 47.813396453857421875 47.677768707275390625 47.46627044677734375 47.335117340087890625 47.391445159912109375 47.447772979736328125 47.30310821533203125 47.136112213134765625 47.09404754638671875 47.176914215087890625 47.26583099365234375 47.40920257568359375 47.552570343017578125 47.62120819091796875 47.657817840576171875 47.719188690185546875 47.838329315185546875 47.9574737548828125 48.02707672119140625 48.0911712646484375 48.126544952392578125 48.133197784423828125 48.15691375732421875 48.334232330322265625 48.5115509033203125 48.715240478515625 48.930233001708984375 49.10796356201171875 49.19875335693359375 49.289546966552734375 49.380672454833984375 49.471836090087890625
46.085384368896484375 46.175380706787109375 46.263652801513671875 46.33644866943359375 46.40924072265625 46.560760498046875 46.746021270751953125 46.964962005615234375 47.262508392333984375 47.560054779052734375 47.77417755126953125 47.979030609130859375 48.056697845458984375 48.00717926025390625 47.962825775146484375 47.964969635009765625 47.96710968017578125 47.878875732421875 47.751911163330078125 47.680568695068359375 47.739002227783203125 47.797435760498046875 47.5879058837890625 47.348598480224609375 47.272430419921875 47.359405517578125 47.45314788818359375 47.60784149169921875 47.762531280517578125 47.842998504638671875 47.891651153564453125 47.954441070556640625 48.050212860107421875 48.1459808349609375 48.19549560546875 48.239871978759765625 48.3039398193359375 48.38770294189453125 48.4755859375 48.600555419921875 48.72552490234375 48.981075286865234375 49.292591094970703125 49.53549957275390625 49.61832427978515625 49.70114898681640625 49.70550537109375 49.701145172119140625
45.780513763427734375 45.94794464111328125 46.115264892578125 46.281620025634765625 46.447978973388671875 46.51311492919921875 46.534870147705078125 46.729526519775390625 47.32762908935546875 47.925731658935546875 48.12668609619140625 48.283512115478515625 48.326099395751953125 48.254451751708984375 48.186840057373046875 48.1555328369140625 48.1242218017578125 48.094135284423828125 48.06456756591796875 48.061969757080078125 48.122295379638671875 48.182621002197265625 47.90171051025390625 47.5828857421875 47.470066070556640625 47.5632476806640625 47.66400909423828125 47.832988739013671875 48.001972198486328125 48.098133087158203125 48.16307830810546875 48.2293701171875 48.298801422119140625 48.368236541748046875 48.39026641845703125 48.4070281982421875 48.49988555908203125 48.668834686279296875 48.830646514892578125 48.92822265625 49.0258026123046875 49.335048675537109375 49.73500823974609375 50.032588958740234375 50.091289520263671875 50.149993896484375 50.056591033935546875 49.946292877197265625
45.7500457763671875 45.905879974365234375 46.061824798583984375 46.218784332275390625 46.37574005126953125 46.429080963134765625 46.438014984130859375 46.661380767822265625 47.3850860595703125 48.108795166015625 48.236053466796875 48.297039031982421875 48.290424346923828125 48.21620941162109375 48.151653289794921875 48.174007415771484375 48.1963653564453125 48.201419830322265625 48.199066162109375 48.21474456787109375 48.272502899169921875 48.33026123046875 48.0394287109375 47.70986175537109375 47.612030029296875 47.745922088623046875 47.883953094482421875 48.059200286865234375 48.23444366455078125 48.328052520751953125 48.3866729736328125 48.444477081298828125 48.50037384033203125 48.556270599365234375 48.537841796875 48.511157989501953125 48.60730743408203125 48.82628631591796875 49.03459930419921875 49.146892547607421875 49.259185791015625 49.545024871826171875 49.90523529052734375 50.1659393310546875 50.194469451904296875 50.222995758056640625 50.143733978271484375 50.05249786376953125
45.99398040771484375 46.04918670654296875 46.10333251953125 46.147930145263671875 46.19252777099609375 46.30866241455078125 46.455455780029296875 46.760517120361328125 47.43488311767578125 48.10924530029296875 48.102283477783203125 48.019618988037109375 47.949676513671875 47.892452239990234375 47.857265472412109375 48.0204010009765625 48.18353271484375 48.20073699951171875 48.155399322509765625 48.138885498046875 48.1896209716796875 48.240352630615234375 48.0010528564453125 47.729526519775390625 47.6983184814453125 47.90743255615234375 48.11298370361328125 48.286464691162109375 48.4599456787109375 48.532764434814453125 48.56243896484375 48.599761962890625 48.6549224853515625 48.710086822509765625 48.6382293701171875 48.5522613525390625 48.6262054443359375 48.8600616455078125 49.087444305419921875 49.256561279296875 49.425678253173828125 49.611003875732421875 49.80327606201171875 49.935558319091796875 49.927860260009765625 49.920162200927734375 49.9669342041015625 50.019756317138671875
46.206783294677734375 46.17531585693359375 46.142669677734375 46.09941864013671875 46.056163787841796875 46.227527618408203125 46.490875244140625 46.8606719970703125 47.478855133056640625 48.09703826904296875 47.967899322509765625 47.755725860595703125 47.636318206787109375 47.60968017578125 47.6144561767578125 47.90198516845703125 48.189517974853515625 48.210430145263671875 48.117084503173828125 48.06746673583984375 48.11989593505859375 48.172328948974609375 47.9786834716796875 47.757701873779296875 47.7874298095703125 48.067867279052734375 48.336215972900390625 48.49579620361328125 48.65537261962890625 48.6978759765625 48.6902008056640625 48.705463409423828125 48.774234771728515625 48.84300994873046875 48.723606109619140625 48.5832977294921875 48.634662628173828125 48.877712249755859375 49.11768341064453125 49.32996368408203125 49.542247772216796875 49.6416168212890625 49.692596435546875 49.7156829833984375 49.6736907958984375 49.6316986083984375 49.790866851806640625 49.972385406494140625
46.139415740966796875 46.14684295654296875 46.162471771240234375 46.2519378662109375 46.341400146484375 46.499950408935546875 46.68810272216796875 46.96996307373046875 47.47046661376953125 47.970966339111328125 47.828022003173828125 47.61358642578125 47.569492340087890625 47.695751190185546875 47.8358306884765625 48.100337982177734375 48.36484527587890625 48.313541412353515625 48.126888275146484375 48.036014556884765625 48.16861724853515625 48.3012237548828125 48.10037994384765625 47.86248016357421875 47.901885986328125 48.218593597412109375 48.507274627685546875 48.54370880126953125 48.58014678955078125 48.506603240966796875 48.385929107666015625 48.364910125732421875 48.576412200927734375 48.78791046142578125 48.673885345458984375 48.523685455322265625 48.549129486083984375 48.750213623046875 48.9444427490234375 49.076999664306640625 49.209552764892578125 49.353939056396484375 49.50339508056640625 49.590343475341796875 49.531452178955078125 49.472560882568359375 49.62140655517578125 49.793331146240234375
46.072048187255859375 46.118366241455078125 46.18227386474609375 46.40445709228515625 46.62664031982421875 46.772369384765625 46.885334014892578125 47.079254150390625 47.46207427978515625 47.8448944091796875 47.688144683837890625 47.47144317626953125 47.502666473388671875 47.781818389892578125 48.0572052001953125 48.298686981201171875 48.540172576904296875 48.41664886474609375 48.136692047119140625 48.004558563232421875 48.21733856201171875 48.43012237548828125 48.222072601318359375 47.96726226806640625 48.016345977783203125 48.36932373046875 48.6783294677734375 48.591625213623046875 48.504917144775390625 48.315334320068359375 48.081661224365234375 48.024356842041015625 48.3785858154296875 48.732814788818359375 48.6241607666015625 48.464076995849609375 48.463596343994140625 48.622714996337890625 48.771205902099609375 48.824031829833984375 48.876857757568359375 49.066257476806640625 49.314189910888671875 49.465007781982421875 49.389217376708984375 49.313426971435546875 49.451946258544921875 49.614276885986328125
46.31606292724609375 46.399600982666015625 46.49658966064453125 46.71462249755859375 46.93265533447265625 47.107547760009765625 47.263950347900390625 47.49547576904296875 47.9022979736328125 48.30912017822265625 48.155109405517578125 47.93878173828125 47.941570281982421875 48.1634674072265625 48.377704620361328125 48.5229339599609375 48.6681671142578125 48.556209564208984375 48.334026336669921875 48.23732757568359375 48.433414459228515625 48.629505157470703125 48.508838653564453125 48.3529815673828125 48.441127777099609375 48.773288726806640625 49.062770843505859375 48.96820831298828125 48.8736419677734375 48.640777587890625 48.348636627197265625 48.21697998046875 48.45977020263671875 48.702564239501953125 48.702754974365234375 48.675991058349609375 48.7787628173828125 49.011074066162109375 49.2238006591796875 49.26024627685546875 49.29669189453125 49.4327545166015625 49.611507415771484375 49.7144775390625 49.640625 49.566768646240234375 49.697208404541015625 49.850345611572265625
