data/rh9jan.asc
ncols        384
nrows        480
xllcorner    138.000000000000
yllcorner    -29.000000000000
cellsize     0.041666666667
NODATA_value -9999
[rows 440 to 461 of 480, columns 48 to 95 of 384]
33.1457977294921875 33.3492279052734375 33.516658782958984375 33.360080718994140625 33.203502655029296875 32.78075408935546875 32.24393463134765625 31.855669021606445313 31.81403350830078125 31.77239990234375 31.596101760864257813 31.404842376708984375 31.249334335327148438 31.129579544067382813 31.017213821411132813 30.971357345581054688 30.925500869750976563 31.02574920654296875 31.188611984252929688 31.33975982666015625 31.463573455810546875 31.587385177612304688 31.71450042724609375 31.841981887817382813 32.016323089599609375 32.237522125244140625 32.430698394775390625 32.371677398681640625 32.312652587890625 32.231060028076171875 32.13979339599609375 32.040019989013671875 31.920396804809570313 31.800775527954101563 31.600246429443359375 31.390726089477539063 31.243679046630859375 31.159107208251953125 31.107576370239257813 31.353425979614257813 31.599275588989257813 31.786197662353515625 31.947866439819335938 32.03261566162109375 31.937875747680664063 31.8431396484375 31.715360641479492188 31.583909988403320313
33.211635589599609375 33.50774383544921875 33.749584197998046875 33.50304412841796875 33.25650787353515625 32.791194915771484375 32.232120513916015625 31.823329925537109375 31.765195846557617188 31.707059860229492188 31.543874740600585938 31.369014739990234375 31.234220504760742188 31.139490127563476563 31.050458908081054688 31.012739181518554688 30.975019454956054688 31.087965011596679688 31.265481948852539063 31.404857635498046875 31.45523834228515625 31.505619049072265625 31.570941925048828125 31.6379241943359375 31.7705841064453125 31.9689178466796875 32.142486572265625 32.093170166015625 32.043853759765625 31.980236053466796875 31.910490036010742188 31.830953598022460938 31.728567123413085938 31.62618255615234375 31.430620193481445313 31.224704742431640625 31.07106781005859375 30.969709396362304688 30.901178359985351563 31.128093719482421875 31.355009078979492188 31.5748748779296875 31.791721343994140625 31.928239822387695313 31.877330780029296875 31.826419830322265625 31.66701507568359375 31.495555877685546875
33.24639129638671875 33.483592987060546875 33.670490264892578125 33.40467071533203125 33.13884735107421875 32.764068603515625 32.34259033203125 32.020641326904296875 31.930932998657226563 31.841222763061523438 31.679866790771484375 31.510547637939453125 31.378255844116210938 31.282991409301757813 31.194240570068359375 31.164119720458984375 31.133996963500976563 31.2392578125 31.402540206909179688 31.522386550903320313 31.54088592529296875 31.55938720703125 31.552349090576171875 31.54247283935546875 31.577535629272460938 31.657535552978515625 31.727701187133789063 31.709354400634765625 31.691007614135742188 31.682987213134765625 31.679395675659179688 31.688364028930664063 31.726644515991210938 31.764926910400390625 31.612436294555664063 31.438747406005859375 31.302801132202148438 31.204595565795898438 31.133373260498046875 31.305004119873046875 31.476636886596679688 31.643869400024414063 31.809215545654296875 31.916423797607421875 31.88797760009765625 31.859533309936523438 31.73485565185546875 31.5994873046875
33.2776947021484375 33.43914794921875 33.556728363037109375 33.279476165771484375 33.002227783203125 32.73276519775390625 32.466644287109375 32.243473052978515625 32.120513916015625 31.997552871704101563 31.836771011352539063 31.671787261962890625 31.539976119995117188 31.44133758544921875 31.350305557250976563 31.327722549438476563 31.305139541625976563 31.400449752807617188 31.546285629272460938 31.645742416381835938 31.636976242065429688 31.62821197509765625 31.547639846801757813 31.459089279174804688 31.39034271240234375 31.341402053833007813 31.298852920532226563 31.313838958740234375 31.328823089599609375 31.380580902099609375 31.448101043701171875 31.55316162109375 31.745822906494140625 31.938486099243164063 31.833299636840820313 31.695020675659179688 31.579462051391601563 31.486623764038085938 31.414300918579101563 31.526609420776367188 31.638919830322265625 31.744009017944335938 31.846002578735351563 31.914892196655273438 31.906538009643554688 31.898181915283203125 31.81560516357421875 31.724782943725585938
33.28082275390625 33.393917083740234375 33.469982147216796875 33.2127838134765625 32.955585479736328125 32.716564178466796875 32.4853363037109375 32.290714263916015625 32.18151092529296875 32.072307586669921875 31.89301300048828125 31.705928802490234375 31.563274383544921875 31.465044021606445313 31.375940322875976563 31.368968963623046875 31.361997604370117188 31.453374862670898438 31.586900711059570313 31.667606353759765625 31.625064849853515625 31.582523345947265625 31.45738983154296875 31.323078155517578125 31.210817337036132813 31.120603561401367188 31.045545578002929688 31.106884002685546875 31.168222427368164063 31.298746109008789063 31.458921432495117188 31.653966903686523438 31.930370330810546875 32.2067718505859375 32.0936126708984375 31.937168121337890625 31.806402206420898438 31.701318740844726563 31.615383148193359375 31.701784133911132813 31.788183212280273438 31.816997528076171875 31.821130752563476563 31.827699661254882813 31.83995819091796875 31.852216720581054688 31.824016571044921875 31.79132080078125
33.255771636962890625 33.347900390625 33.410251617431640625 33.20458984375 32.998928070068359375 32.715465545654296875 32.39865875244140625 32.162364959716796875 32.113922119140625 32.06548309326171875 31.848588943481445313 31.61297607421875 31.448148727416992188 31.354108810424804688 31.271142959594726563 31.287858963012695313 31.304574966430664063 31.398035049438476563 31.524387359619140625 31.587982177734375 31.505151748657226563 31.422319412231445313 31.281597137451171875 31.134441375732421875 31.0389556884765625 30.99514007568359375 30.967775344848632813 31.088489532470703125 31.209201812744140625 31.437480926513671875 31.711858749389648438 31.99077606201171875 32.280284881591796875 32.569789886474609375 32.393375396728515625 32.165187835693359375 31.983625411987304688 31.848680496215820313 31.736621856689453125 31.830526351928710938 31.924428939819335938 31.862834930419921875 31.734598159790039063 31.654850006103515625 31.688241958618164063 31.7216339111328125 31.7600860595703125 31.799102783203125
33.23265838623046875 33.302539825439453125 33.349819183349609375 33.19362640380859375 33.03743743896484375 32.712856292724609375 32.316112518310546875 32.041957855224609375 32.05384063720703125 32.06572723388671875 31.817350387573242188 31.540056228637695313 31.3548583984375 31.26175689697265625 31.181425094604492188 31.216014862060546875 31.250606536865234375 31.34113311767578125 31.455633163452148438 31.500743865966796875 31.383947372436523438 31.267148971557617188 31.116357803344726563 30.961786270141601563 30.883604049682617188 30.881807327270507813 30.897403717041015625 31.069528579711914063 31.241651535034179688 31.54691314697265625 31.909231185913085938 32.25276947021484375 32.552478790283203125 32.852191925048828125 32.63169097900390625 32.35338592529296875 32.131221771240234375 31.965198516845703125 31.826013565063476563 31.928363800048828125 32.030712127685546875 31.8900604248046875 31.645263671875 31.490724563598632813 31.546787261962890625 31.602849960327148438 31.698299407958984375 31.798124313354492188
33.2269744873046875 33.263088226318359375 33.28305816650390625 33.157741546630859375 33.0324249267578125 32.69666290283203125 32.270709991455078125 31.9930267333984375 32.061305999755859375 32.12958526611328125 31.90479278564453125 31.647436141967773438 31.458057403564453125 31.336652755737304688 31.227405548095703125 31.22756195068359375 31.227716445922851563 31.2701568603515625 31.330718994140625 31.344961166381835938 31.251129150390625 31.15729522705078125 31.046098709106445313 30.932971954345703125 30.876825332641601563 30.877658843994140625 30.893596649169921875 31.045459747314453125 31.197320938110351563 31.392614364624023438 31.606517791748046875 31.841400146484375 32.1252288818359375 32.4090576171875 32.316982269287109375 32.183139801025390625 32.012187957763671875 31.804121017456054688 31.628789901733398438 31.748060226440429688 31.867330551147460938 31.749765396118164063 31.530698776245117188 31.405120849609375 31.497686386108398438 31.590251922607421875 31.655788421630859375 31.718318939208984375
33.22129058837890625 33.2236328125 33.216297149658203125 33.121856689453125 33.027416229248046875 32.680469512939453125 32.225307464599609375 31.944097518920898438 32.0687713623046875 32.19344329833984375 31.992235183715820313 31.754817962646484375 31.56125640869140625 31.411550521850585938 31.273387908935546875 31.239107131958007813 31.204828262329101563 31.19918060302734375 31.205804824829101563 31.189180374145507813 31.118310928344726563 31.0474395751953125 30.975839614868164063 30.904157638549804688 30.87004852294921875 30.87351226806640625 30.889789581298828125 31.021390914916992188 31.15299224853515625 31.238315582275390625 31.303806304931640625 31.430032730102539063 31.697977066040039063 31.965921401977539063 32.0022735595703125 32.0128936767578125 31.893152236938476563 31.64304351806640625 31.4315643310546875 31.567758560180664063 31.703950881958007813 31.609472274780273438 31.416131973266601563 31.319517135620117188 31.44858551025390625 31.577655792236328125 31.613277435302734375 31.638513565063476563
33.362613677978515625 33.341663360595703125 33.310413360595703125 33.18643951416015625 33.062469482421875 32.750026702880859375 32.356815338134765625 32.12221527099609375 32.25771331787109375 32.39321136474609375 32.240081787109375 32.054882049560546875 31.886335372924804688 31.734437942504882813 31.59033966064453125 31.516454696655273438 31.442569732666015625 31.354288101196289063 31.259836196899414063 31.176195144653320313 31.11777496337890625 31.059354782104492188 31.02683258056640625 30.997188568115234375 30.9840545654296875 30.987430572509765625 31.003086090087890625 31.129241943359375 31.255395889282226563 31.309915542602539063 31.333734512329101563 31.408924102783203125 31.603986740112304688 31.799047470092773438 31.828464508056640625 31.839475631713867188 31.748966217041015625 31.556936264038085938 31.402032852172851563 31.581285476684570313 31.760538101196289063 31.69982147216796875 31.53626251220703125 31.453723907470703125 31.560235977172851563 31.666748046875 31.68492889404296875 31.693294525146484375
33.5669403076171875 33.527191162109375 33.473476409912109375 33.2940826416015625 33.11469268798828125 32.856334686279296875 32.564136505126953125 32.39763641357421875 32.5244293212890625 32.65122222900390625 32.556671142578125 32.437526702880859375 32.306507110595703125 32.163604736328125 32.0234222412109375 31.907716751098632813 31.792009353637695313 31.606288909912109375 31.390560150146484375 31.224407196044921875 31.173933029174804688 31.1234588623046875 31.129793167114257813 31.142438888549804688 31.149824142456054688 31.151950836181640625 31.166570663452148438 31.293628692626953125 31.420688629150390625 31.478330612182617188 31.506221771240234375 31.555070877075195313 31.652822494506835938 31.750574111938476563 31.715038299560546875 31.66469573974609375 31.59400177001953125 31.502958297729492188 31.444370269775390625 31.677883148193359375 31.911397933959960938 31.889020919799804688 31.7569732666015625 31.682134628295898438 31.74077606201171875 31.799419403076171875 31.805507659912109375 31.805755615234375
33.695728302001953125 33.637081146240234375 33.56391143798828125 33.360050201416015625 33.15618896484375 32.9487762451171875 32.739841461181640625 32.625579833984375 32.7322235107421875 32.8388671875 32.77449798583984375 32.69112396240234375 32.583560943603515625 32.451801300048828125 32.319629669189453125 32.183780670166015625 32.0479278564453125 31.802282333374023438 31.50958251953125 31.291627883911132813 31.248075485229492188 31.204523086547851563 31.236980438232421875 31.277883529663085938 31.299198150634765625 31.300928115844726563 31.314920425415039063 31.439283370971679688 31.563646316528320313 31.636377334594726563 31.686981201171875 31.7332763671875 31.769521713256835938 31.805765151977539063 31.720087051391601563 31.620862960815429688 31.547285079956054688 31.499355316162109375 31.483844757080078125 31.7601165771484375 32.036388397216796875 32.047466278076171875 31.944890975952148438 31.885107040405273438 31.925174713134765625 31.965244293212890625 31.951385498046875 31.931535720825195313
33.648258209228515625 33.57049560546875 33.484893798828125 33.328777313232421875 33.17266082763671875 33.00885772705078125 32.841766357421875 32.74273681640625 32.8025360107421875 32.862331390380859375 32.761875152587890625 32.643611907958984375 32.52667236328125 32.4110565185546875 32.2964630126953125 32.19104766845703125 32.085628509521484375 31.8675994873046875 31.601308822631835938 31.403200149536132813 31.364183425903320313 31.325168609619140625 31.354038238525390625 31.39044952392578125 31.410318374633789063 31.413640975952148438 31.427959442138671875 31.541229248046875 31.654499053955078125 31.770238876342773438 31.8870391845703125 31.9862823486328125 32.044567108154296875 32.102848052978515625 32.001575469970703125 31.882574081420898438 31.753145217895507813 31.613292694091796875 31.516643524169921875 31.808832168579101563 32.10102081298828125 32.13416290283203125 32.05628204345703125 32.028720855712890625 32.118572235107421875 32.208423614501953125 32.1562957763671875 32.0883941650390625
33.600788116455078125 33.503910064697265625 33.405879974365234375 33.297504425048828125 33.1891326904296875 33.068943023681640625 32.94368743896484375 32.859897613525390625 32.872844696044921875 32.88579559326171875 32.7492523193359375 32.596099853515625 32.46978759765625 32.3703155517578125 32.273296356201171875 32.19831085205078125 32.12332916259765625 31.932916641235351563 31.693033218383789063 31.514772415161132813 31.48029327392578125 31.445814132690429688 31.471096038818359375 31.503017425537109375 31.521436691284179688 31.526355743408203125 31.540998458862304688 31.6431732177734375 31.745349884033203125 31.9040985107421875 32.08709716796875 32.239292144775390625 32.319610595703125 32.399932861328125 32.283061981201171875 32.144287109375 31.95900726318359375 31.727230072021484375 31.549440383911132813 31.857545852661132813 32.1656494140625 32.220855712890625 32.167675018310546875 32.172336578369140625 32.31197357177734375 32.45160675048828125 32.361209869384765625 32.2452545166015625
33.832324981689453125 33.714946746826171875 33.597759246826171875 33.4822845458984375 33.366809844970703125 33.273754119873046875 33.1903076171875 33.130764007568359375 33.126987457275390625 33.123210906982421875 32.952594757080078125 32.7634429931640625 32.6212310791015625 32.5259552001953125 32.43204498291015625 32.35040283203125 32.268764495849609375 32.090381622314453125 31.870540618896484375 31.703222274780273438 31.658451080322265625 31.613679885864257813 31.625030517578125 31.642614364624023438 31.64611053466796875 31.635517120361328125 31.635578155517578125 31.731510162353515625 31.827442169189453125 31.951272964477539063 32.08705902099609375 32.266590118408203125 32.548187255859375 32.829784393310546875 32.762722015380859375 32.656925201416015625 32.488231658935546875 32.25664520263671875 32.071872711181640625 32.30843353271484375 32.544994354248046875 32.5903167724609375 32.553680419921875 32.56130218505859375 32.6721954345703125 32.78308868408203125 32.604656219482421875 32.394077301025390625
34.094860076904296875 33.9568328857421875 33.81974029541015625 33.691070556640625 33.562397003173828125 33.494647979736328125 33.453006744384765625 33.418712615966796875 33.401554107666015625 33.384395599365234375 33.179935455322265625 32.954662322998046875 32.7958221435546875 32.703418731689453125 32.611011505126953125 32.518589019775390625 32.426166534423828125 32.258087158203125 32.05757904052734375 31.900213241577148438 31.843503952026367188 31.786794662475585938 31.783061981201171875 31.78521728515625 31.772291183471679688 31.74428558349609375 31.728105545043945313 31.818334579467773438 31.908563613891601563 31.988813400268554688 32.064788818359375 32.268810272216796875 32.77159881591796875 33.274387359619140625 33.264400482177734375 33.197444915771484375 33.053386688232421875 32.832225799560546875 32.648712158203125 32.80400848388671875 32.9593048095703125 32.9911956787109375 32.9701995849609375 32.977527618408203125 33.050952911376953125 33.124378204345703125 32.852386474609375 32.542011260986328125
34.250396728515625 34.1230926513671875 33.99576568603515625 33.868236541748046875 33.740711212158203125 33.680927276611328125 33.650180816650390625 33.619174957275390625 33.587581634521484375 33.5559844970703125 33.320384979248046875 33.0621185302734375 32.891292572021484375 32.80791473388671875 32.72370147705078125 32.63198089599609375 32.540256500244140625 32.3712615966796875 32.16915130615234375 32.007293701171875 31.939348220825195313 31.871402740478515625 31.858837127685546875 31.852422714233398438 31.839874267578125 31.821191787719726563 31.814035415649414063 31.910614013671875 32.00719451904296875 32.055103302001953125 32.082157135009765625 32.258575439453125 32.783512115478515625 33.30844879150390625 33.314479827880859375 33.26285552978515625 33.14190673828125 32.951641082763671875 32.7954864501953125 32.946376800537109375 33.09726715087890625 33.143665313720703125 33.145275115966796875 33.165874481201171875 33.230777740478515625 33.295680999755859375 32.988494873046875 32.6399688720703125
34.2989349365234375 34.21372222900390625 34.125827789306640625 34.013790130615234375 33.901752471923828125 33.832599639892578125 33.781826019287109375 33.732158660888671875 33.68506622314453125 33.63797760009765625 33.3739471435546875 33.085811614990234375 32.90764617919921875 32.839450836181640625 32.770122528076171875 32.690578460693359375 32.61103057861328125 32.429912567138671875 32.205257415771484375 32.024456024169921875 31.94598388671875 31.867509841918945313 31.852354049682617188 31.844234466552734375 31.8488616943359375 31.86623382568359375 31.893367767333984375 32.008350372314453125 32.123332977294921875 32.150142669677734375 32.139163970947265625 32.23589324951171875 32.583934783935546875 32.931972503662109375 32.91295623779296875 32.853153228759765625 32.7537994384765625 32.61489105224609375 32.51220703125 32.735546112060546875 32.95888519287109375 33.04772186279296875 33.07891082763671875 33.126338958740234375 33.211666107177734375 33.296993255615234375 33.012989044189453125 32.68795013427734375
34.343273162841796875 34.29830169677734375 34.248233795166015625 34.152324676513671875 34.056415557861328125 33.978363037109375 33.907955169677734375 33.840099334716796875 33.77819061279296875 33.716281890869140625 33.424442291259765625 33.1070556640625 32.920856475830078125 32.86583709716796875 32.809356689453125 32.739734649658203125 32.670116424560546875 32.47808074951171875 32.23358154296875 32.03643798828125 31.94977569580078125 31.8631134033203125 31.844728469848632813 31.833929061889648438 31.856090545654296875 31.911211013793945313 31.974758148193359375 32.114131927490234375 32.253509521484375 32.263347625732421875 32.217670440673828125 32.242702484130859375 32.432712554931640625 32.622722625732421875 32.579753875732421875 32.51090240478515625 32.428272247314453125 32.331867218017578125 32.273242950439453125 32.554630279541015625 32.836017608642578125 32.965869903564453125 33.03078460693359375 33.105876922607421875 33.204723358154296875 33.303569793701171875 33.04041290283203125 32.737033843994140625
34.349803924560546875 34.328388214111328125 34.301715850830078125 34.22771453857421875 34.153713226318359375 34.070949554443359375 33.984432220458984375 33.902675628662109375 33.83203125 33.76139068603515625 33.447357177734375 33.106281280517578125 32.90578460693359375 32.84586334228515625 32.783935546875 32.703952789306640625 32.62397003173828125 32.431941986083984375 32.19189453125 32.001735687255859375 31.927972793579101563 31.85420989990234375 31.826808929443359375 31.804559707641601563 31.847490310668945313 31.955596923828125 32.0746612548828125 32.29233551025390625 32.510009765625 32.540050506591796875 32.489681243896484375 32.51495361328125 32.716724395751953125 32.918491363525390625 32.86145782470703125 32.77567291259765625 32.665988922119140625 32.532405853271484375 32.433162689208984375 32.642955780029296875 32.852748870849609375 33.010852813720703125 33.1468048095703125 33.257045745849609375 33.307281494140625 33.35752105712890625 33.09420013427734375 32.7960357666015625
34.356334686279296875 34.3584747314453125 34.355194091796875 34.3031005859375 34.251007080078125 34.16353607177734375 34.06090545654296875 33.965251922607421875 33.885875701904296875 33.806499481201171875 33.470272064208984375 33.10550689697265625 32.890712738037109375 32.825893402099609375 32.758518218994140625 32.668170928955078125 32.577823638916015625 32.38580322265625 32.15020751953125 31.96703338623046875 31.906169891357421875 31.845306396484375 31.80889129638671875 31.7751922607421875 31.838888168334960938 31.999982833862304688 32.174564361572265625 32.4705352783203125 32.766510009765625 32.8167572021484375 32.761692047119140625 32.78720855712890625 33.000732421875 33.214260101318359375 33.143161773681640625 33.040439605712890625 32.9037017822265625 32.732944488525390625 32.593082427978515625 32.731281280517578125 32.86948394775390625 33.055835723876953125 33.262828826904296875 33.408214569091796875 33.40984344482421875 33.411472320556640625 33.147983551025390625 32.85504150390625
34.3848419189453125 34.40337371826171875 34.412322998046875 34.335063934326171875 34.257801055908203125 34.139179229736328125 34.002826690673828125 33.87993621826171875 33.788448333740234375 33.69696044921875 33.356609344482421875 32.98860931396484375 32.76746368408203125 32.693180084228515625 32.6157379150390625 32.509868621826171875 32.404003143310546875 32.28365325927734375 32.157100677490234375 32.05887603759765625 32.026760101318359375 31.9946441650390625 31.897153854370117188 31.792400360107421875 31.802814483642578125 31.92839813232421875 32.068317413330078125 32.337276458740234375 32.606235504150390625 32.72780609130859375 32.786205291748046875 32.9013671875 33.1489715576171875 33.396575927734375 33.330230712890625 33.22900390625 33.060390472412109375 32.824390411376953125 32.61678314208984375 32.664684295654296875 32.712581634521484375 32.88396453857421875 33.108272552490234375 33.257904052734375 33.23329925537109375 33.2086944580078125 32.988922119140625 32.747467041015625
