data/rh9jan.asc
ncols        384
nrows        480
xllcorner    138.000000000000
yllcorner    -29.000000000000
cellsize     0.041666666667
NODATA_value -9999
[rows 352 to 373 of 480, columns 144 to 191 of 384]
41.625244140625 41.819843292236328125 41.9942779541015625 41.98720550537109375 41.980136871337890625 42.087711334228515625 42.244415283203125 42.38991546630859375 42.509265899658203125 42.6286163330078125 42.53072357177734375 42.40869140625 42.390789031982421875 42.477020263671875 42.56075286865234375 42.6219635009765625 42.683177947998046875 42.81046295166015625 42.966064453125 43.175983428955078125 43.512638092041015625 43.84929656982421875 44.069637298583984375 44.2770538330078125 44.32045745849609375 44.199840545654296875 44.09473419189453125 44.12918853759765625 44.16364288330078125 44.3445587158203125 44.588245391845703125 44.820384979248046875 45.025577545166015625 45.23077392578125 45.45035552978515625 45.671535491943359375 45.7655792236328125 45.73249053955078125 45.720447540283203125 45.897792816162109375 46.07514190673828125 46.40926361083984375 46.810573577880859375 47.2184600830078125 47.641681671142578125 48.064907073974609375 48.3989410400390625 48.72306060791015625
41.602519989013671875 41.788631439208984375 41.95841217041015625 41.981204986572265625 42.003993988037109375 42.127056121826171875 42.293087005615234375 42.441829681396484375 42.550220489501953125 42.6586151123046875 42.5701751708984375 42.459865570068359375 42.433673858642578125 42.49160003662109375 42.54747772216796875 42.58490753173828125 42.622333526611328125 42.701984405517578125 42.799732208251953125 42.9842681884765625 43.37131500244140625 43.758358001708984375 44.034763336181640625 44.2988739013671875 44.341220855712890625 44.16179656982421875 44.009273529052734375 44.098842620849609375 44.188411712646484375 44.41274261474609375 44.694828033447265625 44.955669403076171875 45.166934967041015625 45.37819671630859375 45.605060577392578125 45.833660125732421875 45.9168548583984375 45.85465240478515625 45.813373565673828125 45.960422515869140625 46.1074676513671875 46.4305267333984375 46.829021453857421875 47.2432098388671875 47.694004058837890625 48.144802093505859375 48.535518646240234375 48.919559478759765625
41.58411407470703125 41.7631378173828125 41.9308319091796875 41.996608734130859375 42.062381744384765625 42.21083831787109375 42.394733428955078125 42.551616668701171875 42.64546966552734375 42.73932647705078125 42.6607208251953125 42.562953948974609375 42.537303924560546875 42.58377838134765625 42.62812042236328125 42.6532745361328125 42.67842864990234375 42.6736602783203125 42.65606689453125 42.787166595458984375 43.265228271484375 43.743289947509765625 44.04296112060546875 44.322811126708984375 44.380176544189453125 44.215057373046875 44.076404571533203125 44.175960540771484375 44.2755126953125 44.52942657470703125 44.84949493408203125 45.137279510498046875 45.349735260009765625 45.562191009521484375 45.789600372314453125 46.018672943115234375 46.088947296142578125 46.000431060791015625 45.93386077880859375 46.0648193359375 46.195774078369140625 46.50585174560546875 46.8927001953125 47.29500579833984375 47.733386993408203125 48.171764373779296875 48.624752044677734375 49.079364776611328125
41.541362762451171875 41.717235565185546875 41.884738922119140625 41.976898193359375 42.069057464599609375 42.23174285888671875 42.42465972900390625 42.583019256591796875 42.6607513427734375 42.7384796142578125 42.656620025634765625 42.557025909423828125 42.5224456787109375 42.552867889404296875 42.581752777099609375 42.59676361083984375 42.6117706298828125 42.55728912353515625 42.4730224609375 42.57051849365234375 43.092121124267578125 43.613727569580078125 43.950817108154296875 44.267406463623046875 44.376346588134765625 44.277637481689453125 44.199005126953125 44.301067352294921875 44.40312957763671875 44.679706573486328125 45.031070709228515625 45.335262298583984375 45.529369354248046875 45.723480224609375 45.92649078369140625 46.130489349365234375 46.18498992919921875 46.089992523193359375 46.0155029296875 46.12555694580078125 46.2356109619140625 46.513324737548828125 46.86289215087890625 47.233104705810546875 47.651485443115234375 48.06986236572265625 48.589031219482421875 49.119396209716796875
41.44179534912109375 41.6237335205078125 41.7954559326171875 41.875263214111328125 41.95507049560546875 42.105930328369140625 42.2872467041015625 42.4315338134765625 42.48943328857421875 42.547332763671875 42.431674957275390625 42.296733856201171875 42.2310943603515625 42.2347564697265625 42.23903656005859375 42.248867034912109375 42.258693695068359375 42.23548126220703125 42.198108673095703125 42.308261871337890625 42.762638092041015625 43.217014312744140625 43.624542236328125 44.026859283447265625 44.27266693115234375 44.36196136474609375 44.451038360595703125 44.538166046142578125 44.6252899169921875 44.908374786376953125 45.275440216064453125 45.571437835693359375 45.7016143798828125 45.831790924072265625 45.952198028564453125 46.071521759033203125 46.10358428955078125 46.0483856201171875 46.006496429443359375 46.084423065185546875 46.162349700927734375 46.362468719482421875 46.614959716796875 46.90590667724609375 47.286590576171875 47.667278289794921875 48.261749267578125 48.879970550537109375
41.342227935791015625 41.5302276611328125 41.706172943115234375 41.77362823486328125 41.8410797119140625 41.9801177978515625 42.149829864501953125 42.280048370361328125 42.318119049072265625 42.356189727783203125 42.20673370361328125 42.03643798828125 41.9397430419921875 41.916645050048828125 41.896320343017578125 41.900970458984375 41.90561676025390625 41.91367340087890625 41.92319488525390625 42.0460052490234375 42.4331512451171875 42.820301055908203125 43.2982635498046875 43.78631591796875 44.1689910888671875 44.446285247802734375 44.703067779541015625 44.77526092529296875 44.84745025634765625 45.137042999267578125 45.519805908203125 45.807613372802734375 45.873859405517578125 45.94010162353515625 45.977909088134765625 46.012554168701171875 46.02217864990234375 46.00677490234375 45.997493743896484375 46.0432891845703125 46.08908843994140625 46.211612701416015625 46.367023468017578125 46.578708648681640625 46.92169952392578125 47.264690399169921875 47.9344635009765625 48.640544891357421875
41.270069122314453125 41.446521759033203125 41.608608245849609375 41.641376495361328125 41.674144744873046875 41.7902679443359375 41.942111968994140625 42.055408477783203125 42.078769683837890625 42.102130889892578125 41.962894439697265625 41.805591583251953125 41.72320556640625 41.715732574462890625 41.710643768310546875 41.727008819580078125 41.743377685546875 41.766376495361328125 41.792217254638671875 41.90924072265625 42.23902130126953125 42.5688018798828125 43.04279327392578125 43.532810211181640625 43.967304229736328125 44.346271514892578125 44.700107574462890625 44.8277587890625 44.955410003662109375 45.239959716796875 45.5917510986328125 45.860485076904296875 45.93541717529296875 46.010349273681640625 46.046855926513671875 46.079097747802734375 46.075954437255859375 46.037425994873046875 46.00775146484375 46.057750701904296875 46.10774993896484375 46.200702667236328125 46.312068939208984375 46.47210693359375 46.74571990966796875 47.019329071044921875 47.664508819580078125 48.35097503662109375
41.200954437255859375 41.363903045654296875 41.510120391845703125 41.505725860595703125 41.5013275146484375 41.593303680419921875 41.726581573486328125 41.82263946533203125 41.8318634033203125 41.841083526611328125 41.71695709228515625 41.5780181884765625 41.514980316162109375 41.52783966064453125 41.54241180419921875 41.572376251220703125 41.6023406982421875 41.638469696044921875 41.677234649658203125 41.7864227294921875 42.05992889404296875 42.33343505859375 42.795192718505859375 43.277866363525390625 43.754726409912109375 44.22577667236328125 44.66881561279296875 44.859745025634765625 45.0506744384765625 45.328899383544921875 45.64453887939453125 45.8929901123046875 45.98468017578125 46.0763702392578125 46.12061309814453125 46.15958404541015625 46.144748687744140625 46.076107025146484375 46.020153045654296875 46.078388214111328125 46.136623382568359375 46.20534515380859375 46.27855682373046875 46.390018463134765625 46.590728759765625 46.79143524169921875 47.4009246826171875 48.0558319091796875
41.14452362060546875 41.3315887451171875 41.495525360107421875 41.451335906982421875 41.40714263916015625 41.52503204345703125 41.712383270263671875 41.84471893310546875 41.8486785888671875 41.852642059326171875 41.70269775390625 41.535655975341796875 41.47162628173828125 41.510608673095703125 41.55084991455078125 41.602458953857421875 41.6540679931640625 41.71329498291015625 41.775783538818359375 41.886959075927734375 42.111736297607421875 42.336513519287109375 42.733341217041015625 43.149288177490234375 43.616443634033203125 44.1348114013671875 44.6246490478515625 44.85770416259765625 45.09075927734375 45.286518096923828125 45.4662933349609375 45.647418975830078125 45.83170318603515625 46.015987396240234375 46.029327392578125 46.02367401123046875 46.00669097900390625 45.978382110595703125 45.960296630859375 46.034236907958984375 46.108173370361328125 46.156497955322265625 46.19384002685546875 46.287906646728515625 46.5143280029296875 46.74074554443359375 47.3316497802734375 47.963054656982421875
41.100780487060546875 41.34957122802734375 41.5648193359375 41.478206634521484375 41.391597747802734375 41.58545684814453125 41.8995208740234375 42.121639251708984375 42.129222869873046875 42.136806488037109375 41.920116424560546875 41.67850494384765625 41.593143463134765625 41.664031982421875 41.735958099365234375 41.817256927490234375 41.898555755615234375 41.99085235595703125 42.087863922119140625 42.210845947265625 42.394439697265625 42.578029632568359375 42.857242584228515625 43.1470794677734375 43.552459716796875 44.0733795166015625 44.567607879638671875 44.82163238525390625 45.075656890869140625 45.1128082275390625 45.05701446533203125 45.123775482177734375 45.476490020751953125 45.829204559326171875 45.772998809814453125 45.671360015869140625 45.661777496337890625 45.744251251220703125 45.828189849853515625 45.92529296875 46.022396087646484375 46.05416107177734375 46.057918548583984375 46.165771484375 46.516513824462890625 46.86725616455078125 47.45668792724609375 48.072643280029296875
41.0376434326171875 41.333698272705078125 41.589046478271484375 41.47806549072265625 41.367084503173828125 41.628398895263671875 42.04926300048828125 42.3490447998046875 42.366291046142578125 42.383541107177734375 42.1162872314453125 41.8174285888671875 41.71393585205078125 41.805816650390625 41.89922332763671875 42.006381988525390625 42.113536834716796875 42.23622894287109375 42.365573883056640625 42.4999847412109375 42.646209716796875 42.7924346923828125 42.964778900146484375 43.1400299072265625 43.485973358154296875 44.00261688232421875 44.49491119384765625 44.768096923828125 45.04128265380859375 44.93788909912109375 44.673099517822265625 44.63690185546875 45.13408660888671875 45.6312713623046875 45.517147064208984375 45.33510589599609375 45.3304595947265625 45.50321197509765625 45.67075347900390625 45.791400909423828125 45.912052154541015625 45.934200286865234375 45.914134979248046875 46.037754058837890625 46.496639251708984375 46.955524444580078125 47.538402557373046875 48.1350555419921875
40.799915313720703125 41.01312255859375 41.207721710205078125 41.234806060791015625 41.26189422607421875 41.513973236083984375 41.862476348876953125 42.130809783935546875 42.212085723876953125 42.29335784912109375 42.12125396728515625 41.920993804931640625 41.828189849853515625 41.842845916748046875 41.865886688232421875 41.964427947998046875 42.0629730224609375 42.19195556640625 42.333984375 42.47637176513671875 42.619594573974609375 42.7628173828125 42.925052642822265625 43.0894012451171875 43.397014617919921875 43.84789276123046875 44.28128814697265625 44.557369232177734375 44.8334503173828125 44.752044677734375 44.51743316650390625 44.4810028076171875 44.906993865966796875 45.332988739013671875 45.26557159423828125 45.14333343505859375 45.121463775634765625 45.199954986572265625 45.28536224365234375 45.432971954345703125 45.580585479736328125 45.655643463134765625 45.69960784912109375 45.856807708740234375 46.278217315673828125 46.6996307373046875 47.23020172119140625 47.77289581298828125
40.56218719482421875 40.6925506591796875 40.82639312744140625 40.991546630859375 41.156703948974609375 41.399547576904296875 41.675685882568359375 41.91257476806640625 42.0578765869140625 42.20317840576171875 42.126216888427734375 42.02455902099609375 41.942447662353515625 41.87987518310546875 41.832550048828125 41.92247772216796875 42.0124053955078125 42.14768218994140625 42.302394866943359375 42.4527587890625 42.59297943115234375 42.7332000732421875 42.88532257080078125 43.0387725830078125 43.30805206298828125 43.69316864013671875 44.067668914794921875 44.34664154052734375 44.62561798095703125 44.566204071044921875 44.361766815185546875 44.325103759765625 44.679904937744140625 45.03470611572265625 45.013996124267578125 44.951564788818359375 44.912464141845703125 44.896697998046875 44.899967193603515625 45.074542999267578125 45.249118804931640625 45.377086639404296875 45.485080718994140625 45.6758575439453125 46.059795379638671875 46.443737030029296875 46.9219970703125 47.410736083984375
40.28478240966796875 40.376068115234375 40.48172760009765625 40.71672821044921875 40.951732635498046875 41.231899261474609375 41.531421661376953125 41.788722991943359375 41.94750213623046875 42.10628509521484375 42.019939422607421875 41.9063568115234375 41.82752227783203125 41.783443450927734375 41.751689910888671875 41.83092498779296875 41.91015625 42.046291351318359375 42.206817626953125 42.37493896484375 42.56078338623046875 42.746631622314453125 42.89400482177734375 43.037105560302734375 43.293712615966796875 43.6638336181640625 44.011310577392578125 44.1550140380859375 44.298717498779296875 44.32025909423828125 44.2894439697265625 44.34915924072265625 44.620121002197265625 44.891082763671875 44.911212921142578125 44.903472900390625 44.8490142822265625 44.747844696044921875 44.67340850830078125 44.839572906494140625 45.0057373046875 45.171268463134765625 45.33652496337890625 45.56397247314453125 45.93653106689453125 46.30908966064453125 46.750789642333984375 47.20017242431640625
39.9903717041015625 40.06134033203125 40.152774810791015625 40.42838287353515625 40.7039947509765625 41.04143524169921875 41.405376434326171875 41.70531463623046875 41.855915069580078125 42.006519317626953125 41.865985870361328125 41.69310760498046875 41.614383697509765625 41.62981414794921875 41.650463104248046875 41.718109130859375 41.78575897216796875 41.9204254150390625 42.0838165283203125 42.273883819580078125 42.5261993408203125 42.778514862060546875 42.923435211181640625 43.05641937255859375 43.3113555908203125 43.688236236572265625 44.0223541259765625 43.9715728759765625 43.9207916259765625 44.048553466796875 44.252834320068359375 44.450344085693359375 44.63204193115234375 44.81374359130859375 44.872196197509765625 44.91695404052734375 44.847942352294921875 44.6651611328125 44.51491546630859375 44.657512664794921875 44.800106048583984375 44.99662017822265625 45.216243743896484375 45.481689453125 45.854045867919921875 46.22640228271484375 46.638294219970703125 47.0545806884765625
39.76645660400390625 39.833545684814453125 39.927703857421875 40.26549530029296875 40.603282928466796875 40.979888916015625 41.37313079833984375 41.69207000732421875 41.837627410888671875 41.983188629150390625 41.809787750244140625 41.600948333740234375 41.52738189697265625 41.589092254638671875 41.64794921875 41.68111419677734375 41.714282989501953125 41.856792449951171875 42.04616546630859375 42.274768829345703125 42.59491729736328125 42.915065765380859375 43.04195404052734375 43.147373199462890625 43.37697601318359375 43.730762481689453125 44.034732818603515625 43.890331268310546875 43.745929718017578125 43.930755615234375 44.25667572021484375 44.5214996337890625 44.643756866455078125 44.766017913818359375 44.82344818115234375 44.8736724853515625 44.79390716552734375 44.584148406982421875 44.40594482421875 44.511753082275390625 44.617565155029296875 44.829830169677734375 45.087718963623046875 45.37299346923828125 45.722171783447265625 46.07135009765625 46.459003448486328125 46.850933074951171875
39.707027435302734375 39.808597564697265625 39.945037841796875 40.39533233642578125 40.845623016357421875 41.21913909912109375 41.559749603271484375 41.842529296875 41.990367889404296875 42.13820648193359375 41.9816741943359375 41.79132080078125 41.734706878662109375 41.811824798583984375 41.875759124755859375 41.8210296630859375 41.76629638671875 41.93837738037109375 42.207668304443359375 42.513519287109375 42.90468597412109375 43.2958526611328125 43.368366241455078125 43.4054718017578125 43.55454254150390625 43.815570831298828125 44.050228118896484375 44.047557830810546875 44.04488372802734375 44.17206573486328125 44.354900360107421875 44.522602081298828125 44.654994964599609375 44.78739166259765625 44.751987457275390625 44.697940826416015625 44.6162872314453125 44.507030487060546875 44.412517547607421875 44.45070648193359375 44.488895416259765625 44.681362152099609375 44.93994903564453125 45.20267486572265625 45.47505950927734375 45.74744415283203125 46.1238555908203125 46.5118255615234375
39.647594451904296875 39.7836456298828125 39.962371826171875 40.52516937255859375 41.087963104248046875 41.4583892822265625 41.746368408203125 41.992992401123046875 42.143108367919921875 42.2932281494140625 42.153560638427734375 41.98169708251953125 41.942028045654296875 42.034557342529296875 42.103572845458984375 41.960941314697265625 41.818309783935546875 42.01996612548828125 42.369171142578125 42.752269744873046875 43.21445465087890625 43.6766357421875 43.694774627685546875 43.66357421875 43.73210906982421875 43.900379180908203125 44.06572723388671875 44.204784393310546875 44.343841552734375 44.4133758544921875 44.453121185302734375 44.523700714111328125 44.666233062744140625 44.80876922607421875 44.680530548095703125 44.522205352783203125 44.43866729736328125 44.42990875244140625 44.419086456298828125 44.389659881591796875 44.3602294921875 44.53289794921875 44.792179107666015625 45.03235626220703125 45.227947235107421875 45.4235382080078125 45.788707733154296875 46.172718048095703125
39.401119232177734375 39.553264617919921875 39.74489593505859375 40.291889190673828125 40.838878631591796875 41.245571136474609375 41.592128753662109375 41.88576507568359375 42.055912017822265625 42.2260589599609375 42.14571380615234375 42.037532806396484375 41.976715087890625 41.9632568359375 41.94658660888671875 41.9010162353515625 41.85544586181640625 42.13128662109375 42.544872283935546875 42.937610626220703125 43.28171539306640625 43.625820159912109375 43.53127288818359375 43.387989044189453125 43.4494476318359375 43.715648651123046875 43.967437744140625 44.089557647705078125 44.21167755126953125 44.288234710693359375 44.34526824951171875 44.426815032958984375 44.56557464599609375 44.7043304443359375 44.587535858154296875 44.442348480224609375 44.367687225341796875 44.363552093505859375 44.352138519287109375 44.27518463134765625 44.19823455810546875 44.325649261474609375 44.540653228759765625 44.732177734375 44.86890411376953125 45.005634307861328125 45.32630157470703125 45.667400360107421875
39.133861541748046875 39.300060272216796875 39.501331329345703125 40.0182647705078125 40.53519439697265625 40.98252105712890625 41.40001678466796875 41.749908447265625 41.94205474853515625 42.134204864501953125 42.11789703369140625 42.07842254638671875 41.992221832275390625 41.859283447265625 41.746845245361328125 41.818889617919921875 41.890933990478515625 42.24591064453125 42.722148895263671875 43.1170196533203125 43.322032928466796875 43.527050018310546875 43.313343048095703125 43.05310821533203125 43.115650177001953125 43.50096893310546875 43.856510162353515625 43.944061279296875 44.031612396240234375 44.12237548828125 44.21451568603515625 44.319042205810546875 44.452480316162109375 44.58591461181640625 44.492153167724609375 44.37314605712890625 44.308559417724609375 44.29839324951171875 44.277019500732421875 44.154773712158203125 44.03253173828125 44.11186981201171875 44.277599334716796875 44.417568206787109375 44.49742889404296875 44.577289581298828125 44.84975433349609375 45.14361572265625
39.122112274169921875 39.301418304443359375 39.50699615478515625 39.949039459228515625 40.391082763671875 40.816402435302734375 41.234554290771484375 41.588726043701171875 41.793613433837890625 41.99849700927734375 42.042118072509765625 42.06781768798828125 42.038593292236328125 41.954433441162109375 41.89241790771484375 42.02968597412109375 42.166950225830078125 42.493846893310546875 42.90201568603515625 43.21616363525390625 43.3109283447265625 43.405689239501953125 43.168521881103515625 42.89447021484375 42.957546234130859375 43.357746124267578125 43.721588134765625 43.758228302001953125 43.794872283935546875 43.8885650634765625 44.0067138671875 44.126247406005859375 44.2490234375 44.37180328369140625 44.3471832275390625 44.306186676025390625 44.27008819580078125 44.2388916015625 44.201007843017578125 44.10294342041015625 44.004878997802734375 44.053905487060546875 44.1659698486328125 44.2606353759765625 44.31468963623046875 44.368747711181640625 44.587612152099609375 44.824787139892578125
39.365875244140625 39.557338714599609375 39.761890411376953125 40.084217071533203125 40.40654754638671875 40.747219085693359375 41.0957489013671875 41.40222930908203125 41.6105804443359375 41.81893157958984375 41.918376922607421875 42.0057220458984375 42.115833282470703125 42.248706817626953125 42.383304595947265625 42.5334014892578125 42.683502197265625 42.87509918212890625 43.084476470947265625 43.235050201416015625 43.248394012451171875 43.26174163818359375 43.096813201904296875 42.912078857421875 42.975131988525390625 43.285976409912109375 43.56267547607421875 43.53206634521484375 43.501461029052734375 43.586811065673828125 43.721858978271484375 43.848430633544921875 43.955211639404296875 44.0619964599609375 44.152629852294921875 44.241466522216796875 44.2522735595703125 44.185047149658203125 44.1240997314453125 44.119686126708984375 44.115268707275390625 44.15175628662109375 44.20577239990234375 44.261379241943359375 44.3206939697265625 44.38001251220703125 44.53987884521484375 44.710918426513671875
