data/rh9jan.asc
ncols        384
nrows        480
xllcorner    138.000000000000
yllcorner    -29.000000000000
cellsize     0.041666666667
NODATA_value -9999
[rows 330 to 351 of 480, columns 96 to 143 of 384]
39.658817291259765625 39.723545074462890625 39.778759002685546875 39.74835205078125 39.717945098876953125 39.72446441650390625 39.746807098388671875 39.788684844970703125 39.876132965087890625 39.96358489990234375 40.09024810791015625 40.221271514892578125 40.653820037841796875 41.3878936767578125 42.02692413330078125 41.81055450439453125 41.59418487548828125 41.773754119873046875 42.123016357421875 42.398403167724609375 42.5014190673828125 42.60443878173828125 42.73419189453125 42.866916656494140625 42.967304229736328125 43.035350799560546875 43.119182586669921875 43.34510040283203125 43.571018218994140625 43.8140411376953125 44.064395904541015625 44.15367889404296875 43.867122650146484375 43.580562591552734375 43.456523895263671875 43.350543975830078125 43.23937225341796875 43.12300872802734375 43.028537750244140625 43.131103515625 43.23366546630859375 43.317768096923828125 43.39395904541015625 43.448863983154296875 43.4541015625 43.459339141845703125 43.600025177001953125 43.75576019287109375
39.68346405029296875 39.7335205078125 39.773509979248046875 39.7228546142578125 39.6721954345703125 39.67279815673828125 39.695369720458984375 39.739048004150390625 39.831981658935546875 39.924915313720703125 40.087039947509765625 40.256855010986328125 40.652690887451171875 41.27454376220703125 41.814075469970703125 41.612705230712890625 41.41133880615234375 41.55291748046875 41.841472625732421875 42.081531524658203125 42.20842742919921875 42.3353271484375 42.543231964111328125 42.76013946533203125 42.901042938232421875 42.965946197509765625 43.03670501708984375 43.16013336181640625 43.283565521240234375 43.55667877197265625 43.8939361572265625 44.041378021240234375 43.745914459228515625 43.450450897216796875 43.2857818603515625 43.13564300537109375 42.99303436279296875 42.85796356201171875 42.749782562255859375 42.883640289306640625 43.01749420166015625 43.162998199462890625 43.3134918212890625 43.416339874267578125 43.40799713134765625 43.399654388427734375 43.506214141845703125 43.62554168701171875
39.65667724609375 39.6750335693359375 39.685947418212890625 39.6298370361328125 39.57373046875 39.58278656005859375 39.619770050048828125 39.686275482177734375 39.821666717529296875 39.957057952880859375 40.247768402099609375 40.555736541748046875 40.9070281982421875 41.30164337158203125 41.646045684814453125 41.538562774658203125 41.43108367919921875 41.51850128173828125 41.689453125 41.84836578369140625 41.97919464111328125 42.110027313232421875 42.32479095458984375 42.548885345458984375 42.686824798583984375 42.73860931396484375 42.81235504150390625 43.083740234375 43.35512542724609375 43.606906890869140625 43.850292205810546875 43.91184234619140625 43.5491180419921875 43.186397552490234375 43.039592742919921875 42.916782379150390625 42.7728271484375 42.60773468017578125 42.474456787109375 42.627490997314453125 42.780521392822265625 43.011959075927734375 43.27700042724609375 43.465541839599609375 43.47559356689453125 43.485645294189453125 43.505401611328125 43.52623748779296875
39.62989044189453125 39.616546630859375 39.59838104248046875 39.536823272705078125 39.475261688232421875 39.49277496337890625 39.5441741943359375 39.63350677490234375 39.8113555908203125 39.98920440673828125 40.408496856689453125 40.854618072509765625 41.161365509033203125 41.328739166259765625 41.478015899658203125 41.464420318603515625 41.450824737548828125 41.484088897705078125 41.537433624267578125 41.615200042724609375 41.74996185302734375 41.884723663330078125 42.106349945068359375 42.3376312255859375 42.47260284423828125 42.511272430419921875 42.588008880615234375 43.00734710693359375 43.426685333251953125 43.657138824462890625 43.806644439697265625 43.782306671142578125 43.352321624755859375 42.92234039306640625 42.793407440185546875 42.6979217529296875 42.55261993408203125 42.357509613037109375 42.199127197265625 42.371341705322265625 42.543552398681640625 42.86092376708984375 43.240505218505859375 43.51474761962890625 43.54319000244140625 43.571636199951171875 43.504589080810546875 43.42693328857421875
39.465610504150390625 39.45110321044921875 39.431858062744140625 39.36995697021484375 39.30805206298828125 39.3249053955078125 39.37551116943359375 39.450042724609375 39.580402374267578125 39.71076202392578125 40.037220001220703125 40.385467529296875 40.652111053466796875 40.837146759033203125 41.0109405517578125 41.0835113525390625 41.156078338623046875 41.2027435302734375 41.238300323486328125 41.298862457275390625 41.4177703857421875 41.536678314208984375 41.7828521728515625 42.0431671142578125 42.244045257568359375 42.385494232177734375 42.545871734619140625 42.876583099365234375 43.207294464111328125 43.311061859130859375 43.31757354736328125 43.231536865234375 42.92955780029296875 42.627582550048828125 42.535655975341796875 42.467067718505859375 42.331333160400390625 42.12845611572265625 41.961254119873046875 42.11516571044921875 42.269077301025390625 42.586200714111328125 42.97327423095703125 43.2635040283203125 43.327762603759765625 43.39202117919921875 43.308422088623046875 43.208393096923828125
39.286052703857421875 39.273777008056640625 39.256561279296875 39.19488525390625 39.133205413818359375 39.148387908935546875 39.19651031494140625 39.2520599365234375 39.3249359130859375 39.397808074951171875 39.606830596923828125 39.8309783935546875 40.05800628662109375 40.287921905517578125 40.5106353759765625 40.668514251708984375 40.826389312744140625 40.89395904541015625 40.922821044921875 40.9732818603515625 41.074138641357421875 41.17499542236328125 41.447681427001953125 41.7394561767578125 42.013896942138671875 42.27100372314453125 42.52397918701171875 42.739776611328125 42.955577850341796875 42.92095184326171875 42.7790069580078125 42.633960723876953125 42.481685638427734375 42.329410552978515625 42.27661895751953125 42.2348785400390625 42.10992431640625 41.901752471923828125 41.727542877197265625 41.858989715576171875 41.9904327392578125 42.29773712158203125 42.680408477783203125 42.9788818359375 43.0808868408203125 43.182891845703125 43.090545654296875 42.9766082763671875
39.103778839111328125 39.10155487060546875 39.09403228759765625 39.03881072998046875 38.983592987060546875 39.001373291015625 39.050434112548828125 39.095062255859375 39.129329681396484375 39.16359710693359375 39.27408599853515625 39.393047332763671875 39.5775909423828125 39.827716827392578125 40.079051971435546875 40.3412628173828125 40.6034698486328125 40.714496612548828125 40.76073455810546875 40.791046142578125 40.784198760986328125 40.77735137939453125 41.101612091064453125 41.462665557861328125 41.803493499755859375 42.1240997314453125 42.4288787841796875 42.5912322998046875 42.753582000732421875 42.68077850341796875 42.50719451904296875 42.35418701171875 42.24919891357421875 42.144207000732421875 42.117919921875 42.100376129150390625 41.98944091796875 41.785114288330078125 41.612773895263671875 41.72827911376953125 41.843784332275390625 42.102802276611328125 42.423328399658203125 42.6799774169921875 42.78759002685546875 42.895198822021484375 42.83568572998046875 42.757602691650390625
38.91878509521484375 38.9344329833984375 38.944263458251953125 38.90174102783203125 38.859218597412109375 38.883861541748046875 38.937286376953125 38.979045867919921875 38.993587493896484375 39.00812530517578125 39.03899383544921875 39.07167816162109375 39.210857391357421875 39.456531524658203125 39.71619415283203125 40.10175323486328125 40.487316131591796875 40.664356231689453125 40.752033233642578125 40.752147674560546875 40.547946929931640625 40.34374237060546875 40.74465179443359375 41.212795257568359375 41.6128387451171875 41.944782257080078125 42.260570526123046875 42.430942535400390625 42.60131072998046875 42.59053802490234375 42.50213623046875 42.392215728759765625 42.232089996337890625 42.071964263916015625 42.0595550537109375 42.063556671142578125 41.96988677978515625 41.77854156494140625 41.616939544677734375 41.723033905029296875 41.829128265380859375 42.001399993896484375 42.20203399658203125 42.36679840087890625 42.44786834716796875 42.52893829345703125 42.543834686279296875 42.551380157470703125
38.730438232421875 38.76392364501953125 38.79088592529296875 38.759098052978515625 38.7273101806640625 38.757007598876953125 38.813053131103515625 38.85181427001953125 38.850254058837890625 38.84869384765625 38.807193756103515625 38.761260986328125 38.866062164306640625 39.12160491943359375 39.399654388427734375 39.88030242919921875 40.36095428466796875 40.588420867919921875 40.707386016845703125 40.681034088134765625 40.315616607666015625 39.95020294189453125 40.415676116943359375 40.97347259521484375 41.424655914306640625 41.769229888916015625 42.096160888671875 42.26432037353515625 42.4324798583984375 42.472095489501953125 42.45662689208984375 42.386943817138671875 42.190765380859375 41.994586944580078125 41.99773406982421875 42.023029327392578125 41.94915008544921875 41.77610015869140625 41.62969970703125 41.723114013671875 41.816532135009765625 41.90566253662109375 41.99295806884765625 42.070720672607421875 42.12624359130859375 42.181766510009765625 42.270755767822265625 42.36346435546875
38.5118865966796875 38.562923431396484375 38.60498809814453125 38.566287994384765625 38.527587890625 38.5460662841796875 38.589054107666015625 38.623638153076171875 38.638629913330078125 38.65361785888671875 38.60504150390625 38.54940032958984375 38.718723297119140625 39.113006591796875 39.5 39.821361541748046875 40.142726898193359375 40.280330657958984375 40.33917999267578125 40.31996917724609375 40.118618011474609375 39.917263031005859375 40.33858489990234375 40.82909393310546875 41.258739471435546875 41.627529144287109375 41.966823577880859375 42.04070281982421875 42.114582061767578125 42.099819183349609375 42.047069549560546875 41.9919891357421875 41.931476593017578125 41.870967864990234375 41.90479278564453125 41.9490966796875 41.91779327392578125 41.810878753662109375 41.719791412353515625 41.771129608154296875 41.822467803955078125 41.860912322998046875 41.893833160400390625 41.928558349609375 41.967487335205078125 42.006420135498046875 42.16663360595703125 42.340328216552734375
38.2933349609375 38.3619232177734375 38.41909027099609375 38.373477935791015625 38.3278656005859375 38.3351287841796875 38.365055084228515625 38.3954620361328125 38.427001953125 38.4585418701171875 38.40288543701171875 38.3375396728515625 38.571380615234375 39.104412078857421875 39.600345611572265625 39.762420654296875 39.92449951171875 39.972240447998046875 39.970977783203125 39.958904266357421875 39.9216156005859375 39.884326934814453125 40.261493682861328125 40.68471527099609375 41.09282684326171875 41.485828399658203125 41.837490081787109375 41.817089080810546875 41.796688079833984375 41.72754669189453125 41.63751220703125 41.59703826904296875 41.672191619873046875 41.747348785400390625 41.81185150146484375 41.8751678466796875 41.88643646240234375 41.8456573486328125 41.80988311767578125 41.819141387939453125 41.828403472900390625 41.816162109375 41.794708251953125 41.786396026611328125 41.808734893798828125 41.831073760986328125 42.0625152587890625 42.317188262939453125
38.15753173828125 38.23261260986328125 38.295696258544921875 38.250774383544921875 38.20584869384765625 38.211322784423828125 38.238391876220703125 38.268032073974609375 38.303668975830078125 38.339305877685546875 38.283435821533203125 38.21739959716796875 38.416259765625 38.88001251220703125 39.323028564453125 39.579418182373046875 39.83580780029296875 39.844188690185546875 39.74627685546875 39.684192657470703125 39.705699920654296875 39.72721099853515625 40.052005767822265625 40.410495758056640625 40.798603057861328125 41.216327667236328125 41.58907318115234375 41.55704498291015625 41.525020599365234375 41.455718994140625 41.370441436767578125 41.34345245361328125 41.45246124267578125 41.561473846435546875 41.66461944580078125 41.767116546630859375 41.80204010009765625 41.769397735595703125 41.739593505859375 41.735363006591796875 41.731128692626953125 41.75188446044921875 41.783344268798828125 41.80612945556640625 41.808673858642578125 41.81121826171875 42.007968902587890625 42.226299285888671875
38.05718994140625 38.134029388427734375 38.199085235595703125 38.158111572265625 38.117137908935546875 38.124858856201171875 38.153446197509765625 38.18377685546875 38.218173980712890625 38.252567291259765625 38.199432373046875 38.136566162109375 38.2577972412109375 38.5631256103515625 38.883861541748046875 39.3432464599609375 39.80263519287109375 39.79329681396484375 39.583080291748046875 39.4464874267578125 39.48168182373046875 39.516876220703125 39.785770416259765625 40.08063507080078125 40.44939422607421875 40.89205169677734375 41.289623260498046875 41.281391143798828125 41.273162841796875 41.226940155029296875 41.16443634033203125 41.15045166015625 41.249683380126953125 41.34891510009765625 41.494121551513671875 41.644435882568359375 41.694911956787109375 41.64554595947265625 41.6005706787109375 41.595096588134765625 41.58962249755859375 41.679233551025390625 41.809589385986328125 41.895252227783203125 41.876628875732421875 41.858005523681640625 41.97467041015625 42.1063690185546875
37.920093536376953125 38.006256103515625 38.0797882080078125 38.039646148681640625 37.99950408935546875 38.009288787841796875 38.04046630859375 38.072277069091796875 38.105556488037109375 38.138835906982421875 38.088741302490234375 38.02938079833984375 38.094692230224609375 38.28466796875 38.512451171875 39.080471038818359375 39.64849090576171875 39.660625457763671875 39.434528350830078125 39.2895355224609375 39.33380126953125 39.3780670166015625 39.584957122802734375 39.809917449951171875 40.131923675537109375 40.5509796142578125 40.932086944580078125 40.971637725830078125 41.011188507080078125 40.994293212890625 40.953205108642578125 40.95569610595703125 41.059856414794921875 41.1640167236328125 41.348239898681640625 41.541362762451171875 41.607494354248046875 41.54663848876953125 41.49456024169921875 41.521472930908203125 41.5483856201171875 41.680633544921875 41.858020782470703125 41.964618682861328125 41.90604400634765625 41.847469329833984375 41.908031463623046875 41.981830596923828125
37.697223663330078125 37.8103790283203125 37.907558441162109375 37.860973358154296875 37.814388275146484375 37.825801849365234375 37.8620758056640625 37.897205352783203125 37.92966461181640625 37.96212005615234375 37.915790557861328125 37.860706329345703125 37.920734405517578125 38.095874786376953125 38.2991485595703125 38.755615234375 39.212085723876953125 39.337127685546875 39.32013702392578125 39.321014404296875 39.36357879638671875 39.406147003173828125 39.536785125732421875 39.67720794677734375 39.888515472412109375 40.17071533203125 40.43902587890625 40.582317352294921875 40.72560882568359375 40.75261688232421875 40.72978973388671875 40.756832122802734375 40.900238037109375 41.04364013671875 41.259792327880859375 41.484027862548828125 41.566074371337890625 41.50592803955078125 41.465576171875 41.603343963623046875 41.741107940673828125 41.854816436767578125 41.958217620849609375 41.987888336181640625 41.8455352783203125 41.703182220458984375 41.7635955810546875 41.8465423583984375
37.474353790283203125 37.614501953125 37.735332489013671875 37.682300567626953125 37.6292724609375 37.6423187255859375 37.683685302734375 37.722133636474609375 37.7537689208984375 37.785400390625 37.742839813232421875 37.6920318603515625 37.7467803955078125 37.907085418701171875 38.085849761962890625 38.43076324462890625 38.775676727294921875 39.01363372802734375 39.205745697021484375 39.352489471435546875 39.3933563232421875 39.43422698974609375 39.48860931396484375 39.54449462890625 39.645107269287109375 39.7904510498046875 39.94596099853515625 40.1929931640625 40.44002532958984375 40.5109405517578125 40.506374359130859375 40.557971954345703125 40.740619659423828125 40.923267364501953125 41.171344757080078125 41.426692962646484375 41.52465057373046875 41.46521759033203125 41.43659210205078125 41.685211181640625 41.93383026123046875 42.029003143310546875 42.05841064453125 42.011157989501953125 41.78502655029296875 41.55889129638671875 41.619159698486328125 41.71125030517578125
37.460407257080078125 37.587688446044921875 37.697444915771484375 37.649448394775390625 37.601451873779296875 37.601985931396484375 37.62331390380859375 37.652675628662109375 37.7007904052734375 37.7489013671875 37.7315826416015625 37.706996917724609375 37.773921966552734375 37.932353973388671875 38.109043121337890625 38.450069427490234375 38.7910919189453125 39.0607147216796875 39.29973602294921875 39.481662750244140625 39.530376434326171875 39.57909393310546875 39.598201751708984375 39.61402130126953125 39.685230255126953125 39.81183624267578125 39.949649810791015625 40.1883697509765625 40.427093505859375 40.51255035400390625 40.532318115234375 40.60683441162109375 40.809093475341796875 41.0113525390625 41.248470306396484375 41.48946380615234375 41.57920074462890625 41.517688751220703125 41.48748016357421875 41.739032745361328125 41.990581512451171875 42.08176422119140625 42.104217529296875 42.043193817138671875 41.787395477294921875 41.531597137451171875 41.5841827392578125 41.671031951904296875
37.46967315673828125 37.579662322998046875 37.6744842529296875 37.6327972412109375 37.591114044189453125 37.577556610107421875 37.576053619384765625 37.5949554443359375 37.661468505859375 37.727977752685546875 37.738292694091796875 37.742366790771484375 37.823406219482421875 37.98140716552734375 38.158519744873046875 38.5076141357421875 38.85671234130859375 39.1489715576171875 39.41687774658203125 39.621692657470703125 39.67931365966796875 39.736934661865234375 39.725322723388671875 39.70601654052734375 39.75685882568359375 39.87784576416015625 40.008533477783203125 40.22649383544921875 40.444454193115234375 40.54119110107421875 40.585971832275390625 40.6832275390625 40.90291595458984375 41.1226043701171875 41.343997955322265625 41.565578460693359375 41.64441680908203125 41.580509185791015625 41.547245025634765625 41.78973388671875 42.0322265625 42.12103271484375 42.14398193359375 42.076206207275390625 41.7967529296875 41.517299652099609375 41.561367034912109375 41.64138031005859375
37.364826202392578125 37.45967864990234375 37.54126739501953125 37.503467559814453125 37.465671539306640625 37.4619598388671875 37.4728546142578125 37.507022857666015625 37.595489501953125 37.683956146240234375 37.716388702392578125 37.74259185791015625 37.83473968505859375 37.992828369140625 38.168979644775390625 38.507656097412109375 38.846332550048828125 39.152591705322265625 39.444957733154296875 39.66426849365234375 39.713123321533203125 39.761974334716796875 39.729007720947265625 39.686954498291015625 39.72016143798828125 39.82863616943359375 39.947345733642578125 40.15816497802734375 40.36898040771484375 40.474834442138671875 40.53570556640625 40.65137481689453125 40.894916534423828125 41.138462066650390625 41.3637542724609375 41.587017059326171875 41.654300689697265625 41.565601348876953125 41.502277374267578125 41.667331695556640625 41.83238983154296875 41.881984710693359375 41.8820953369140625 41.817718505859375 41.602878570556640625 41.388034820556640625 41.472137451171875 41.589450836181640625
37.1458740234375 37.22774505615234375 37.297794342041015625 37.261463165283203125 37.225131988525390625 37.255199432373046875 37.313716888427734375 37.388874053955078125 37.502857208251953125 37.6168365478515625 37.665863037109375 37.707672119140625 37.807926177978515625 37.96662139892578125 38.1404266357421875 38.450191497802734375 38.759960174560546875 39.071575164794921875 39.383983612060546875 39.6093902587890625 39.63179779052734375 39.654209136962890625 39.60926055908203125 39.55683135986328125 39.575145721435546875 39.66420745849609375 39.76609039306640625 39.983379364013671875 40.200672149658203125 40.313480377197265625 40.381511688232421875 40.51128387451171875 40.78510284423828125 41.058925628662109375 41.3077392578125 41.553775787353515625 41.60884857177734375 41.472957611083984375 41.352581024169921875 41.371826171875 41.391071319580078125 41.364612579345703125 41.318561553955078125 41.267734527587890625 41.2057647705078125 41.143798828125 41.31649017333984375 41.51525115966796875
36.940525054931640625 37.012081146240234375 37.07326507568359375 37.041107177734375 37.008953094482421875 37.069660186767578125 37.170166015625 37.2818450927734375 37.419605255126953125 37.55736541748046875 37.622203826904296875 37.6789398193359375 37.786182403564453125 37.943935394287109375 38.113849639892578125 38.393218994140625 38.67258453369140625 38.9905242919921875 39.324993133544921875 39.55712127685546875 39.550464630126953125 39.543804168701171875 39.48842620849609375 39.427631378173828125 39.435337066650390625 39.51153564453125 39.60214996337890625 39.8224945068359375 40.04283905029296875 40.16020965576171875 40.23345184326171875 40.37728118896484375 40.685821533203125 40.99436187744140625 41.255237579345703125 41.510814666748046875 41.54892730712890625 41.36957550048828125 41.1970977783203125 41.086536407470703125 40.97597503662109375 40.88446807861328125 40.80112457275390625 40.76648712158203125 40.845489501953125 40.924495697021484375 41.17592620849609375 41.4465179443359375
36.85762786865234375 36.94287109375 37.019229888916015625 37.01561737060546875 37.01200103759765625 37.075138092041015625 37.16687774658203125 37.274875640869140625 37.420795440673828125 37.566715240478515625 37.640323638916015625 37.705898284912109375 37.810108184814453125 37.9529571533203125 38.10507965087890625 38.340641021728515625 38.576202392578125 38.909168243408203125 39.283878326416015625 39.528369903564453125 39.46901702880859375 39.409664154052734375 39.357791900634765625 39.3067474365234375 39.342388153076171875 39.464717864990234375 39.594074249267578125 39.786693572998046875 39.97930908203125 40.079700469970703125 40.140567779541015625 40.29813385009765625 40.681324005126953125 41.064517974853515625 41.2342987060546875 41.38036346435546875 41.35877227783203125 41.169525146484375 40.989566802978515625 40.893218994140625 40.796871185302734375 40.73938751220703125 40.698558807373046875 40.7038421630859375 40.816722869873046875 40.92960357666015625 41.171138763427734375 41.42696380615234375
