data/rh9jul.asc
ncols        384
nrows        480
xllcorner    138.000000000000
yllcorner    -29.000000000000
cellsize     0.041666666667
NODATA_value -9999
[rows 198 to 219 of 480, columns 96 to 143 of 384]
51.92530059814453125 51.770084381103515625 51.62093353271484375 51.52632904052734375 51.43172454833984375 51.262699127197265625 51.0617828369140625 50.917911529541015625 50.90714263916015625 50.896373748779296875 50.96224212646484375 51.03662872314453125 51.07837677001953125 51.08748626708984375 51.088932037353515625 51.0213623046875 50.953792572021484375 50.78444671630859375 50.5714874267578125 50.429256439208984375 50.452068328857421875 50.474880218505859375 50.477817535400390625 50.478542327880859375 50.447360992431640625 50.384265899658203125 50.332782745361328125 50.385837554931640625 50.438892364501953125 50.443729400634765625 50.427906036376953125 50.458683013916015625 50.59820556640625 50.737728118896484375 51.0212554931640625 51.320781707763671875 51.5789031982421875 51.795627593994140625 51.991588592529296875 52.000701904296875 52.00981903076171875 52.056339263916015625 52.118892669677734375 52.189453125 52.2786865234375 52.367919921875 52.3319244384765625 52.282009124755859375
52.050571441650390625 51.9153289794921875 51.785747528076171875 51.70709228515625 51.628437042236328125 51.466869354248046875 51.269771575927734375 51.1132965087890625 51.05159759521484375 50.989898681640625 51.005458831787109375 51.029605865478515625 51.050395965576171875 51.0678253173828125 51.076747894287109375 51.00911712646484375 50.9414825439453125 50.741001129150390625 50.483585357666015625 50.30884552001953125 50.3270111083984375 50.345172882080078125 50.360774993896484375 50.37609100341796875 50.348052978515625 50.2766571044921875 50.21616363525390625 50.253772735595703125 50.2913818359375 50.273998260498046875 50.2330474853515625 50.248748779296875 50.396640777587890625 50.54453277587890625 50.887454986572265625 51.252044677734375 51.577198028564453125 51.8629150390625 52.124744415283203125 52.171600341796875 52.2184600830078125 52.252506256103515625 52.281063079833984375 52.31943511962890625 52.38069915771484375 52.441967010498046875 52.4271240234375 52.403827667236328125
51.835239410400390625 51.890506744384765625 51.931583404541015625 51.844951629638671875 51.7583160400390625 51.593120574951171875 51.394252777099609375 51.223857879638671875 51.119903564453125 51.015949249267578125 50.982204437255859375 50.95626068115234375 50.962005615234375 50.999431610107421875 51.027469635009765625 50.970989227294921875 50.9145050048828125 50.69628143310546875 50.408740997314453125 50.210540771484375 50.220806121826171875 50.231067657470703125 50.257610321044921875 50.28595733642578125 50.265972137451171875 50.1976470947265625 50.13912200927734375 50.168804168701171875 50.198482513427734375 50.18096160888671875 50.143215179443359375 50.17234039306640625 50.357513427734375 50.542682647705078125 50.94219970703125 51.365528106689453125 51.728336334228515625 52.030620574951171875 52.3084869384765625 52.366596221923828125 52.424709320068359375 52.4504852294921875 52.462406158447265625 52.463134765625 52.437755584716796875 52.41237640380859375 52.363323211669921875 52.31163787841796875
51.619903564453125 51.86568450927734375 52.077423095703125 51.98281097412109375 51.8881988525390625 51.71936798095703125 51.51873016357421875 51.33441925048828125 51.18820953369140625 51.042003631591796875 50.958950042724609375 50.882915496826171875 50.8736114501953125 50.93103790283203125 50.978191375732421875 50.932861328125 50.8875274658203125 50.651561737060546875 50.333896636962890625 50.112239837646484375 50.11460113525390625 50.116962432861328125 50.15444183349609375 50.19582366943359375 50.183887481689453125 50.1186370849609375 50.062084197998046875 50.083835601806640625 50.10558319091796875 50.087924957275390625 50.053379058837890625 50.0959320068359375 50.31838226318359375 50.54083251953125 50.996944427490234375 51.479015350341796875 51.87947845458984375 52.19832611083984375 52.492229461669921875 52.56159210205078125 52.63095855712890625 52.648464202880859375 52.64374542236328125 52.60683441162109375 52.49481201171875 52.382785797119140625 52.299518585205078125 52.219448089599609375
51.0318145751953125 51.247631072998046875 51.4484405517578125 51.514186859130859375 51.579929351806640625 51.5438232421875 51.464069366455078125 51.369602203369140625 51.24080657958984375 51.1120147705078125 51.00910186767578125 50.909069061279296875 50.87551116943359375 50.908435821533203125 50.9326934814453125 50.8789825439453125 50.8252716064453125 50.592315673828125 50.28253936767578125 50.060337066650390625 50.04248046875 50.024623870849609375 50.085094451904296875 50.154262542724609375 50.165264129638671875 50.11810302734375 50.078792572021484375 50.110187530517578125 50.14157867431640625 50.1326141357421875 50.106357574462890625 50.1351470947265625 50.2923736572265625 50.449604034423828125 50.82610321044921875 51.226963043212890625 51.530323028564453125 51.736179351806640625 51.94891357421875 52.22353363037109375 52.498149871826171875 52.6707305908203125 52.7995758056640625 52.840023040771484375 52.674205780029296875 52.50838470458984375 52.33544921875 52.161724090576171875
50.40230560302734375 50.56366729736328125 50.733367919921875 50.97817230224609375 51.2229766845703125 51.334747314453125 51.38950347900390625 51.396404266357421875 51.291656494140625 51.186908721923828125 51.067413330078125 50.946277618408203125 50.88744354248046875 50.890918731689453125 50.8876190185546875 50.82335662841796875 50.75909423828125 50.531452178955078125 50.23378753662109375 50.013591766357421875 49.974147796630859375 49.9347076416015625 50.019500732421875 50.118099212646484375 50.15369415283203125 50.12628936767578125 50.10591888427734375 50.148906707763671875 50.19189453125 50.19260406494140625 50.175201416015625 50.18720245361328125 50.267822265625 50.34844207763671875 50.63019561767578125 50.934295654296875 51.125579833984375 51.204044342041015625 51.324810028076171875 51.82624053955078125 52.327671051025390625 52.673473358154296875 52.952571868896484375 53.083156585693359375 52.86719512939453125 52.6512298583984375 52.3824615478515625 52.10782623291015625
49.98287200927734375 50.115825653076171875 50.2654571533203125 50.565216064453125 50.864971160888671875 51.05315399169921875 51.193523406982421875 51.284931182861328125 51.2621002197265625 51.2392730712890625 51.119594573974609375 50.98915863037109375 50.91449737548828125 50.8956146240234375 50.870944976806640625 50.794216156005859375 50.717487335205078125 50.5039825439453125 50.2318572998046875 50.02658843994140625 49.977325439453125 49.92806243896484375 50.030353546142578125 50.14948272705078125 50.206020355224609375 50.1999664306640625 50.2012176513671875 50.2682037353515625 50.335186004638671875 50.33837127685546875 50.314212799072265625 50.31264495849609375 50.36377716064453125 50.414913177490234375 50.585704803466796875 50.7697906494140625 50.895904541015625 50.964046478271484375 51.082210540771484375 51.6505889892578125 52.218967437744140625 52.66001129150390625 53.04648590087890625 53.255046844482421875 53.048492431640625 52.841938018798828125 52.577037811279296875 52.305652618408203125
49.7735137939453125 49.90411376953125 50.044712066650390625 50.275310516357421875 50.50591278076171875 50.699047088623046875 50.876129150390625 51.035175323486328125 51.15213775634765625 51.269100189208984375 51.165653228759765625 51.0377197265625 50.95667266845703125 50.922515869140625 50.88266754150390625 50.791561126708984375 50.7004547119140625 50.509906768798828125 50.27674102783203125 50.09932708740234375 50.05200958251953125 50.00469207763671875 50.117649078369140625 50.248416900634765625 50.322246551513671875 50.339141845703125 50.36468505859375 50.46807098388671875 50.571460723876953125 50.569915771484375 50.523395538330078125 50.51146697998046875 50.580242156982421875 50.649013519287109375 50.692630767822265625 50.733455657958984375 50.841304779052734375 51.01618194580078125 51.2211151123046875 51.696575164794921875 52.172039031982421875 52.63034820556640625 53.081310272216796875 53.35570526123046875 53.218105316162109375 53.080501556396484375 52.91916656494140625 52.75519561767578125
49.57192230224609375 49.699962615966796875 49.831844329833984375 49.9982757568359375 50.164703369140625 50.362720489501953125 50.574275970458984375 50.796253204345703125 51.042545318603515625 51.288837432861328125 51.2085723876953125 51.092021942138671875 51.00696563720703125 50.95340728759765625 50.894001007080078125 50.781982421875 50.669963836669921875 50.498310089111328125 50.30109405517578125 50.150081634521484375 50.10687255859375 50.06366729736328125 50.18412017822265625 50.32276153564453125 50.4117889404296875 50.451206207275390625 50.50052642822265625 50.638965606689453125 50.777400970458984375 50.773479461669921875 50.70854949951171875 50.691375732421875 50.785617828369140625 50.879863739013671875 50.818759918212890625 50.74039459228515625 50.831714630126953125 51.09271240234375 51.3651885986328125 51.74095916748046875 52.116733551025390625 52.575347900390625 53.06946563720703125 53.39470672607421875 53.325893402099609375 53.257083892822265625 53.199604034423828125 53.14337921142578125
49.440227508544921875 49.56391143798828125 49.689937591552734375 49.8370513916015625 49.984165191650390625 50.186420440673828125 50.4123077392578125 50.6548614501953125 50.936298370361328125 51.21773529052734375 51.2231903076171875 51.1979827880859375 51.130306243896484375 51.0201568603515625 50.901851654052734375 50.7101287841796875 50.518402099609375 50.329036712646484375 50.140682220458984375 50.002956390380859375 49.983364105224609375 49.96376800537109375 50.063175201416015625 50.17580413818359375 50.2611846923828125 50.3193206787109375 50.3877716064453125 50.549060821533203125 50.71035003662109375 50.7252655029296875 50.67745208740234375 50.701038360595703125 50.891231536865234375 51.081424713134765625 51.1176910400390625 51.136852264404296875 51.227230072021484375 51.388824462890625 51.555774688720703125 51.770908355712890625 51.9860382080078125 52.292285919189453125 52.63758087158203125 52.878833770751953125 52.877307891845703125 52.87578582763671875 52.9247589111328125 52.979343414306640625
49.308536529541015625 49.427860260009765625 49.54802703857421875 49.6758270263671875 49.803623199462890625 50.0101165771484375 50.250335693359375 50.51346588134765625 50.830051422119140625 51.146633148193359375 51.237812042236328125 51.30394744873046875 51.2536468505859375 51.086910247802734375 50.909702301025390625 50.638271331787109375 50.3668365478515625 50.159763336181640625 49.9802703857421875 49.8558349609375 49.859851837158203125 49.863872528076171875 49.942230224609375 50.028842926025390625 50.1105804443359375 50.187435150146484375 50.27501678466796875 50.45915985107421875 50.643299102783203125 50.67705535888671875 50.64635467529296875 50.710704803466796875 50.996845245361328125 51.282985687255859375 51.41661834716796875 51.533306121826171875 51.622745513916015625 51.6849365234375 51.74636077880859375 51.800853729248046875 51.8553466796875 52.00922393798828125 52.20569610595703125 52.362957000732421875 52.428722381591796875 52.49448394775390625 52.649913787841796875 52.815303802490234375
49.17638397216796875 49.29624176025390625 49.416259765625 49.537746429443359375 49.659229278564453125 49.845340728759765625 50.05915069580078125 50.299434661865234375 50.60150146484375 50.903568267822265625 51.04276275634765625 51.163867950439453125 51.158161163330078125 51.025653839111328125 50.8714141845703125 50.52162933349609375 50.171840667724609375 49.93753814697265625 49.7527313232421875 49.6242523193359375 49.627216339111328125 49.63018035888671875 49.703006744384765625 49.783596038818359375 49.855316162109375 49.918163299560546875 49.989025115966796875 50.132030487060546875 50.27503204345703125 50.34954833984375 50.394710540771484375 50.542736053466796875 50.93077850341796875 51.318817138671875 51.523693084716796875 51.70821380615234375 51.80545806884765625 51.81542205810546875 51.812511444091796875 51.693698883056640625 51.574886322021484375 51.604114532470703125 51.6967926025390625 51.801227569580078125 51.93309783935546875 52.06496429443359375 52.31464385986328125 52.5774078369140625
49.044033050537109375 49.166522979736328125 49.28884124755859375 49.40958404541015625 49.53032684326171875 49.685504913330078125 49.855438232421875 50.054271697998046875 50.320537567138671875 50.58679962158203125 50.7578582763671875 50.918338775634765625 50.968898773193359375 50.909534454345703125 50.813350677490234375 50.385791778564453125 49.95822906494140625 49.69261932373046875 49.496417999267578125 49.356475830078125 49.347812652587890625 49.339145660400390625 49.413097381591796875 49.496227264404296875 49.555202484130859375 49.590015411376953125 49.62879180908203125 49.7032318115234375 49.77767181396484375 49.90234375 50.04854583740234375 50.29863739013671875 50.79113006591796875 51.283626556396484375 51.548542022705078125 51.78816986083984375 51.89696502685546875 51.8749237060546875 51.8253326416015625 51.527790069580078125 51.230243682861328125 51.146701812744140625 51.154876708984375 51.21984100341796875 51.417308807373046875 51.614780426025390625 51.9534759521484375 52.307861328125
48.925533294677734375 49.043300628662109375 49.1600189208984375 49.267284393310546875 49.374546051025390625 49.503932952880859375 49.642795562744140625 49.81235504150390625 50.05353546142578125 50.294712066650390625 50.49498748779296875 50.6907196044921875 50.798614501953125 50.818668365478515625 50.78775787353515625 50.29814910888671875 49.80854034423828125 49.51451873779296875 49.304317474365234375 49.151134490966796875 49.130992889404296875 49.1108551025390625 49.1833648681640625 49.26617431640625 49.310699462890625 49.316944122314453125 49.325305938720703125 49.3527069091796875 49.380107879638671875 49.53208160400390625 49.7374420166015625 50.0526580810546875 50.6241912841796875 51.195728302001953125 51.53932952880859375 51.85760498046875 51.971225738525390625 51.880184173583984375 51.76241302490234375 51.40404510498046875 51.045680999755859375 50.91440582275390625 50.880458831787109375 50.925342559814453125 51.154163360595703125 51.382984161376953125 51.785797119140625 52.20793914794921875
48.83935546875 48.935230255126953125 49.027927398681640625 49.091991424560546875 49.15605926513671875 49.27164459228515625 49.40930938720703125 49.578006744384765625 49.819110870361328125 50.060214996337890625 50.283538818359375 50.504886627197265625 50.67261505126953125 50.786724090576171875 50.837924957275390625 50.322963714599609375 49.80800628662109375 49.492321014404296875 49.2620391845703125 49.091464996337890625 49.060211181640625 49.02895355224609375 49.09404754638671875 49.1698455810546875 49.19596099853515625 49.172393798828125 49.15423583984375 49.18482208251953125 49.215404510498046875 49.341342926025390625 49.50814056396484375 49.802288055419921875 50.3935699462890625 50.984851837158203125 51.45064544677734375 51.902492523193359375 52.005237579345703125 51.758880615234375 51.5227508544921875 51.378692626953125 51.234638214111328125 51.20738983154296875 51.23020172119140625 51.3002471923828125 51.48050689697265625 51.6607666015625 52.069591522216796875 52.503814697265625
48.753173828125 48.827159881591796875 48.89583587646484375 48.9167022705078125 48.93756866455078125 49.039356231689453125 49.1758270263671875 49.343662261962890625 49.584686279296875 49.825714111328125 50.072086334228515625 50.31905364990234375 50.546619415283203125 50.7547760009765625 50.888092041015625 50.347782135009765625 49.80747222900390625 49.470127105712890625 49.21976470947265625 49.03179931640625 48.9894256591796875 48.947055816650390625 49.004730224609375 49.073520660400390625 49.081226348876953125 49.02783966064453125 48.9831695556640625 49.016937255859375 49.0507049560546875 49.150600433349609375 49.278842926025390625 49.55191802978515625 50.1629486083984375 50.773975372314453125 51.361957550048828125 51.94738006591796875 52.03925323486328125 51.6375732421875 51.28308868408203125 51.353343963623046875 51.423595428466796875 51.50037384033203125 51.579944610595703125 51.675151824951171875 51.806850433349609375 51.938549041748046875 52.353389739990234375 52.799686431884765625
48.628955841064453125 48.6874237060546875 48.744640350341796875 48.790618896484375 48.836597442626953125 48.97391510009765625 49.150379180908203125 49.3533935546875 49.61834716796875 49.883304595947265625 50.150485992431640625 50.417911529541015625 50.6486358642578125 50.842655181884765625 50.978519439697265625 50.590984344482421875 50.203449249267578125 49.8484039306640625 49.5072784423828125 49.222515106201171875 49.069271087646484375 48.916027069091796875 48.956310272216796875 49.018096923828125 49.0539703369140625 49.063934326171875 49.0762176513671875 49.109416961669921875 49.14261627197265625 49.227413177490234375 49.33432769775390625 49.54042816162109375 49.977962493896484375 50.415500640869140625 50.737735748291015625 51.04715728759765625 51.118106842041015625 50.950588226318359375 50.83504486083984375 51.18727874755859375 51.53951263427734375 51.86252593994140625 52.173015594482421875 52.4242706298828125 52.537319183349609375 52.65036773681640625 52.850826263427734375 53.06099700927734375
48.500507354736328125 48.544162750244140625 48.5913238525390625 48.67000579833984375 48.748683929443359375 48.927013397216796875 49.148052215576171875 49.3902435302734375 49.681797027587890625 49.97335052490234375 50.261089324951171875 50.548404693603515625 50.775989532470703125 50.94384765625 51.073421478271484375 50.858455657958984375 50.64348602294921875 50.271175384521484375 49.8314361572265625 49.4410552978515625 49.165851593017578125 48.89064788818359375 48.912433624267578125 48.96721649169921875 49.03643798828125 49.120098114013671875 49.198612213134765625 49.230823516845703125 49.26303863525390625 49.333953857421875 49.42145538330078125 49.55548095703125 49.7980499267578125 50.040622711181640625 50.054004669189453125 50.041919708251953125 50.0908355712890625 50.200748443603515625 50.3638458251953125 51.005580902099609375 51.64731597900390625 52.232364654541015625 52.793121337890625 53.2149658203125 53.31269073486328125 53.410411834716796875 53.37200164794921875 53.3184661865234375
48.365421295166015625 48.41168212890625 48.46665191650390625 48.600006103515625 48.73336029052734375 48.9638519287109375 49.235973358154296875 49.505687713623046875 49.769786834716796875 50.03388214111328125 50.322834014892578125 50.614543914794921875 50.820888519287109375 50.941864013671875 51.036956787109375 50.89910125732421875 50.7612457275390625 50.392818450927734375 49.92557525634765625 49.50858306884765625 49.208858489990234375 48.9091339111328125 48.931598663330078125 48.98986053466796875 49.08429718017578125 49.21490478515625 49.340301513671875 49.41878509521484375 49.4972686767578125 49.55361175537109375 49.600467681884765625 49.65152740478515625 49.71240234375 49.77327728271484375 49.58782196044921875 49.375 49.40857696533203125 49.68856048583984375 50.022212982177734375 50.8389129638671875 51.655612945556640625 52.365314483642578125 53.0291595458984375 53.497249603271484375 53.508594512939453125 53.51993560791015625 53.377803802490234375 53.218624114990234375
48.223690032958984375 48.289974212646484375 48.370624542236328125 48.580623626708984375 48.790622711181640625 49.0844268798828125 49.414150238037109375 49.69972991943359375 49.88231658935546875 50.06490325927734375 50.33571624755859375 50.616329193115234375 50.7833251953125 50.836700439453125 50.869121551513671875 50.71292877197265625 50.556735992431640625 50.213329315185546875 49.789691925048828125 49.42510223388671875 49.198291778564453125 48.9714813232421875 49.01380157470703125 49.086025238037109375 49.197544097900390625 49.34835052490234375 49.50128173828125 49.673297882080078125 49.84531402587890625 49.886394500732421875 49.87136077880859375 49.828571319580078125 49.72101593017578125 49.61345672607421875 49.3391876220703125 49.04639434814453125 49.071338653564453125 49.4140167236328125 49.81014251708984375 50.68727874755859375 51.56441497802734375 52.261379241943359375 52.88112640380859375 53.271121978759765625 53.125026702880859375 52.978931427001953125 52.86823272705078125 52.76146697998046875
48.077312469482421875 48.161548614501953125 48.26369476318359375 48.527034759521484375 48.790370941162109375 49.141498565673828125 49.530246734619140625 49.835781097412109375 49.9471435546875 50.05850982666015625 50.305324554443359375 50.567188262939453125 50.693279266357421875 50.68360137939453125 50.65883636474609375 50.498264312744140625 50.337696075439453125 50.022228240966796875 49.640377044677734375 49.32993316650390625 49.1861114501953125 49.04228973388671875 49.100673675537109375 49.18152618408203125 49.30199432373046875 49.4620819091796875 49.631153106689453125 49.8810882568359375 50.131023406982421875 50.1587371826171875 50.091213226318359375 49.966693878173828125 49.709178924560546875 49.451663970947265625 49.09641265869140625 48.7303009033203125 48.740177154541015625 49.126033782958984375 49.56558990478515625 50.488452911376953125 51.41131591796875 52.098445892333984375 52.684551239013671875 53.011119842529296875 52.73211669921875 52.453113555908203125 52.381542205810546875 52.33301544189453125
47.8890838623046875 47.972686767578125 48.058620452880859375 48.165557861328125 48.272495269775390625 48.62700653076171875 49.08762359619140625 49.449886322021484375 49.5826568603515625 49.715423583984375 49.8854827880859375 50.059680938720703125 50.130878448486328125 50.0990753173828125 50.066524505615234375 50.02721405029296875 49.987903594970703125 49.72658538818359375 49.37012481689453125 49.12955474853515625 49.159412384033203125 49.189266204833984375 49.2295684814453125 49.27103424072265625 49.327297210693359375 49.39835357666015625 49.481037139892578125 49.668384552001953125 49.8557281494140625 49.887126922607421875 49.8516845703125 49.7545166015625 49.51331329345703125 49.2721099853515625 48.906383514404296875 48.526821136474609375 48.463714599609375 48.717071533203125 49.02870941162109375 49.864925384521484375 50.701137542724609375 51.404560089111328125 52.0510711669921875 52.44628143310546875 52.255126953125 52.063976287841796875 52.10077667236328125 52.16290283203125
