data/rh9jul.asc
ncols        384
nrows        480
xllcorner    138.000000000000
yllcorner    -29.000000000000
cellsize     0.041666666667
NODATA_value -9999
[rows 352 to 373 of 480, columns 288 to 335 of 384]
54.87825775146484375 54.7360382080078125 54.6411895751953125 54.972705841064453125 55.30422210693359375 55.698932647705078125 56.1207275390625 56.415973663330078125 56.41594696044921875 56.41591644287109375 56.380062103271484375 56.3402252197265625 56.3410491943359375 56.382534027099609375 56.35749053955078125 55.73366546630859375 55.109844207763671875 55.070529937744140625 55.281719207763671875 55.550907135009765625 55.955417633056640625 56.35992431640625 56.564075469970703125 56.74596405029296875 57.135517120361328125 57.73273468017578125 58.451305389404296875 60.262081146240234375 62.072856903076171875 63.125499725341796875 63.853229522705078125 65.17293548583984375 67.87393951416015625 70.57494354248046875 70.84503936767578125 70.8539886474609375 71.2930145263671875 71.84883880615234375 72.074432373046875 72.2032318115234375 72.36179351806640625 72.5953826904296875 72.831146240234375 72.94805145263671875 72.86141204833984375 72.62389373779296875 72.3213348388671875 72.0657806396484375
55.461681365966796875 55.26648712158203125 55.113368988037109375 55.338985443115234375 55.564601898193359375 55.891437530517578125 56.26165771484375 56.51941680908203125 56.514766693115234375 56.510112762451171875 56.479358673095703125 56.445705413818359375 56.410182952880859375 56.372802734375 56.27254486083984375 55.6064453125 54.940341949462890625 54.754718780517578125 54.775012969970703125 54.881397247314453125 55.188671112060546875 55.495944976806640625 55.719783782958984375 55.93434906005859375 56.43616485595703125 57.225223541259765625 58.13410186767578125 60.12136077880859375 62.10861968994140625 63.113300323486328125 63.69687652587890625 64.84896087646484375 67.32758331298828125 69.8061981201171875 70.27962493896484375 70.72566986083984375 71.51702117919921875 71.93108367919921875 72.098419189453125 72.1938018798828125 72.31748199462890625 72.57408905029296875 72.8945770263671875 73.0247802734375 72.9248046875 72.6346588134765625 72.31221771240234375 72.01714324951171875
56.24507904052734375 55.979015350341796875 55.745082855224609375 55.80035400390625 55.855621337890625 56.07757568359375 56.370967864990234375 56.578357696533203125 56.585079193115234375 56.591796875 56.64382171630859375 56.700878143310546875 56.670207977294921875 56.551807403564453125 56.379909515380859375 55.726535797119140625 55.073162078857421875 54.79875946044921875 54.686771392822265625 54.617984771728515625 54.65000152587890625 54.6820220947265625 54.9650421142578125 55.2759552001953125 55.8169403076171875 56.5879974365234375 57.50662994384765625 59.753414154052734375 62.000202178955078125 63.2035064697265625 63.9596099853515625 65.07501220703125 67.028778076171875 68.98253631591796875 69.8909149169921875 70.92098236083984375 71.691802978515625 71.9382781982421875 72.16316986083984375 72.1938018798828125 72.22443389892578125 72.534210205078125 72.96363067626953125 73.1858978271484375 72.9248046875 72.66371917724609375 72.3154449462890625 71.95748138427734375
56.8864593505859375 56.575469970703125 56.28855133056640625 56.21822357177734375 56.14789581298828125 56.212310791015625 56.33447265625 56.420780181884765625 56.42343902587890625 56.42609405517578125 56.597263336181640625 56.7871551513671875 56.798160552978515625 56.630275726318359375 56.4146728515625 55.76958465576171875 55.124500274658203125 54.828853607177734375 54.6829681396484375 54.531696319580078125 54.367862701416015625 54.204029083251953125 54.489715576171875 54.825347900390625 55.326198577880859375 55.992267608642578125 56.8123931884765625 59.01902008056640625 61.22564697265625 62.535358428955078125 63.4606781005859375 64.60202789306640625 66.24744415283203125 67.8928680419921875 69.2013702392578125 70.472442626953125 71.25257110595703125 71.54175567626953125 71.8094024658203125 71.88314056396484375 71.956878662109375 72.3348236083984375 72.84314727783203125 73.13690185546875 72.93001556396484375 72.72312164306640625 72.3968353271484375 72.057281494140625
57.196460723876953125 56.901092529296875 56.6261138916015625 56.534603118896484375 56.44309234619140625 56.227100372314453125 55.957752227783203125 55.757984161376953125 55.720569610595703125 55.683155059814453125 56.05832672119140625 56.479339599609375 56.617954254150390625 56.474163055419921875 56.28003692626953125 55.63288116455078125 54.98572540283203125 54.826416015625 54.87618255615234375 54.858699798583984375 54.684291839599609375 54.5098876953125 54.666347503662109375 54.8595733642578125 55.1352386474609375 55.49334716796875 55.96236419677734375 57.42957305908203125 58.89678192138671875 60.097713470458984375 61.184528350830078125 62.49797821044921875 64.340240478515625 66.1825103759765625 67.5689697265625 68.90478515625 69.7884674072265625 70.2200164794921875 70.63014984130859375 70.84758758544921875 71.0650177001953125 71.67018890380859375 72.4415283203125 72.97359466552734375 72.94736480712890625 72.9211273193359375 72.66812896728515625 72.389923095703125
57.50646209716796875 57.226715087890625 56.96367645263671875 56.850982666015625 56.738292694091796875 56.241886138916015625 55.581035614013671875 55.09519195556640625 55.017704010009765625 54.940216064453125 55.519390106201171875 56.171527862548828125 56.437747955322265625 56.318050384521484375 56.1454010009765625 55.49617767333984375 54.846950531005859375 54.823978424072265625 55.069400787353515625 55.185699462890625 55.000720977783203125 54.81574249267578125 54.84297943115234375 54.893798828125 54.944278717041015625 54.994426727294921875 55.112335205078125 55.84012603759765625 56.5679168701171875 57.66007232666015625 58.908382415771484375 60.39392852783203125 62.43303680419921875 64.47214508056640625 65.93656158447265625 67.33712005615234375 68.3243560791015625 68.8982696533203125 69.450897216796875 69.81203460693359375 70.17316436767578125 71.00555419921875 72.03990936279296875 72.81027984619140625 72.96471405029296875 73.119140625 72.939422607421875 72.72257232666015625
56.780376434326171875 56.682708740234375 56.59323883056640625 56.57755279541015625 56.561870574951171875 56.10889434814453125 55.468505859375 54.928127288818359375 54.621089935302734375 54.314056396484375 54.815464019775390625 55.406696319580078125 55.70044708251953125 55.696720123291015625 55.655345916748046875 55.275142669677734375 54.894939422607421875 54.911586761474609375 55.098316192626953125 55.152210235595703125 54.896160125732421875 54.640110015869140625 54.629467010498046875 54.64609527587890625 54.630207061767578125 54.5818023681640625 54.593784332275390625 55.149250030517578125 55.704715728759765625 56.438449859619140625 57.2485809326171875 58.223278045654296875 59.581958770751953125 60.940639495849609375 62.2860870361328125 63.630062103271484375 64.8858795166015625 66.05352783203125 67.1635589599609375 67.75495147705078125 68.34635162353515625 69.43704986572265625 70.74173736572265625 71.79805755615234375 72.27484893798828125 72.75164794921875 72.844512939453125 72.8947296142578125
55.93917083740234375 56.042072296142578125 56.144130706787109375 56.238590240478515625 56.333049774169921875 55.959484100341796875 55.385334014892578125 54.816143035888671875 54.25850677490234375 53.700870513916015625 54.09320068359375 54.591083526611328125 54.901248931884765625 55.0236968994140625 55.125797271728515625 55.04473876953125 54.96367645263671875 55.0092010498046875 55.108978271484375 55.07866668701171875 54.744823455810546875 54.410976409912109375 54.3726043701171875 54.3670654296875 54.30245208740234375 54.17876434326171875 54.112064361572265625 54.558216094970703125 55.004367828369140625 55.351940155029296875 55.65726470947265625 56.04522705078125 56.626003265380859375 57.20677947998046875 58.411380767822265625 59.68529510498046875 61.22802734375 63.03957366943359375 64.75308990478515625 65.5843658447265625 66.41564178466796875 67.7681121826171875 69.3439483642578125 70.69150543212890625 71.50640869140625 72.321319580078125 72.70892333984375 73.04904937744140625
55.40509033203125 55.560222625732421875 55.71659088134765625 55.88408660888671875 56.05158233642578125 55.779529571533203125 55.31909942626953125 54.799510955810546875 54.141880035400390625 53.4842529296875 53.765331268310546875 54.150714874267578125 54.439739227294921875 54.63240814208984375 54.81842041015625 54.944499969482421875 55.070583343505859375 55.120304107666015625 55.137298583984375 55.02774810791015625 54.62291717529296875 54.218090057373046875 54.17874908447265625 54.180019378662109375 54.134250640869140625 54.041446685791015625 54.006839752197265625 54.496002197265625 54.98516845703125 55.17574310302734375 55.23834991455078125 55.30042266845703125 55.36124420166015625 55.422069549560546875 56.285984039306640625 57.239131927490234375 58.66168212890625 60.55364227294921875 62.357189178466796875 63.365055084228515625 64.37291717529296875 65.8729705810546875 67.583953857421875 69.10686492919921875 70.19092559814453125 71.27498626708984375 72.0048675537109375 72.69539642333984375
55.17813873291015625 55.237155914306640625 55.310611724853515625 55.51404571533203125 55.71747589111328125 55.56903839111328125 55.26979827880859375 54.87822723388671875 54.271213531494140625 53.6641998291015625 53.83185577392578125 54.085582733154296875 54.315914154052734375 54.522853851318359375 54.733219146728515625 54.97443389892578125 55.2156524658203125 55.244892120361328125 55.18328094482421875 54.999454498291015625 54.530452728271484375 54.061450958251953125 54.047901153564453125 54.084957122802734375 54.125606536865234375 54.169841766357421875 54.278106689453125 54.962612152099609375 55.64711761474609375 55.90985870361328125 55.991840362548828125 55.988872528076171875 55.787685394287109375 55.586498260498046875 55.90988922119140625 56.29157257080078125 57.186855316162109375 58.595737457275390625 59.975849151611328125 61.09700775146484375 62.218166351318359375 63.751617431640625 65.461761474609375 67.0441436767578125 68.328399658203125 69.6126556396484375 70.73236083984375 71.83377838134765625
54.952617645263671875 54.91530609130859375 54.906147003173828125 55.15032958984375 55.394512176513671875 55.3666839599609375 55.222278594970703125 54.9557342529296875 54.40419769287109375 53.8526611328125 53.915973663330078125 54.04759979248046875 54.215900421142578125 54.42087554931640625 54.638866424560546875 54.9739837646484375 55.30910491943359375 55.317813873291015625 55.1866302490234375 54.937686920166015625 54.413967132568359375 53.8902435302734375 53.8994598388671875 53.967891693115234375 54.0860443115234375 54.253917694091796875 54.48941802978515625 55.333583831787109375 56.177745819091796875 56.50414276123046875 56.60863494873046875 56.5565338134765625 56.139041900634765625 55.72154998779296875 55.57318878173828125 55.45473480224609375 55.871028900146484375 56.8220672607421875 57.797145843505859375 58.988559722900390625 60.179973602294921875 61.71453857421875 63.3961639404296875 65.01219940185546875 66.47519683837890625 67.93819427490234375 69.43198394775390625 70.92919158935546875
54.739990234375 54.6044464111328125 54.515285491943359375 54.84357452392578125 55.1718597412109375 55.237590789794921875 55.1907958984375 55.022350311279296875 54.570049285888671875 54.117748260498046875 54.15845489501953125 54.253940582275390625 54.33016204833984375 54.387126922607421875 54.46218109130859375 54.700077056884765625 54.9379730224609375 54.925739288330078125 54.806308746337890625 54.574695587158203125 54.081317901611328125 53.587940216064453125 53.59268951416015625 53.652790069580078125 53.76825714111328125 53.939098358154296875 54.161121368408203125 54.84381103515625 55.526500701904296875 55.8399658203125 55.995189666748046875 56.037113189697265625 55.81465911865234375 55.592205047607421875 55.59101104736328125 55.61440277099609375 55.986236572265625 56.706512451171875 57.44219207763671875 58.316497802734375 59.190807342529296875 60.4359130859375 61.839935302734375 63.25733184814453125 64.7059478759765625 66.1545562744140625 67.880828857421875 69.63794708251953125
54.527362823486328125 54.293582916259765625 54.124423980712890625 54.536815643310546875 54.949207305908203125 55.10849761962890625 55.159313201904296875 55.08896636962890625 54.735897064208984375 54.382831573486328125 54.400936126708984375 54.460277557373046875 54.444427490234375 54.353374481201171875 54.285495758056640625 54.42617034912109375 54.566844940185546875 54.53366851806640625 54.42598724365234375 54.211700439453125 53.748668670654296875 53.28563690185546875 53.285919189453125 53.33768463134765625 53.450469970703125 53.624279022216796875 53.83282470703125 54.354038238525390625 54.87525177001953125 55.175785064697265625 55.381744384765625 55.517688751220703125 55.490276336669921875 55.462860107421875 55.60883331298828125 55.77407073974609375 56.10144805908203125 56.5909576416015625 57.087238311767578125 57.644439697265625 58.201641082763671875 59.157291412353515625 60.283702850341796875 61.50246429443359375 62.936695098876953125 64.3709259033203125 66.32967376708984375 68.34670257568359375
54.441333770751953125 54.191326141357421875 54.000240325927734375 54.339466094970703125 54.67868804931640625 54.9580841064453125 55.211841583251953125 55.3238983154296875 55.10532379150390625 54.886749267578125 54.81150054931640625 54.7521820068359375 54.59918975830078125 54.352527618408203125 54.1304168701171875 54.1292877197265625 54.128154754638671875 54.10016632080078125 54.060665130615234375 53.951908111572265625 53.681545257568359375 53.411182403564453125 53.5165252685546875 53.663608551025390625 53.75487518310546875 53.790317535400390625 53.847537994384765625 54.100772857666015625 54.354007720947265625 54.63040924072265625 54.91674041748046875 55.16339874267578125 55.317485809326171875 55.471576690673828125 55.724269866943359375 55.98792266845703125 56.3019561767578125 56.666370391845703125 57.03029632568359375 57.38983917236328125 57.749378204345703125 58.398712158203125 59.172245025634765625 60.021518707275390625 61.04752349853515625 62.0735321044921875 64.22112274169921875 66.49332427978515625
54.409557342529296875 54.178466796875 53.99034881591796875 54.18900299072265625 54.38765716552734375 54.7985382080078125 55.300373077392578125 55.6309661865234375 55.561992645263671875 55.493022918701171875 55.29410552978515625 55.080753326416015625 54.77130889892578125 54.365779876708984375 53.984600067138671875 53.822559356689453125 53.66051483154296875 53.648906707763671875 53.70177459716796875 53.7363433837890625 53.72821807861328125 53.720096588134765625 53.977428436279296875 54.26425933837890625 54.325927734375 54.162441253662109375 54.0092620849609375 53.9488677978515625 53.888477325439453125 54.135944366455078125 54.515354156494140625 54.879878997802734375 55.209667205810546875 55.539459228515625 55.881542205810546875 56.2249908447265625 56.539020538330078125 56.8236236572265625 57.10107421875 57.31414794921875 57.5272216796875 57.86301422119140625 58.25140380859375 58.657970428466796875 59.106964111328125 59.555957794189453125 61.87368011474609375 64.39904022216796875
54.4836883544921875 54.2282257080078125 54.003631591796875 54.05690765380859375 54.110179901123046875 54.591644287109375 55.256618499755859375 55.748043060302734375 55.83451080322265625 55.92098236083984375 55.656463623046875 55.352947235107421875 54.93817901611328125 54.41216278076171875 53.910694122314453125 53.630138397216796875 53.34958648681640625 53.3490142822265625 53.468433380126953125 53.631984710693359375 53.89849853515625 54.16501617431640625 54.59989166259765625 55.053478240966796875 55.129062652587890625 54.8266448974609375 54.52065277099609375 54.1824493408203125 53.844249725341796875 54.0229339599609375 54.423137664794921875 54.83361053466796875 55.268035888671875 55.70246124267578125 56.06066131591796875 56.41039276123046875 56.690998077392578125 56.902469635009765625 57.10477447509765625 57.2245941162109375 57.344409942626953125 57.44905853271484375 57.547199249267578125 57.63359832763671875 57.6925811767578125 57.751567840576171875 60.047519683837890625 62.5920257568359375
54.804935455322265625 54.4240875244140625 54.07099151611328125 53.96765899658203125 53.86432647705078125 54.2742767333984375 54.904201507568359375 55.421810150146484375 55.677341461181640625 55.9328765869140625 55.738246917724609375 55.49359893798828125 55.092800140380859375 54.53585052490234375 54.004581451416015625 53.704448699951171875 53.404315948486328125 53.402301788330078125 53.52805328369140625 53.787105560302734375 54.3571929931640625 54.927280426025390625 55.599323272705078125 56.28269195556640625 56.473712921142578125 56.1723785400390625 55.847934722900390625 55.315502166748046875 54.7830657958984375 54.79998016357421875 55.052326202392578125 55.340938568115234375 55.71417236328125 56.087406158447265625 56.290760040283203125 56.4752349853515625 56.644435882568359375 56.79836273193359375 56.95196533203125 57.102691650390625 57.25341796875 57.3191680908203125 57.3484954833984375 57.400623321533203125 57.50594329833984375 57.61126708984375 59.437671661376953125 61.455310821533203125
55.12618255615234375 54.619953155517578125 54.1383514404296875 53.87841033935546875 53.618473052978515625 53.956905364990234375 54.551784515380859375 55.095577239990234375 55.520172119140625 55.94477081298828125 55.820026397705078125 55.634250640869140625 55.247417449951171875 54.659534454345703125 54.0984649658203125 53.77875518798828125 53.459041595458984375 53.455585479736328125 53.58766937255859375 53.94222259521484375 54.815883636474609375 55.689540863037109375 56.598751068115234375 57.51190948486328125 57.818363189697265625 57.5181121826171875 57.175220489501953125 56.448551177978515625 55.721881866455078125 55.577022552490234375 55.68151092529296875 55.8482666015625 56.160308837890625 56.47235107421875 56.5208587646484375 56.540081024169921875 56.59787750244140625 56.69425201416015625 56.799152374267578125 56.9807891845703125 57.162425994873046875 57.18927764892578125 57.14978790283203125 57.1676483154296875 57.319305419921875 57.470966339111328125 58.827823638916015625 60.31859588623046875
55.093570709228515625 54.61066436767578125 54.137889862060546875 53.756351470947265625 53.37480926513671875 53.60356903076171875 54.0938873291015625 54.59999847412109375 55.142963409423828125 55.6859283447265625 55.6822052001953125 55.617740631103515625 55.31989288330078125 54.788669586181640625 54.269195556640625 53.855503082275390625 53.441806793212890625 53.358043670654296875 53.415683746337890625 53.71527099609375 54.57941436767578125 55.443553924560546875 56.33948516845703125 57.23894500732421875 57.63750457763671875 57.535160064697265625 57.38152313232421875 56.766246795654296875 56.150970458984375 55.9935302734375 56.032306671142578125 56.13925933837890625 56.40528106689453125 56.67130279541015625 56.65416717529296875 56.60556793212890625 56.6165313720703125 56.687053680419921875 56.76592254638671875 56.91988372802734375 57.073841094970703125 57.08258056640625 57.029079437255859375 57.06781768798828125 57.321781158447265625 57.57574462890625 58.82387542724609375 60.18247222900390625
55.021640777587890625 54.578578948974609375 54.129894256591796875 53.630645751953125 53.1313934326171875 53.24623870849609375 53.624267578125 54.085601806640625 54.741306304931640625 55.39701080322265625 55.519985198974609375 55.583766937255859375 55.383243560791015625 54.9184112548828125 54.448467254638671875 53.932521820068359375 53.416576385498046875 53.243743896484375 53.217960357666015625 53.445865631103515625 54.2657012939453125 55.085540771484375 55.940364837646484375 56.799076080322265625 57.28714752197265625 57.40457916259765625 57.463275909423828125 56.99334716796875 56.523418426513671875 56.369976043701171875 56.3521728515625 56.406215667724609375 56.627902984619140625 56.849590301513671875 56.77672576904296875 56.671131134033203125 56.642429351806640625 56.690624237060546875 56.74597930908203125 56.865753173828125 56.98552703857421875 56.97846221923828125 56.9170379638671875 56.982784271240234375 57.34526824951171875 57.707752227783203125 58.8872528076171875 60.157527923583984375
54.956218719482421875 54.54852294921875 54.130268096923828125 53.61699676513671875 53.103725433349609375 53.1809234619140625 53.511173248291015625 53.931369781494140625 54.56143951416015625 55.19150543212890625 55.3494720458984375 55.454982757568359375 55.341175079345703125 55.008056640625 54.6584320068359375 54.160297393798828125 53.66216278076171875 53.46109771728515625 53.387348175048828125 53.541748046875 54.228496551513671875 54.91524505615234375 55.7054595947265625 56.507167816162109375 56.973819732666015625 57.10541534423828125 57.19658660888671875 56.923938751220703125 56.651287078857421875 56.576263427734375 56.585933685302734375 56.651134490966796875 56.8459014892578125 57.040668487548828125 56.930572509765625 56.786602020263671875 56.707370758056640625 56.69287872314453125 56.688068389892578125 56.7704010009765625 56.85272979736328125 56.85303497314453125 56.81818389892578125 56.878978729248046875 57.162933349609375 57.446887969970703125 58.3648681640625 59.353298187255859375
54.897304534912109375 54.5204925537109375 54.13899993896484375 53.7154083251953125 53.291812896728515625 53.407623291015625 53.754604339599609375 54.13730621337890625 54.603359222412109375 55.069416046142578125 55.170665740966796875 55.231380462646484375 55.193691253662109375 55.057605743408203125 54.899097442626953125 54.538837432861328125 54.1785736083984375 54.01010894775390625 53.9238433837890625 54.002918243408203125 54.46779632568359375 54.93267059326171875 55.634769439697265625 56.363224029541015625 56.6975250244140625 56.63767242431640625 56.58145904541015625 56.558017730712890625 56.534572601318359375 56.612384796142578125 56.733592987060546875 56.874019622802734375 57.059276580810546875 57.244537353515625 57.115711212158203125 56.95198822021484375 56.811359405517578125 56.693817138671875 56.592193603515625 56.633819580078125 56.675449371337890625 56.706295013427734375 56.732524871826171875 56.756397247314453125 56.77477264404296875 56.79314422607421875 57.256725311279296875 57.769779205322265625
