data/rh9jul.asc
ncols        384
nrows        480
xllcorner    138.000000000000
yllcorner    -29.000000000000
cellsize     0.041666666667
NODATA_value -9999
[rows 286 to 307 of 480, columns 144 to 191 of 384]
47.60298919677734375 47.62322235107421875 47.6690216064453125 47.9449310302734375 48.2208404541015625 48.41985321044921875 48.58591461181640625 48.7895355224609375 49.080799102783203125 49.372066497802734375 49.87665557861328125 50.40494537353515625 50.810680389404296875 51.09384918212890625 51.359951019287109375 51.4724273681640625 51.584903717041015625 51.7049407958984375 51.828220367431640625 51.985782623291015625 52.22333526611328125 52.460887908935546875 52.54428863525390625 52.610565185546875 52.793956756591796875 53.09447479248046875 53.386447906494140625 53.601543426513671875 53.81664276123046875 53.842563629150390625 53.787403106689453125 53.86908721923828125 54.2700653076171875 54.671039581298828125 54.75335693359375 54.800266265869140625 54.627346038818359375 54.234600067138671875 53.891513824462890625 53.99542236328125 54.09932708740234375 54.177913665771484375 54.2456512451171875 54.220027923583984375 53.97655487060546875 53.7330780029296875 53.74761962890625 53.790828704833984375
47.5654754638671875 47.538539886474609375 47.51935577392578125 47.569942474365234375 47.6205291748046875 47.8340911865234375 48.117504119873046875 48.448749542236328125 48.8916015625 49.3344573974609375 49.800022125244140625 50.268108367919921875 50.6281890869140625 50.8802642822265625 51.115436553955078125 51.198474884033203125 51.2815093994140625 51.43759918212890625 51.62499237060546875 51.827358245849609375 52.064662933349609375 52.301967620849609375 52.418849945068359375 52.5223541259765625 52.6954193115234375 52.938045501708984375 53.17607879638671875 53.372791290283203125 53.5695037841796875 53.6732025146484375 53.737041473388671875 53.91851043701171875 54.37444305419921875 54.830379486083984375 54.827846527099609375 54.774372100830078125 54.51859283447265625 54.06050872802734375 53.656116485595703125 53.7349090576171875 53.8137054443359375 53.934841156005859375 54.074123382568359375 54.0970611572265625 53.848522186279296875 53.599987030029296875 53.623332977294921875 53.676891326904296875
47.61200714111328125 47.55951690673828125 47.50820159912109375 47.46746063232421875 47.42671966552734375 47.623279571533203125 47.921543121337890625 48.282810211181640625 48.79108428955078125 49.299358367919921875 49.8055419921875 50.311496734619140625 50.6961212158203125 50.95941925048828125 51.203884124755859375 51.27884674072265625 51.353809356689453125 51.482265472412109375 51.633647918701171875 51.8096923828125 52.04328155517578125 52.276866912841796875 52.41357421875 52.539520263671875 52.695461273193359375 52.881397247314453125 53.064910888671875 53.226650238037109375 53.38838958740234375 53.51271820068359375 53.62100982666015625 53.83939361572265625 54.3146514892578125 54.78990936279296875 54.75740814208984375 54.668487548828125 54.3746337890625 53.875835418701171875 53.435512542724609375 53.521434783935546875 53.607357025146484375 53.768817901611328125 53.96265411376953125 54.014720916748046875 53.73600006103515625 53.457275390625 53.471675872802734375 53.518650054931640625
47.74257659912109375 47.68614959716796875 47.63555908203125 47.637485504150390625 47.639415740966796875 47.787418365478515625 47.998027801513671875 48.291713714599609375 48.77924346923828125 49.266773223876953125 49.893222808837890625 50.5351104736328125 51.01447296142578125 51.3313140869140625 51.62529754638671875 51.7135467529296875 51.801792144775390625 51.8389434814453125 51.854198455810546875 51.93279266357421875 52.159191131591796875 52.385585784912109375 52.52846527099609375 52.662067413330078125 52.794086456298828125 52.924526214599609375 53.052944183349609375 53.16312408447265625 53.273303985595703125 53.36110687255859375 53.4393157958984375 53.631744384765625 54.090686798095703125 54.549625396728515625 54.542041778564453125 54.4826202392578125 54.195465087890625 53.680576324462890625 53.229701995849609375 53.3549957275390625 53.480289459228515625 53.67984771728515625 53.9112396240234375 53.973003387451171875 53.63897705078125 53.304950714111328125 53.292652130126953125 53.31610107421875
47.887989044189453125 47.8338470458984375 47.787403106689453125 47.810253143310546875 47.833103179931640625 47.931362152099609375 48.061939239501953125 48.291904449462890625 48.753765106201171875 49.2156219482421875 49.947948455810546875 50.7103271484375 51.28089141845703125 51.659637451171875 52.01154327392578125 52.121898651123046875 52.232257843017578125 52.189647674560546875 52.08148193359375 52.069549560546875 52.282154083251953125 52.49475860595703125 52.640041351318359375 52.77783966064453125 52.88698577880859375 52.967479705810546875 53.045806884765625 53.104679107666015625 53.16355133056640625 53.21382904052734375 53.2604217529296875 53.42607879638671875 53.869537353515625 54.31299591064453125 54.334438323974609375 54.308994293212890625 54.03560638427734375 53.51427459716796875 53.061092376708984375 53.221240997314453125 53.381389617919921875 53.610698699951171875 53.8696441650390625 53.93552398681640625 53.550907135009765625 53.166290283203125 53.12886810302734375 53.130023956298828125
48.166988372802734375 48.17111968994140625 48.15964508056640625 48.007686614990234375 47.8557281494140625 47.893550872802734375 48.012706756591796875 48.213672637939453125 48.605533599853515625 48.997394561767578125 49.7061004638671875 50.450008392333984375 51.079906463623046875 51.59578704833984375 52.081268310546875 52.29315185546875 52.505031585693359375 52.486583709716796875 52.369419097900390625 52.3292236328125 52.468608856201171875 52.607997894287109375 52.721759796142578125 52.832675933837890625 52.92835235595703125 53.008792877197265625 53.082172393798828125 53.09197998046875 53.101787567138671875 53.1055755615234375 53.106781005859375 53.2382659912109375 53.673732757568359375 54.10919952392578125 54.1967010498046875 54.24554443359375 54.0495147705078125 53.608615875244140625 53.2272491455078125 53.381641387939453125 53.536037445068359375 53.719921112060546875 53.91644287109375 53.936176300048828125 53.543399810791015625 53.1506195068359375 53.102264404296875 53.092182159423828125
48.445987701416015625 48.508392333984375 48.53188323974609375 48.205120086669921875 47.87835693359375 47.855739593505859375 47.963470458984375 48.135440826416015625 48.457302093505859375 48.779163360595703125 49.4642486572265625 50.18968963623046875 50.8789215087890625 51.531940460205078125 52.150997161865234375 52.4644012451171875 52.777805328369140625 52.78351593017578125 52.65735626220703125 52.588893890380859375 52.65506744384765625 52.721240997314453125 52.8034820556640625 52.887508392333984375 52.96971893310546875 53.05010986328125 53.11853790283203125 53.079280853271484375 53.0400238037109375 52.99732208251953125 52.9531402587890625 53.050457000732421875 53.477931976318359375 53.90540313720703125 54.05896759033203125 54.182094573974609375 54.063426971435546875 53.7029571533203125 53.393402099609375 53.542041778564453125 53.69068145751953125 53.829143524169921875 53.963245391845703125 53.936832427978515625 53.535888671875 53.13494873046875 53.07566070556640625 53.0543365478515625
48.631397247314453125 48.679843902587890625 48.68848419189453125 48.33889007568359375 47.98929595947265625 47.936962127685546875 48.012027740478515625 48.146556854248046875 48.41983795166015625 48.693115234375 49.316253662109375 49.978260040283203125 50.71086883544921875 51.514072418212890625 52.264904022216796875 52.5443572998046875 52.823810577392578125 52.8345947265625 52.73023223876953125 52.661922454833984375 52.677734375 52.693546295166015625 52.7245941162109375 52.757335662841796875 52.8209991455078125 52.91558837890625 52.99819183349609375 52.972896575927734375 52.947601318359375 52.87429046630859375 52.78040313720703125 52.838397979736328125 53.25079345703125 53.66318511962890625 53.887798309326171875 54.09154510498046875 54.042827606201171875 53.74164581298828125 53.481868743896484375 53.594715118408203125 53.7075653076171875 53.78366851806640625 53.844028472900390625 53.78690338134765625 53.45566558837890625 53.124423980712890625 53.1099090576171875 53.130588531494140625
48.776699066162109375 48.780223846435546875 48.752666473388671875 48.445377349853515625 48.138088226318359375 48.06920623779296875 48.102497100830078125 48.195964813232421875 48.429840087890625 48.66371917724609375 49.2084808349609375 49.787784576416015625 50.556926727294921875 51.5159149169921875 52.397747039794921875 52.5851898193359375 52.772632598876953125 52.78031158447265625 52.710941314697265625 52.65496063232421875 52.630207061767578125 52.605457305908203125 52.576877593994140625 52.547870635986328125 52.590816497802734375 52.70571136474609375 52.8106842041015625 52.82636260986328125 52.842037200927734375 52.74492645263671875 52.59947967529296875 52.615947723388671875 53.010227203369140625 53.40450286865234375 53.702304840087890625 53.989383697509765625 54.007442474365234375 53.756481170654296875 53.5370330810546875 53.60121917724609375 53.6654052734375 53.67189788818359375 53.653659820556640625 53.572444915771484375 53.34427642822265625 53.1161041259765625 53.17023468017578125 53.255733489990234375
48.926471710205078125 48.904987335205078125 48.85797882080078125 48.58127593994140625 48.304569244384765625 48.221080780029296875 48.220394134521484375 48.27991485595703125 48.47991180419921875 48.679904937744140625 49.18613433837890625 49.726390838623046875 50.522830963134765625 51.5754547119140625 52.53536224365234375 52.6608428955078125 52.78632354736328125 52.808643341064453125 52.78675079345703125 52.746265411376953125 52.662403106689453125 52.578540802001953125 52.485042572021484375 52.390476226806640625 52.404449462890625 52.526958465576171875 52.6421966552734375 52.6920013427734375 52.741802215576171875 52.624362945556640625 52.435245513916015625 52.415111541748046875 52.789272308349609375 53.163433074951171875 53.52915191650390625 53.8939361572265625 53.97615814208984375 53.775821685791015625 53.59716033935546875 53.613590240478515625 53.630023956298828125 53.581111907958984375 53.504192352294921875 53.399967193603515625 53.232025146484375 53.064083099365234375 53.16826629638671875 53.302684783935546875
49.08667755126953125 49.086639404296875 49.059261322021484375 48.785793304443359375 48.512325286865234375 48.41876220703125 48.4022979736328125 48.4444732666015625 48.62346649169921875 48.802459716796875 49.363128662109375 49.966205596923828125 50.768367767333984375 51.769618988037109375 52.684108734130859375 52.817737579345703125 52.9513702392578125 53.02974700927734375 53.08444976806640625 53.066864013671875 52.880615234375 52.694366455078125 52.52361297607421875 52.354583740234375 52.320323944091796875 52.42083740234375 52.518093109130859375 52.5860443115234375 52.653995513916015625 52.524326324462890625 52.30995941162109375 52.264713287353515625 52.61408233642578125 52.9634552001953125 53.384807586669921875 53.814159393310546875 53.95444488525390625 53.805667877197265625 53.668849945068359375 53.639652252197265625 53.6104583740234375 53.539302825927734375 53.450160980224609375 53.3254547119140625 53.11777496337890625 52.910091400146484375 53.020938873291015625 53.16717529296875
49.24688720703125 49.2682952880859375 49.260540008544921875 48.990314483642578125 48.72008514404296875 48.61644744873046875 48.58420562744140625 48.60903167724609375 48.767024993896484375 48.925018310546875 49.54012298583984375 50.206020355224609375 51.01390838623046875 51.963787078857421875 52.832855224609375 52.974636077880859375 53.116413116455078125 53.2508544921875 53.38214874267578125 53.387462615966796875 53.098827362060546875 52.810192108154296875 52.562183380126953125 52.318691253662109375 52.236202239990234375 52.31472015380859375 52.393993377685546875 52.480091094970703125 52.566188812255859375 52.424285888671875 52.18466949462890625 52.114315032958984375 52.43889617919921875 52.763477325439453125 53.2404632568359375 53.73438262939453125 53.932735443115234375 53.83551788330078125 53.74053955078125 53.665714263916015625 53.590892791748046875 53.49748992919921875 53.39612579345703125 53.250946044921875 53.003520965576171875 52.75609588623046875 52.873607635498046875 53.03166961669921875
49.371479034423828125 49.38048553466796875 49.364978790283203125 49.12883758544921875 48.892696380615234375 48.769252777099609375 48.694110870361328125 48.695831298828125 48.876903533935546875 49.05797576904296875 49.599239349365234375 50.180522918701171875 50.967899322509765625 51.961376190185546875 52.861995697021484375 52.92691802978515625 52.991840362548828125 53.1322479248046875 53.30500030517578125 53.37755584716796875 53.2163238525390625 53.05509185791015625 52.782634735107421875 52.4978179931640625 52.386966705322265625 52.45008087158203125 52.511859893798828125 52.56165313720703125 52.611446380615234375 52.419567108154296875 52.124114990234375 51.992671966552734375 52.243907928466796875 52.495147705078125 52.967830657958984375 53.465114593505859375 53.7079315185546875 53.69628143310546875 53.689319610595703125 53.724578857421875 53.7598419189453125 53.880802154541015625 54.038486480712890625 54.065593719482421875 53.7880096435546875 53.5104217529296875 53.3115997314453125 53.121524810791015625
49.492115020751953125 49.484958648681640625 49.458652496337890625 49.260028839111328125 49.0614013671875 48.917072296142578125 48.796016693115234375 48.77399444580078125 48.983043670654296875 49.1920928955078125 49.645259857177734375 50.125545501708984375 50.889499664306640625 51.937122344970703125 52.87784576416015625 52.85646820068359375 52.83509063720703125 52.97589111328125 53.1862030029296875 53.330928802490234375 53.3226318359375 53.314334869384765625 53.02329254150390625 52.700836181640625 52.5638275146484375 52.612270355224609375 52.6566162109375 52.664051055908203125 52.67148590087890625 52.42543792724609375 52.070751190185546875 51.8742218017578125 52.046722412109375 52.219226837158203125 52.680942535400390625 53.17479705810546875 53.460567474365234375 53.538257598876953125 53.62444305419921875 53.787090301513671875 53.949737548828125 54.31134796142578125 54.7582244873046875 54.979038238525390625 54.67235565185546875 54.365673065185546875 53.814624786376953125 53.236419677734375
49.623828887939453125 49.61403656005859375 49.587245941162109375 49.407474517822265625 49.227703094482421875 49.07080841064453125 48.9237213134765625 48.88788604736328125 49.11163330078125 49.33538055419921875 49.758571624755859375 50.203922271728515625 50.9298248291015625 51.936279296875 52.8357086181640625 52.771915435791015625 52.70812225341796875 52.813140869140625 52.990505218505859375 53.137542724609375 53.213809967041015625 53.290081024169921875 53.0449676513671875 52.7641448974609375 52.659267425537109375 52.730342864990234375 52.795452117919921875 52.806880950927734375 52.818309783935546875 52.4981842041015625 52.0359649658203125 51.73958587646484375 51.830169677734375 51.920757293701171875 52.33917999267578125 52.79402923583984375 53.128589630126953125 53.342864990234375 53.566619873046875 53.87569427490234375 54.184772491455078125 54.7150726318359375 55.34018707275390625 55.8981475830078125 56.29943084716796875 56.700710296630859375 55.35070037841796875 53.806102752685546875
49.7666168212890625 49.767719268798828125 49.75075531005859375 49.57117462158203125 49.391597747802734375 49.230457305908203125 49.0772247314453125 49.037506103515625 49.26267242431640625 49.487834930419921875 49.939178466796875 50.415653228759765625 51.08887481689453125 51.9588470458984375 52.73558807373046875 52.6732635498046875 52.61093902587890625 52.64398956298828125 52.717914581298828125 52.79740142822265625 52.889862060546875 52.98232269287109375 52.84764862060546875 52.687740325927734375 52.67328643798828125 52.804290771484375 52.928371429443359375 52.990142822265625 53.05191802978515625 52.63780975341796875 52.01975250244140625 51.5887603759765625 51.594249725341796875 51.599742889404296875 51.942539215087890625 52.32281494140625 52.712001800537109375 53.110103607177734375 53.515850067138671875 53.990398406982421875 54.464946746826171875 55.09197998046875 55.784366607666015625 56.822925567626953125 58.669231414794921875 60.515533447265625 57.919834136962890625 54.83057403564453125
49.908843994140625 49.91898345947265625 49.909942626953125 49.728313446044921875 49.54668426513671875 49.38262176513671875 49.22609710693359375 49.184116363525390625 49.409423828125 49.634731292724609375 50.106090545654296875 50.604785919189453125 51.232330322265625 51.988719940185546875 52.6630706787109375 52.599086761474609375 52.535099029541015625 52.508747100830078125 52.498523712158203125 52.5210113525390625 52.61983489990234375 52.718658447265625 52.6801910400390625 52.62647247314453125 52.690631866455078125 52.8726806640625 53.047088623046875 53.152751922607421875 53.25841522216796875 52.7618560791015625 52.007205963134765625 51.45595550537109375 51.379299163818359375 51.302642822265625 51.5732421875 51.88242340087890625 52.317554473876953125 52.878635406494140625 53.445770263671875 54.06742095947265625 54.689067840576171875 55.391452789306640625 56.128437042236328125 57.547092437744140625 60.5563201904296875 63.56554412841796875 59.98250579833984375 55.6669921875
50.0460662841796875 50.048465728759765625 50.03023529052734375 49.826366424560546875 49.62249755859375 49.467441558837890625 49.33331298828125 49.303619384765625 49.517612457275390625 49.731609344482421875 50.149745941162109375 50.59056854248046875 51.235443115234375 52.084369659423828125 52.839015960693359375 52.74517822265625 52.651336669921875 52.67865753173828125 52.757907867431640625 52.818393707275390625 52.835102081298828125 52.85181427001953125 52.781444549560546875 52.701404571533203125 52.73793792724609375 52.891048431396484375 53.037994384765625 53.1294403076171875 53.220882415771484375 52.745697021484375 52.02767181396484375 51.485363006591796875 51.353061676025390625 51.22076416015625 51.450016021728515625 51.71944427490234375 52.12236785888671875 52.658782958984375 53.20189666748046875 53.80532073974609375 54.408740997314453125 54.9940185546875 55.5715179443359375 56.4657440185546875 58.098995208740234375 59.732250213623046875 57.487056732177734375 54.810924530029296875
50.183284759521484375 50.177944183349609375 50.150531768798828125 49.924419403076171875 49.69831085205078125 49.5522613525390625 49.44052886962890625 49.42311859130859375 49.62580108642578125 49.828487396240234375 50.1934051513671875 50.576351165771484375 51.238552093505859375 52.18001556396484375 53.014965057373046875 52.891269683837890625 52.767574310302734375 52.84857177734375 53.017292022705078125 53.11577606201171875 53.050373077392578125 52.9849700927734375 52.88269805908203125 52.776336669921875 52.78524017333984375 52.909420013427734375 53.028903961181640625 53.106128692626953125 53.183353424072265625 52.7295379638671875 52.048137664794921875 51.514774322509765625 51.3268280029296875 51.138881683349609375 51.326793670654296875 51.556468963623046875 51.92717742919921875 52.438930511474609375 52.9580230712890625 53.543216705322265625 54.12841033935546875 54.59658050537109375 55.01459503173828125 55.38439178466796875 55.641674041748046875 55.898952484130859375 54.991607666015625 53.95485687255859375
50.2832183837890625 50.276611328125 50.251941680908203125 50.064754486083984375 49.87757110595703125 49.7650146484375 49.684444427490234375 49.692150115966796875 49.905841827392578125 50.11952972412109375 50.5322265625 50.967037200927734375 51.616245269775390625 52.479846954345703125 53.24532318115234375 53.127651214599609375 53.009979248046875 53.017704010009765625 53.079174041748046875 53.099903106689453125 53.02558135986328125 52.951259613037109375 52.9169464111328125 52.887081146240234375 52.886260986328125 52.914485931396484375 52.943141937255859375 52.97565460205078125 53.00817108154296875 52.62645721435546875 52.0672149658203125 51.622333526611328125 51.444301605224609375 51.266269683837890625 51.43279266357421875 51.637599945068359375 51.975849151611328125 52.447536468505859375 52.92568206787109375 53.461994171142578125 53.998302459716796875 54.396274566650390625 54.734958648681640625 54.92600250244140625 54.772541046142578125 54.619083404541015625 54.217807769775390625 53.78899383544921875
50.367176055908203125 50.36206817626953125 50.345264434814453125 50.22321319580078125 50.101165771484375 50.032596588134765625 49.986949920654296875 50.0252685546875 50.25952911376953125 50.493785858154296875 50.997547149658203125 51.531253814697265625 52.154468536376953125 52.867183685302734375 53.499004364013671875 53.402729034423828125 53.306453704833984375 53.186504364013671875 53.056407928466796875 52.949779510498046875 52.897907257080078125 52.846035003662109375 52.92247772216796875 53.01317596435546875 53.010303497314453125 52.913852691650390625 52.82452392578125 52.799259185791015625 52.77399444580078125 52.486118316650390625 52.085693359375 51.76338958740234375 51.6233673095703125 51.483341217041015625 51.63703155517578125 51.823352813720703125 52.1290283203125 52.554050445556640625 52.98400115966796875 53.458286285400390625 53.932575225830078125 54.280452728271484375 54.57415771484375 54.734592437744140625 54.584064483642578125 54.433536529541015625 54.181854248046875 53.9189300537109375
50.442012786865234375 50.4477996826171875 50.445484161376953125 50.37026214599609375 50.295040130615234375 50.261814117431640625 50.24658203125 50.307033538818359375 50.5440673828125 50.781101226806640625 51.311279296875 51.87403106689453125 52.4787750244140625 53.125514984130859375 53.700908660888671875 53.634143829345703125 53.5673828125 53.370761871337890625 53.118480682373046875 52.93592071533203125 52.916027069091796875 52.8961334228515625 53.007663726806640625 53.13379669189453125 53.119029998779296875 52.963359832763671875 52.815654754638671875 52.739620208740234375 52.66358184814453125 52.434810638427734375 52.140575408935546875 51.914096832275390625 51.845714569091796875 51.7773284912109375 51.87155914306640625 51.983856201171875 52.23117828369140625 52.613525390625 53.000553131103515625 53.429706573486328125 53.85886383056640625 54.167694091796875 54.424961090087890625 54.563625335693359375 54.42554473876953125 54.287464141845703125 54.16024017333984375 54.03421783447265625
