data/rh9jan.asc
ncols        384
nrows        480
xllcorner    138.000000000000
yllcorner    -29.000000000000
cellsize     0.041666666667
NODATA_value -9999
[rows 396 to 417 of 480, columns 0 to 47 of 384]
32.4661865234375 32.48780059814453125 32.478427886962890625 32.3847198486328125 32.291011810302734375 32.233852386474609375 32.192356109619140625 32.1459197998046875 32.087970733642578125 32.030017852783203125 31.994375228881835938 31.961215972900390625 31.987413406372070313 32.072971343994140625 32.154094696044921875 32.19530487060546875 32.236515045166015625 32.1458892822265625 31.9987640380859375 31.914293289184570313 31.976016998291015625 32.03774261474609375 31.990015029907226563 31.930128097534179688 31.924375534057617188 31.972759246826171875 32.01055145263671875 31.95301055908203125 31.89546966552734375 31.86865997314453125 31.855020523071289063 31.842977523803710938 31.834659576416015625 31.826341629028320313 31.9758148193359375 32.142818450927734375 32.227996826171875 32.231349945068359375 32.21578216552734375 32.02996063232421875 31.84413909912109375 31.753553390502929688 31.703783035278320313 31.657644271850585938 31.619977951049804688 31.582311630249023438 31.612752914428710938 31.650760650634765625
32.467426300048828125 32.467601776123046875 32.45934295654296875 32.376758575439453125 32.2941741943359375 32.24225616455078125 32.2034759521484375 32.156139373779296875 32.08882904052734375 32.021518707275390625 31.9882049560546875 31.95867156982421875 31.9866180419921875 32.07204437255859375 32.15267181396484375 32.190113067626953125 32.227558135986328125 32.14469146728515625 32.01026153564453125 31.932909011840820313 31.988739013671875 32.0445709228515625 31.9635009765625 31.867221832275390625 31.8496551513671875 31.910800933837890625 31.963186264038085938 31.936731338500976563 31.910274505615234375 31.898000717163085938 31.891805648803710938 31.88341522216796875 31.869907379150390625 31.856397628784179688 31.948980331420898438 32.05335235595703125 32.118961334228515625 32.14581298828125 32.154445648193359375 31.999149322509765625 31.843852996826171875 31.7665557861328125 31.722684860229492188 31.650800704956054688 31.513545989990234375 31.376291275024414063 31.470308303833007813 31.590021133422851563
32.44528961181640625 32.446872711181640625 32.43958282470703125 32.366672515869140625 32.29376220703125 32.246784210205078125 32.210918426513671875 32.16359710693359375 32.08954620361328125 32.015491485595703125 31.985088348388671875 31.95953369140625 31.988748550415039063 32.072734832763671875 32.151458740234375 32.1828460693359375 32.214229583740234375 32.13890838623046875 32.017852783203125 31.947999954223632813 31.997613906860351563 32.0472259521484375 31.940820693969726563 31.817079544067382813 31.7902374267578125 31.86029052734375 31.923585891723632813 31.9260406494140625 31.928495407104492188 31.929941177368164063 31.930957794189453125 31.925954818725585938 31.906909942626953125 31.887865066528320313 31.927938461303710938 31.974578857421875 32.02475738525390625 32.078472137451171875 32.114215850830078125 31.988254547119140625 31.862293243408203125 31.795574188232421875 31.754247665405273438 31.657438278198242188 31.431169509887695313 31.204900741577148438 31.345104217529296875 31.526025772094726563
32.421398162841796875 32.421398162841796875 32.41376495361328125 32.337444305419921875 32.2611236572265625 32.216411590576171875 32.185245513916015625 32.1462554931640625 32.08899688720703125 32.03173828125 32.009441375732421875 31.991029739379882813 32.0172119140625 32.087982177734375 32.152149200439453125 32.156856536865234375 32.16156005859375 32.091876983642578125 31.990314483642578125 31.931365966796875 31.971857070922851563 32.0123443603515625 31.95264434814453125 31.881809234619140625 31.868534088134765625 31.912817001342773438 31.953851699829101563 31.9656524658203125 31.977453231811523438 31.98528289794921875 31.9914093017578125 31.987394332885742188 31.959711074829101563 31.932027816772460938 31.95902252197265625 31.992090225219726563 32.064052581787109375 32.1749114990234375 32.263950347900390625 32.156597137451171875 32.049243927001953125 31.968740463256835938 31.89974212646484375 31.785409927368164063 31.565298080444335938 31.345186233520507813 31.375062942504882813 31.43271636962890625
32.4531402587890625 32.395923614501953125 32.38794708251953125 32.308216094970703125 32.228485107421875 32.186038970947265625 32.159572601318359375 32.128910064697265625 32.08844757080078125 32.047985076904296875 32.033794403076171875 32.022525787353515625 32.045673370361328125 32.10323333740234375 32.152843475341796875 32.13086700439453125 32.10889434814453125 32.044849395751953125 31.96277618408203125 31.91473388671875 31.946100234985351563 31.977464675903320313 31.964466094970703125 31.946538925170898438 31.94683074951171875 31.965343475341796875 31.984117507934570313 32.0052642822265625 32.026409149169921875 32.040622711181640625 32.0518646240234375 32.04883575439453125 32.01251220703125 31.976192474365234375 31.990106582641601563 32.009601593017578125 32.103351593017578125 32.271350860595703125 32.4136810302734375 32.324939727783203125 32.23619842529296875 32.14190673828125 32.045238494873046875 31.91338348388671875 31.699428558349609375 31.4854736328125 31.405023574829101563 31.33940887451171875
32.566619873046875 32.542095184326171875 32.531650543212890625 32.427188873291015625 32.322723388671875 32.270359039306640625 32.240322113037109375 32.21105194091796875 32.18355560302734375 32.156063079833984375 32.1498565673828125 32.14601898193359375 32.156063079833984375 32.179988861083984375 32.1980133056640625 32.162899017333984375 32.12778472900390625 32.050205230712890625 31.954423904418945313 31.891965866088867188 31.907258987426757813 31.922552108764648438 31.931043624877929688 31.938779830932617188 31.959772109985351563 31.994020462036132813 32.028835296630859375 32.068744659423828125 32.10865020751953125 32.12152862548828125 32.122821807861328125 32.12418365478515625 32.125713348388671875 32.127239227294921875 32.120098114013671875 32.111995697021484375 32.185092926025390625 32.33939361572265625 32.46393585205078125 32.32064056396484375 32.177341461181640625 32.077152252197265625 31.995439529418945313 31.8916015625 31.736143112182617188 31.580682754516601563 31.502817153930664063 31.433574676513671875
32.74416351318359375 32.761837005615234375 32.7480010986328125 32.60967254638671875 32.471340179443359375 32.403835296630859375 32.3666839599609375 32.335826873779296875 32.319660186767578125 32.303493499755859375 32.3052215576171875 32.308940887451171875 32.30156707763671875 32.28310394287109375 32.26224517822265625 32.219799041748046875 32.177349090576171875 32.078014373779296875 31.954296112060546875 31.866565704345703125 31.862810134887695313 31.859056472778320313 31.878231048583984375 31.899951934814453125 31.9447021484375 32.012477874755859375 32.07975006103515625 32.142452239990234375 32.2051544189453125 32.21338653564453125 32.19828033447265625 32.205493927001953125 32.26479339599609375 32.324092864990234375 32.29248046875 32.250766754150390625 32.28502655029296875 32.395267486572265625 32.471561431884765625 32.24234771728515625 32.0131378173828125 31.910430908203125 31.861942291259765625 31.805639266967773438 31.731107711791992188 31.656576156616210938 31.6296844482421875 31.608083724975585938
32.887317657470703125 32.928554534912109375 32.91156005859375 32.74160003662109375 32.571643829345703125 32.487087249755859375 32.439136505126953125 32.402759552001953125 32.39340972900390625 32.384059906005859375 32.392429351806640625 32.402767181396484375 32.384845733642578125 32.3386688232421875 32.2927398681640625 32.249057769775390625 32.20537567138671875 32.0889739990234375 31.941410064697265625 31.834142684936523438 31.820903778076171875 31.8076629638671875 31.835683822631835938 31.868288040161132813 31.934833526611328125 32.0353240966796875 32.1326751708984375 32.20178985595703125 32.270904541015625 32.27136993408203125 32.242412567138671875 32.253185272216796875 32.356658935546875 32.4601287841796875 32.4141998291015625 32.351673126220703125 32.35198211669921875 32.415130615234375 32.443851470947265625 32.162731170654296875 31.881610870361328125 31.773759841918945313 31.740169525146484375 31.712007522583007813 31.6965179443359375 31.681028366088867188 31.691801071166992188 31.7054901123046875
32.971561431884765625 32.971561431884765625 32.95192718505859375 32.755573272705078125 32.5592193603515625 32.45316314697265625 32.385807037353515625 32.334735870361328125 32.321666717529296875 32.30860137939453125 32.32059478759765625 32.3353729248046875 32.322933197021484375 32.2832794189453125 32.2445220947265625 32.213832855224609375 32.183147430419921875 32.06063079833984375 31.898759841918945313 31.785329818725585938 31.784923553466796875 31.784517288208007813 31.8170928955078125 31.85333251953125 31.937103271484375 32.068401336669921875 32.19029998779296875 32.22760009765625 32.26490020751953125 32.25029754638671875 32.21344757080078125 32.2224273681640625 32.33834075927734375 32.454254150390625 32.4177093505859375 32.364223480224609375 32.34197998046875 32.350971221923828125 32.333698272705078125 32.080013275146484375 31.826326370239257813 31.707204818725585938 31.645753860473632813 31.600482940673828125 31.592967987060546875 31.585453033447265625 31.60283660888671875 31.62298583984375
32.99289703369140625 33.014568328857421875 32.992290496826171875 32.769542694091796875 32.546794891357421875 32.419239044189453125 32.332477569580078125 32.2667083740234375 32.2499237060546875 32.233142852783203125 32.248760223388671875 32.267978668212890625 32.261020660400390625 32.2278900146484375 32.196300506591796875 32.17861175537109375 32.160919189453125 32.03228759765625 31.856109619140625 31.736515045166015625 31.748943328857421875 31.761371612548828125 31.798501968383789063 31.83837890625 31.939371109008789063 32.10147857666015625 32.247928619384765625 32.25341033935546875 32.2588958740234375 32.229221343994140625 32.184478759765625 32.1916656494140625 32.3200225830078125 32.4483795166015625 32.421215057373046875 32.376773834228515625 32.331974029541015625 32.286815643310546875 32.223545074462890625 31.997295379638671875 31.771043777465820313 31.640649795532226563 31.55133819580078125 31.488958358764648438 31.48941802978515625 31.489879608154296875 31.513872146606445313 31.540479660034179688
32.990154266357421875 32.99256134033203125 32.97153472900390625 32.761280059814453125 32.551025390625 32.41796112060546875 32.317981719970703125 32.239879608154296875 32.21283721923828125 32.185794830322265625 32.19149017333984375 32.2008209228515625 32.1866455078125 32.148967742919921875 32.115802764892578125 32.12328338623046875 32.130764007568359375 31.995973587036132813 31.80020904541015625 31.664211273193359375 31.667675018310546875 31.671138763427734375 31.719808578491210938 31.773502349853515625 31.878484725952148438 32.034755706787109375 32.1781005859375 32.205112457275390625 32.23212432861328125 32.241222381591796875 32.242645263671875 32.27812957763671875 32.393085479736328125 32.508037567138671875 32.47322845458984375 32.421779632568359375 32.37404632568359375 32.330020904541015625 32.26718902587890625 32.03504180908203125 31.802892684936523438 31.668436050415039063 31.575845718383789063 31.50760650634765625 31.496187210083007813 31.484767913818359375 31.505031585693359375 31.52881622314453125
32.964328765869140625 32.9633331298828125 32.943988800048828125 32.750545501708984375 32.55710601806640625 32.420314788818359375 32.30780029296875 32.217632293701171875 32.179599761962890625 32.141571044921875 32.135837554931640625 32.13368988037109375 32.110889434814453125 32.0674285888671875 32.03171539306640625 32.065723419189453125 32.0997314453125 31.958774566650390625 31.742834091186523438 31.589298248291015625 31.5813751220703125 31.573451995849609375 31.63443756103515625 31.703081130981445313 31.810581207275390625 31.956939697265625 32.09410858154296875 32.1485748291015625 32.203044891357421875 32.256900787353515625 32.31049346923828125 32.37761688232421875 32.476299285888671875 32.574981689453125 32.53063201904296875 32.47039031982421875 32.421901702880859375 32.385158538818359375 32.327915191650390625 32.086170196533203125 31.844423294067382813 31.706705093383789063 31.613567352294921875 31.540719985961914063 31.5152130126953125 31.48970794677734375 31.505092620849609375 31.525022506713867188
32.93808746337890625 32.937091827392578125 32.9195098876953125 32.743701934814453125 32.567890167236328125 32.440044403076171875 32.332752227783203125 32.243022918701171875 32.19426727294921875 32.14551544189453125 32.128223419189453125 32.114429473876953125 32.07745361328125 32.0172882080078125 31.968135833740234375 32.018077850341796875 32.068019866943359375 31.935831069946289063 31.725582122802734375 31.574937820434570313 31.5633697509765625 31.551801681518554688 31.59677886962890625 31.648040771484375 31.753854751586914063 31.914220809936523438 32.069446563720703125 32.178409576416015625 32.2873687744140625 32.352375030517578125 32.398540496826171875 32.470645904541015625 32.603260040283203125 32.73587799072265625 32.67372894287109375 32.589939117431640625 32.533008575439453125 32.50293731689453125 32.449542999267578125 32.186248779296875 31.922952651977539063 31.78964996337890625 31.71205902099609375 31.650663375854492188 31.627058029174804688 31.603450775146484375 31.596858978271484375 31.592157363891601563
32.9122161865234375 32.913837432861328125 32.898101806640625 32.7407379150390625 32.583377838134765625 32.47714996337890625 32.392841339111328125 32.316059112548828125 32.25684356689453125 32.197628021240234375 32.168651580810546875 32.143039703369140625 32.086338043212890625 31.998544692993164063 31.925060272216796875 31.9803466796875 32.035633087158203125 31.9271392822265625 31.748453140258789063 31.62113189697265625 31.613658905029296875 31.6061859130859375 31.606832504272460938 31.608381271362304688 31.708301544189453125 31.906595230102539063 32.1041107177734375 32.294605255126953125 32.485103607177734375 32.52764892578125 32.5067901611328125 32.55721282958984375 32.7739715576171875 32.99073028564453125 32.90251922607421875 32.780422210693359375 32.707370758056640625 32.683361053466796875 32.63207244873046875 32.335277557373046875 32.038482666015625 31.91727447509765625 31.8713226318359375 31.837438583374023438 31.831720352172851563 31.826000213623046875 31.780330657958984375 31.730222702026367188
32.871112823486328125 32.885715484619140625 32.872013092041015625 32.73496246337890625 32.597911834716796875 32.5124664306640625 32.4491424560546875 32.383853912353515625 32.313995361328125 32.244136810302734375 32.20410919189453125 32.16739654541015625 32.09253692626953125 31.979534149169921875 31.883632659912109375 31.94164276123046875 31.999652862548828125 31.91121673583984375 31.760015487670898438 31.652795791625976563 31.648199081420898438 31.643602371215820313 31.608491897583007813 31.5699920654296875 31.667467117309570313 31.90091705322265625 32.136966705322265625 32.39641571044921875 32.655864715576171875 32.67877197265625 32.600299835205078125 32.632259368896484375 32.921886444091796875 33.211513519287109375 33.1036224365234375 32.951564788818359375 32.864971160888671875 32.843845367431640625 32.792499542236328125 32.469150543212890625 32.145801544189453125 32.035427093505859375 32.01633453369140625 32.004138946533203125 32.008052825927734375 32.011966705322265625 31.933263778686523438 31.8453826904296875
32.81378173828125 32.81378173828125 32.803783416748046875 32.70381927490234375 32.603851318359375 32.531658172607421875 32.471363067626953125 32.404510498046875 32.32234954833984375 32.240192413330078125 32.194789886474609375 32.153472900390625 32.074588775634765625 31.9581451416015625 31.857057571411132813 31.89420318603515625 31.931346893310546875 31.830202102661132813 31.66979217529296875 31.553691864013671875 31.540988922119140625 31.528285980224609375 31.534597396850585938 31.54302215576171875 31.669073104858398438 31.912754058837890625 32.153583526611328125 32.368724822998046875 32.583866119384765625 32.6125030517578125 32.56121063232421875 32.60361480712890625 32.864654541015625 33.125690460205078125 33.05556488037109375 32.94864654541015625 32.87175750732421875 32.82489776611328125 32.7539825439453125 32.46661376953125 32.1792449951171875 32.068347930908203125 32.0330810546875 31.990171432495117188 31.92942047119140625 31.868669509887695313 31.811353683471679688 31.75441741943359375
32.77519989013671875 32.74184417724609375 32.73555755615234375 32.67267608642578125 32.60979461669921875 32.550846099853515625 32.49358367919921875 32.42516326904296875 32.330707550048828125 32.236248016357421875 32.1854705810546875 32.139545440673828125 32.056640625 31.936754226684570313 31.83048248291015625 31.846761703491210938 31.863040924072265625 31.749189376831054688 31.57956695556640625 31.45458984375 31.433780670166015625 31.41297149658203125 31.460702896118164063 31.51605224609375 31.670680999755859375 31.924592971801757813 32.170196533203125 32.341030120849609375 32.51186370849609375 32.546234130859375 32.52211761474609375 32.57497406005859375 32.8074188232421875 33.039867401123046875 33.007511138916015625 32.94573211669921875 32.878543853759765625 32.80594635009765625 32.7154693603515625 32.464076995849609375 32.21268463134765625 32.10126495361328125 32.049831390380859375 31.97620391845703125 31.850790023803710938 31.725376129150390625 31.689441680908203125 31.6634521484375
32.784267425537109375 32.7699737548828125 32.76509857177734375 32.71633148193359375 32.667568206787109375 32.6311798095703125 32.60009765625 32.54912567138671875 32.451755523681640625 32.354381561279296875 32.294269561767578125 32.238292694091796875 32.137531280517578125 31.991973876953125 31.861528396606445313 31.867082595825195313 31.872638702392578125 31.734563827514648438 31.534933090209960938 31.384012222290039063 31.346752166748046875 31.309490203857421875 31.362396240234375 31.425321578979492188 31.562511444091796875 31.773967742919921875 31.982202529907226563 32.1614532470703125 32.340702056884765625 32.39519500732421875 32.396213531494140625 32.4873046875 32.78855133056640625 33.0897979736328125 33.074951171875 33.024982452392578125 32.940059661865234375 32.8201751708984375 32.68830108642578125 32.448516845703125 32.20873260498046875 32.077449798583984375 31.992670059204101563 31.892024993896484375 31.754362106323242188 31.61669921875 31.585527420043945313 31.566186904907226563
32.842144012451171875 32.8409881591796875 32.83654022216796875 32.792049407958984375 32.74755859375 32.737720489501953125 32.74273681640625 32.717365264892578125 32.62110137939453125 32.52483367919921875 32.453685760498046875 32.3853302001953125 32.260776519775390625 32.08002471923828125 31.917268753051757813 31.916446685791015625 31.915624618530273438 31.748388290405273438 31.50983428955078125 31.325658798217773438 31.268369674682617188 31.211080551147460938 31.253625869750976563 31.3072662353515625 31.40729522705078125 31.553714752197265625 31.706518173217773438 31.916782379150390625 32.127048492431640625 32.20782470703125 32.2331085205078125 32.374340057373046875 32.78612518310546875 33.197910308837890625 33.191890716552734375 33.1394500732421875 33.025028228759765625 32.84862518310546875 32.6660003662109375 32.42737579345703125 32.188751220703125 32.029323577880859375 31.903833389282226563 31.777757644653320313 31.650310516357421875 31.522861480712890625 31.489324569702148438 31.466222763061523438
32.918178558349609375 32.91547393798828125 32.910797119140625 32.863994598388671875 32.817195892333984375 32.8208465576171875 32.84612274169921875 32.8368377685546875 32.746913909912109375 32.656986236572265625 32.57617950439453125 32.4963836669921875 32.34995269775390625 32.136890411376953125 31.944509506225585938 31.938274383544921875 31.932041168212890625 31.740331649780273438 31.469129562377929688 31.25775146484375 31.185960769653320313 31.114168167114257813 31.140089035034179688 31.1768646240234375 31.242279052734375 31.336332321166992188 31.4445343017578125 31.68009185791015625 31.915647506713867188 32.041778564453125 32.1210174560546875 32.328983306884765625 32.8373260498046875 33.345672607421875 33.37152862548828125 33.343776702880859375 33.1926727294921875 32.918212890625 32.646511077880859375 32.399623870849609375 32.152736663818359375 31.973321914672851563 31.822826385498046875 31.683546066284179688 31.5704345703125 31.457323074340820313 31.416399002075195313 31.383495330810546875
32.99806976318359375 32.99806976318359375 32.9916229248046875 32.927150726318359375 32.86267852783203125 32.84934234619140625 32.8579254150390625 32.84252166748046875 32.771148681640625 32.699779510498046875 32.61251068115234375 32.523479461669921875 32.3596343994140625 32.12097930908203125 31.905248641967773438 31.895856857299804688 31.88646697998046875 31.681209564208984375 31.392009735107421875 31.167551040649414063 31.094150543212890625 31.020751953125 31.015422821044921875 31.017660140991210938 31.054401397705078125 31.12564849853515625 31.214521408081054688 31.462017059326171875 31.70951080322265625 31.925489425659179688 32.127960205078125 32.441375732421875 33.013660430908203125 33.585941314697265625 33.697460174560546875 33.757785797119140625 33.553226470947265625 33.083789825439453125 32.63358306884765625 32.3564453125 32.079303741455078125 31.898954391479492188 31.760084152221679688 31.636129379272460938 31.54697418212890625 31.457818984985351563 31.397787094116210938 31.340991973876953125
33.064361572265625 33.08066558837890625 33.07244873046875 32.990306854248046875 32.90816497802734375 32.877841949462890625 32.86972808837890625 32.848201751708984375 32.79538726806640625 32.7425689697265625 32.648845672607421875 32.550571441650390625 32.369312286376953125 32.10506439208984375 31.865987777709960938 31.8534393310546875 31.840892791748046875 31.622089385986328125 31.314889907836914063 31.077348709106445313 31.002340316772460938 30.927333831787109375 30.890758514404296875 30.858455657958984375 30.86652374267578125 30.914966583251953125 30.984508514404296875 31.2439422607421875 31.503374099731445313 31.809200286865234375 32.134906768798828125 32.553768157958984375 33.189990997314453125 33.826213836669921875 34.0233917236328125 34.17179107666015625 33.91378021240234375 33.24936676025390625 32.620655059814453125 32.313262939453125 32.0058746337890625 31.824588775634765625 31.697343826293945313 31.588712692260742188 31.5235137939453125 31.458314895629882813 31.379177093505859375 31.298488616943359375
