data/rh9jul.asc
ncols        384
nrows        480
xllcorner    138.000000000000
yllcorner    -29.000000000000
cellsize     0.041666666667
NODATA_value -9999
[rows 308 to 329 of 480, columns 240 to 287 of 384]
56.028560638427734375 55.511333465576171875 55.112091064453125 55.774749755859375 56.437408447265625 56.808391571044921875 57.054370880126953125 57.2154541015625 57.17844390869140625 57.141437530517578125 57.370513916015625 57.629161834716796875 57.785526275634765625 57.8396148681640625 57.884613037109375 57.847812652587890625 57.811008453369140625 57.987194061279296875 58.254657745361328125 58.46840667724609375 58.556819915771484375 58.645229339599609375 58.656253814697265625 58.658679962158203125 58.863567352294921875 59.27091217041015625 59.6787261962890625 60.090763092041015625 60.50279998779296875 60.6831207275390625 60.76413726806640625 61.1443939208984375 62.22289276123046875 63.3013916015625 66.5285797119140625 69.9945068359375 72.7695159912109375 74.853607177734375 76.7627716064453125 77.09763336181640625 77.43248748779296875 77.4418182373046875 77.3116455078125 77.08110809326171875 76.61637115478515625 76.151641845703125 75.86761474609375 75.603668212890625
56.27301025390625 55.696964263916015625 55.237758636474609375 55.830108642578125 56.422458648681640625 56.77924346923828125 57.03507232666015625 57.17530059814453125 57.045795440673828125 56.916286468505859375 57.17737579345703125 57.48186492919921875 57.696514129638671875 57.82132720947265625 57.930511474609375 57.898998260498046875 57.86748504638671875 57.920680999755859375 58.010181427001953125 58.124603271484375 58.29718017578125 58.469757080078125 58.5153961181640625 58.54692840576171875 58.764934539794921875 59.1694183349609375 59.584194183349609375 60.09161376953125 60.599033355712890625 60.7036590576171875 60.635654449462890625 60.863433837890625 61.7813720703125 62.699306488037109375 65.7422027587890625 69.021209716796875 71.76581573486328125 73.97600555419921875 76.03098297119140625 76.6889801025390625 77.34697723388671875 77.51865386962890625 77.48189544677734375 77.30156707763671875 76.7862396240234375 76.27091217041015625 76.01599884033203125 75.79001617431640625
56.441524505615234375 55.812252044677734375 55.2931365966796875 55.76544189453125 56.237743377685546875 56.563907623291015625 56.827442169189453125 56.990749359130859375 56.920200347900390625 56.849651336669921875 57.130092620849609375 57.449535369873046875 57.731781005859375 57.976833343505859375 58.19161224365234375 58.1339263916015625 58.076244354248046875 58.082767486572265625 58.116809844970703125 58.170742034912109375 58.271099090576171875 58.37145233154296875 58.393993377685546875 58.40789031982421875 58.54276275634765625 58.798614501953125 59.0818023681640625 59.611057281494140625 60.14031219482421875 60.309406280517578125 60.324146270751953125 60.565395355224609375 61.335170745849609375 62.104946136474609375 64.758209228515625 67.620758056640625 70.3394927978515625 72.9144134521484375 75.32921600341796875 76.30292510986328125 77.27663421630859375 77.56296539306640625 77.55469512939453125 77.345672607421875 76.668243408203125 75.990814208984375 75.7375335693359375 75.53137969970703125
56.60160064697265625 55.9197235107421875 55.34070587158203125 55.687435150146484375 56.0341644287109375 56.327884674072265625 56.598888397216796875 56.790157318115234375 56.795391082763671875 56.800624847412109375 57.0990142822265625 57.429981231689453125 57.780857086181640625 58.15164947509765625 58.476627349853515625 58.38927459716796875 58.30191802978515625 58.270252227783203125 58.262447357177734375 58.2602081298828125 58.270965576171875 58.281719207763671875 58.274753570556640625 58.265819549560546875 58.306865692138671875 58.397884368896484375 58.53409576416015625 59.0770111083984375 59.619930267333984375 59.869068145751953125 59.992298126220703125 60.2654571533203125 60.88845062255859375 61.511440277099609375 63.75225830078125 66.1728363037109375 68.8662109375 71.83237457275390625 74.63079071044921875 75.91938018798828125 77.207977294921875 77.60366058349609375 77.616668701171875 77.3701934814453125 76.5182647705078125 75.66634368896484375 75.41164398193359375 75.223297119140625
56.760242462158203125 56.061542510986328125 55.456844329833984375 55.698139190673828125 55.939434051513671875 56.154327392578125 56.35791015625 56.515411376953125 56.565399169921875 56.615383148193359375 56.97573089599609375 57.37056732177734375 57.746356964111328125 58.103107452392578125 58.41329193115234375 58.30438995361328125 58.195484161376953125 58.17601776123046875 58.19487762451171875 58.206241607666015625 58.200115203857421875 58.1939849853515625 58.110454559326171875 58.01831817626953125 57.9633331298828125 57.945491790771484375 57.983852386474609375 58.527996063232421875 59.072139739990234375 59.454387664794921875 59.76725006103515625 60.164276123046875 60.757694244384765625 61.35111236572265625 63.13578033447265625 65.0528106689453125 67.606109619140625 70.79567718505859375 73.81383514404296875 75.28936004638671875 76.7648773193359375 77.2038421630859375 77.19855499267578125 76.86285400390625 75.756195068359375 74.64952850341796875 74.3106536865234375 74.0570831298828125
56.917453765869140625 56.2377166748046875 55.641551971435546875 55.797550201416015625 55.95354461669921875 56.04323577880859375 56.1045074462890625 56.16651153564453125 56.230220794677734375 56.293926239013671875 56.760242462158203125 57.27129364013671875 57.6282806396484375 57.831211090087890625 58.00160980224609375 57.879276275634765625 57.756938934326171875 57.800067901611328125 57.914104461669921875 58.00884246826171875 58.0585479736328125 58.10825347900390625 57.901088714599609375 57.66538238525390625 57.512165069580078125 57.441436767578125 57.431072235107421875 57.9640045166015625 58.49694061279296875 59.065364837646484375 59.648998260498046875 60.261859893798828125 60.94290924072265625 61.62396240234375 62.90877532958984375 64.26067352294921875 66.55918121337890625 69.80429840087890625 72.87835693359375 74.41284942626953125 75.9473419189453125 76.363494873046875 76.30036163330078125 75.82367706298828125 74.38202667236328125 72.94037628173828125 72.43456268310546875 72.03273773193359375
57.063640594482421875 56.3987579345703125 55.80755615234375 55.879505157470703125 55.95145416259765625 55.935882568359375 55.882801055908203125 55.865207672119140625 55.930423736572265625 55.995635986328125 56.5438385009765625 57.145702362060546875 57.478366851806640625 57.54183197021484375 57.586315155029296875 57.45999908447265625 57.333683013916015625 57.434825897216796875 57.633457183837890625 57.803375244140625 57.90631103515625 58.009246826171875 57.694637298583984375 57.333637237548828125 57.090465545654296875 56.965129852294921875 56.90493011474609375 57.4309844970703125 57.957042694091796875 58.70236968994140625 59.541667938232421875 60.356594085693359375 61.114650726318359375 61.87270355224609375 62.695606231689453125 63.5257110595703125 65.58164215087890625 68.86339569091796875 71.97711944580078125 73.578521728515625 75.17992401123046875 75.5826263427734375 75.471588134765625 74.84471893310546875 73.01424407958984375 71.18376922607421875 70.5235137939453125 69.99327850341796875
57.1105804443359375 56.423583984375 55.80519866943359375 55.804355621337890625 55.8035125732421875 55.862163543701171875 55.946319580078125 55.9922637939453125 55.9490509033203125 55.905841827392578125 56.31919097900390625 56.78326416015625 57.041912078857421875 57.095134735107421875 57.13851165771484375 57.093257904052734375 57.048004150390625 57.165985107421875 57.353923797607421875 57.52530670166015625 57.658050537109375 57.79079437255859375 57.51441192626953125 57.192569732666015625 56.93395233154296875 56.738555908203125 56.618518829345703125 57.176692962646484375 57.73486328125 58.57361602783203125 59.53261566162109375 60.42572784423828125 61.16510772705078125 61.90448760986328125 62.6069488525390625 63.305309295654296875 65.2285614013671875 68.37671661376953125 71.384033203125 73.1238250732421875 74.863616943359375 75.3369598388671875 75.267547607421875 74.40779876708984375 71.7039337158203125 69.0000762939453125 68.2977294921875 67.817779541015625
57.15752410888671875 56.4484100341796875 55.802845001220703125 55.729206085205078125 55.655567169189453125 55.788448333740234375 56.00983428955078125 56.11931610107421875 55.967681884765625 55.81604766845703125 56.094539642333984375 56.420825958251953125 56.605457305908203125 56.648441314697265625 56.690704345703125 56.7265167236328125 56.762325286865234375 56.897144317626953125 57.07439422607421875 57.247234344482421875 57.4097900390625 57.5723419189453125 57.334186553955078125 57.05150604248046875 56.777439117431640625 56.51198577880859375 56.3321075439453125 56.922397613525390625 57.51268768310546875 58.44486236572265625 59.523563385009765625 60.49486541748046875 61.21556854248046875 61.93627166748046875 62.5182952880859375 63.08490753173828125 64.87548828125 67.89003753662109375 70.79094696044921875 72.66912841796875 74.54730224609375 75.09130096435546875 75.06349945068359375 73.9708709716796875 70.3936309814453125 66.8163909912109375 66.07195281982421875 65.64227294921875
56.986179351806640625 56.36023712158203125 55.782238006591796875 55.635692596435546875 55.489147186279296875 55.68393707275390625 56.02501678466796875 56.224147796630859375 56.092067718505859375 55.95998382568359375 56.09461212158203125 56.258876800537109375 56.36127471923828125 56.401805877685546875 56.445644378662109375 56.51922607421875 56.59281158447265625 56.706333160400390625 56.83697509765625 56.99147796630859375 57.201671600341796875 57.411865234375 57.27031707763671875 57.089687347412109375 56.863067626953125 56.590450286865234375 56.39153289794921875 56.85588836669921875 57.320247650146484375 58.256038665771484375 59.393878936767578125 60.38488006591796875 61.033275604248046875 61.681667327880859375 62.015682220458984375 62.314762115478515625 63.850887298583984375 66.624053955078125 69.32878875732421875 71.4176177978515625 73.50644683837890625 74.30742645263671875 74.5564727783203125 73.66266632080078125 70.1022186279296875 66.54177093505859375 65.3838348388671875 64.4928436279296875
56.721282958984375 56.22364044189453125 55.753810882568359375 55.534305572509765625 55.3148040771484375 55.56623077392578125 56.0194854736328125 56.319454193115234375 56.26177215576171875 56.204090118408203125 56.1909942626953125 56.182857513427734375 56.199497222900390625 56.240917205810546875 56.2874755859375 56.380279541015625 56.47308349609375 56.5489654541015625 56.6175994873046875 56.7452850341796875 57.0107574462890625 57.276233673095703125 57.256317138671875 57.2046966552734375 57.052471160888671875 56.79964447021484375 56.599170684814453125 56.869861602783203125 57.140552520751953125 58.041473388671875 59.212490081787109375 60.198131561279296875 60.75122833251953125 61.304325103759765625 61.335659027099609375 61.309017181396484375 62.538494110107421875 65.02408599853515625 67.494171142578125 69.82462310791015625 72.1550750732421875 73.29290008544921875 73.91959381103515625 73.40962982177734375 70.24747467041015625 67.08531951904296875 65.35471343994140625 63.7831573486328125
56.465152740478515625 56.107471466064453125 55.760524749755859375 55.51019287109375 55.25986480712890625 55.51076507568359375 55.976474761962890625 56.29584503173828125 56.27375030517578125 56.251651763916015625 56.140960693359375 56.020427703857421875 55.993999481201171875 56.061676025390625 56.13596343994140625 56.269756317138671875 56.403545379638671875 56.46024322509765625 56.483898162841796875 56.586483001708984375 56.87323760986328125 57.159992218017578125 57.22609710693359375 57.2676849365234375 57.157314300537109375 56.894992828369140625 56.670711517333984375 56.788845062255859375 56.906978607177734375 57.7450408935546875 58.8916473388671875 59.83834075927734375 60.318584442138671875 60.798831939697265625 60.6055450439453125 60.337421417236328125 61.245662689208984375 63.330272674560546875 65.44179534912109375 67.7955780029296875 70.1493682861328125 71.571563720703125 72.5944976806640625 72.56426239013671875 70.0766143798828125 67.58896636962890625 65.37483978271484375 63.191112518310546875
56.229480743408203125 56.03897857666015625 55.84923553466796875 55.666378021240234375 55.4835205078125 55.60051727294921875 55.8460235595703125 55.99475860595703125 55.917690277099609375 55.8406219482421875 55.74929046630859375 55.656375885009765625 55.68648529052734375 55.839618682861328125 55.999996185302734375 56.225559234619140625 56.45111846923828125 56.531681060791015625 56.550098419189453125 56.631603240966796875 56.86029815673828125 57.08899688720703125 57.15802001953125 57.209300994873046875 57.06485748291015625 56.72469329833984375 56.424694061279296875 56.486194610595703125 56.547698974609375 57.257602691650390625 58.245395660400390625 59.074779510498046875 59.534549713134765625 59.99432373046875 59.758556365966796875 59.445507049560546875 59.998477935791015625 61.4174652099609375 62.881336212158203125 64.7490997314453125 66.6168670654296875 68.2010040283203125 69.66358184814453125 70.3367919921875 69.16814422607421875 67.99948883056640625 65.5099029541015625 62.873554229736328125
55.99381256103515625 55.97048187255859375 55.93795013427734375 55.82256317138671875 55.707180023193359375 55.690273284912109375 55.715576171875 55.69367218017578125 55.561634063720703125 55.429592132568359375 55.3576202392578125 55.292324066162109375 55.378971099853515625 55.61756134033203125 55.8640289306640625 56.18135833740234375 56.498691558837890625 56.603118896484375 56.616302490234375 56.67671966552734375 56.84735870361328125 57.01799774169921875 57.089939117431640625 57.15091705322265625 56.972400665283203125 56.554393768310546875 56.17867279052734375 56.183544158935546875 56.18841552734375 56.770160675048828125 57.59914398193359375 58.31121826171875 58.750514984130859375 59.18981170654296875 58.91156768798828125 58.553592681884765625 58.751293182373046875 59.50466156005859375 60.320873260498046875 61.7026214599609375 63.08437347412109375 64.83045196533203125 66.732666015625 68.10932159423828125 68.25966644287109375 68.41001129150390625 65.64496612548828125 62.555995941162109375
56.212291717529296875 56.097743988037109375 55.991802215576171875 55.963329315185546875 55.9348602294921875 55.8969573974609375 55.855010986328125 55.74834442138671875 55.49066162109375 55.232975006103515625 55.19100189208984375 55.172992706298828125 55.275966644287109375 55.499919891357421875 55.722614288330078125 55.933933258056640625 56.14525604248046875 56.260601043701171875 56.33481597900390625 56.43781280517578125 56.60796356201171875 56.778118133544921875 56.907444000244140625 57.032230377197265625 56.894561767578125 56.494434356689453125 56.13213348388671875 56.110263824462890625 56.0883941650390625 56.573802947998046875 57.276615142822265625 57.941745758056640625 58.518947601318359375 59.096149444580078125 58.83852386474609375 58.48813629150390625 58.490325927734375 58.845088958740234375 59.25702667236328125 60.183551788330078125 61.110073089599609375 62.402194976806640625 63.85100555419921875 65.165985107421875 66.1687164306640625 67.17144012451171875 65.25383758544921875 63.0117645263671875
56.481235504150390625 56.246753692626953125 56.041778564453125 56.102386474609375 56.162990570068359375 56.116634368896484375 56.02443695068359375 55.8425445556640625 55.45136260986328125 55.060184478759765625 55.04938507080078125 55.0808563232421875 55.19568634033203125 55.39388275146484375 55.580593109130859375 55.663928985595703125 55.747264862060546875 55.872089385986328125 56.014698028564453125 56.1673431396484375 56.34340667724609375 56.51947021484375 56.712230682373046875 56.9068450927734375 56.818347930908203125 56.446735382080078125 56.107757568359375 56.062469482421875 56.017181396484375 56.40978240966796875 56.990055084228515625 57.616058349609375 58.34876251220703125 59.081470489501953125 58.851474761962890625 58.5145111083984375 58.338939666748046875 58.324764251708984375 58.35947418212890625 58.83419036865234375 59.30890655517578125 60.078643798828125 60.97481536865234375 62.1431121826171875 63.94637298583984375 65.7496337890625 64.8042449951171875 63.553455352783203125
56.650142669677734375 56.26995849609375 55.934947967529296875 56.006481170654296875 56.0780181884765625 56.01134490966796875 55.88544464111328125 55.6786651611328125 55.28318023681640625 54.887691497802734375 54.9014739990234375 54.96073150634765625 55.080211639404296875 55.25991058349609375 55.4225006103515625 55.431079864501953125 55.43965911865234375 55.52632904052734375 55.646465301513671875 55.785877227783203125 55.97025299072265625 56.154628753662109375 56.440853118896484375 56.7383880615234375 56.72122955322265625 56.389377593994140625 56.0861053466796875 56.040111541748046875 55.99411773681640625 56.355304718017578125 56.89099884033203125 57.4992218017578125 58.276668548583984375 59.05411529541015625 58.81093597412109375 58.454357147216796875 58.170948028564453125 57.96071624755859375 57.77909088134765625 57.854946136474609375 57.930797576904296875 58.36698150634765625 58.9575958251953125 59.93003082275390625 61.793384552001953125 63.656742095947265625 63.689266204833984375 63.51837158203125
56.719013214111328125 56.1673583984375 55.67130279541015625 55.67562103271484375 55.679943084716796875 55.58109283447265625 55.438030242919921875 55.256710052490234375 54.98610687255859375 54.715503692626953125 54.7472686767578125 54.812625885009765625 54.929538726806640625 55.0980072021484375 55.2483367919921875 55.23538970947265625 55.222446441650390625 55.22332000732421875 55.2301177978515625 55.29340362548828125 55.488498687744140625 55.683589935302734375 56.093303680419921875 56.52686309814453125 56.603214263916015625 56.322353363037109375 56.067180633544921875 56.04319000244140625 56.01920318603515625 56.41036224365234375 56.9794464111328125 57.5912322998046875 58.302661895751953125 59.01409149169921875 58.716915130615234375 58.30767059326171875 57.986347198486328125 57.7529449462890625 57.51587677001953125 57.24581146240234375 56.97574615478515625 57.267215728759765625 57.799346923828125 58.52674102783203125 59.709747314453125 60.89275360107421875 61.908901214599609375 62.906505584716796875
56.77849578857421875 56.083583831787109375 55.4523162841796875 55.393863677978515625 55.33541107177734375 55.22318267822265625 55.087902069091796875 54.94036865234375 54.7642364501953125 54.588100433349609375 54.640960693359375 54.71926116943359375 54.836822509765625 54.993640899658203125 55.129383087158203125 55.0754241943359375 55.0214691162109375 54.93959808349609375 54.84576416015625 54.840770721435546875 55.0430755615234375 55.2453765869140625 55.759307861328125 56.307865142822265625 56.47077178955078125 56.248027801513671875 56.0470428466796875 56.0418548583984375 56.0366668701171875 56.440929412841796875 57.02066802978515625 57.62042999267578125 58.26691436767578125 58.91339874267578125 58.591587066650390625 58.162189483642578125 57.818950653076171875 57.5618743896484375 57.27234649658203125 56.690738677978515625 56.109130859375 56.2581787109375 56.720363616943359375 57.2158966064453125 57.78924560546875 58.362598419189453125 60.1999969482421875 62.17784881591796875
56.753467559814453125 56.169200897216796875 55.635234832763671875 55.55401611328125 55.472797393798828125 55.516326904296875 55.613323211669921875 55.57459259033203125 55.219173431396484375 54.8637542724609375 54.96575927734375 55.118587493896484375 55.265705108642578125 55.407108306884765625 55.50733184814453125 55.23697662353515625 54.966617584228515625 54.829437255859375 54.74932861328125 54.74665069580078125 54.92462921142578125 55.102611541748046875 55.54727935791015625 56.021579742431640625 56.208469390869140625 56.107952117919921875 56.015964508056640625 56.000751495361328125 55.985538482666015625 56.2510528564453125 56.63687896728515625 57.084316253662109375 57.67549896240234375 58.26668548583984375 58.184497833251953125 58.027496337890625 57.806362152099609375 57.521099090576171875 57.20598602294921875 56.622219085693359375 56.0384521484375 56.065673828125 56.354747772216796875 56.7370758056640625 57.336994171142578125 57.936908721923828125 59.1342926025390625 60.39806365966796875
56.7284393310546875 56.254817962646484375 55.818157196044921875 55.71417236328125 55.6101837158203125 55.809474945068359375 56.138744354248046875 56.208820343017578125 55.67411041259765625 55.139404296875 55.290557861328125 55.517917633056640625 55.69458770751953125 55.8205718994140625 55.885284423828125 55.398525238037109375 54.91176605224609375 54.71927642822265625 54.652896881103515625 54.652530670166015625 54.806186676025390625 54.959842681884765625 55.335247039794921875 55.735294342041015625 55.9461669921875 55.967876434326171875 55.98488616943359375 55.95964813232421875 55.934406280517578125 56.061176300048828125 56.253093719482421875 56.548198699951171875 57.084087371826171875 57.61997222900390625 57.77741241455078125 57.892803192138671875 57.793773651123046875 57.48032379150390625 57.139629364013671875 56.55370330810546875 55.9677734375 55.873172760009765625 55.9891357421875 56.2582550048828125 56.884738922119140625 57.51122283935546875 58.068592071533203125 58.61827850341796875
56.511486053466796875 56.1089019775390625 55.7379302978515625 55.65146636962890625 55.564998626708984375 55.870914459228515625 56.34499359130859375 56.520565032958984375 55.999614715576171875 55.478668212890625 55.53629302978515625 55.658203125 55.810985565185546875 55.99462890625 56.104564666748046875 55.551105499267578125 54.997650146484375 54.7904815673828125 54.73172760009765625 54.71157073974609375 54.781475067138671875 54.85137939453125 55.278446197509765625 55.745197296142578125 56.02741241455078125 56.125091552734375 56.2102813720703125 56.183074951171875 56.155864715576171875 56.199008941650390625 56.27230072021484375 56.469791412353515625 56.957073211669921875 57.4443511962890625 57.591030120849609375 57.699859619140625 57.581844329833984375 57.23697662353515625 56.8849639892578125 56.468662261962890625 56.052364349365234375 55.955326080322265625 55.9951171875 56.184658050537109375 56.72362518310546875 57.262592315673828125 57.644962310791015625 58.0099334716796875
