data/seasonprecip.asc
ncols        384
nrows        480
xllcorner    138.000000000000
yllcorner    -29.000000000000
cellsize     0.041666666667
NODATA_value -9999
[rows 330 to 351 of 480, columns 200 to 249 of 384]
66.79189300537109375 63.4381866455078125 66.39173126220703125 62.779388427734375 64.6598968505859375 65.99115753173828125 64.69586944580078125 62.384403228759765625 64.1429901123046875 63.289325714111328125 61.98387908935546875 63.7291412353515625 62.9427642822265625 62.291660308837890625 63.7783355712890625 62.70965576171875 62.827083587646484375 64.029052734375 64.790130615234375 66.34311676025390625 63.948421478271484375 62.30542755126953125 65.96811676025390625 61.52867889404296875 60.766086578369140625 56.24221038818359375 60.60381317138671875 61.66316986083984375 61.419048309326171875 60.410259246826171875 61.594635009765625 59.744106292724609375 61.267711639404296875 61.775173187255859375 62.4302978515625 64.06435394287109375 63.0457611083984375 61.325023651123046875 63.717876434326171875 62.5808868408203125 62.62094879150390625 62.0764312744140625 61.701641082763671875 62.02278900146484375 60.79329681396484375 58.602268218994140625 58.565471649169921875 62.236919403076171875 71.77346038818359375 65.02754974365234375
66.23168182373046875 65.57830810546875 65.32878875732421875 65.1304931640625 65.730560302734375 64.91757965087890625 64.0995635986328125 63.07813262939453125 62.242649078369140625 61.22806549072265625 61.6748199462890625 60.780590057373046875 61.319240570068359375 59.832820892333984375 63.85704803466796875 62.32527923583984375 61.6662139892578125 64.10491180419921875 57.187046051025390625 60.659107208251953125 58.97582244873046875 64.3261260986328125 62.446514129638671875 61.683506011962890625 57.4893035888671875 55.7042236328125 63.302440643310546875 61.765293121337890625 56.627048492431640625 61.8428192138671875 60.33751678466796875 62.01854705810546875 60.674297332763671875 61.63974761962890625 60.71014404296875 61.469173431396484375 61.98012542724609375 61.08477020263671875 63.66873931884765625 64.8916473388671875 62.549121856689453125 60.5650482177734375 59.6943206787109375 59.143329620361328125 60.255603790283203125 60.42185211181640625 59.94615936279296875 62.40787506103515625 70.28360748291015625 65.96135711669921875
64.50635528564453125 62.4413604736328125 64.36132049560546875 63.5460205078125 64.38470458984375 62.6226806640625 62.62305450439453125 63.879116058349609375 60.890655517578125 62.81656646728515625 60.339801788330078125 61.14250946044921875 62.233898162841796875 59.192447662353515625 61.521240234375 60.606685638427734375 62.25856781005859375 62.72426605224609375 61.9652557373046875 63.332080841064453125 61.508144378662109375 63.9010467529296875 61.920619964599609375 58.10149383544921875 62.16064453125 59.9163665771484375 59.93616485595703125 56.483608245849609375 56.116260528564453125 59.773502349853515625 62.106952667236328125 62.403270721435546875 62.713226318359375 62.80464935302734375 63.328090667724609375 61.66754150390625 62.786167144775390625 61.721771240234375 62.349338531494140625 62.686336517333984375 64.5683135986328125 62.8822174072265625 61.529521942138671875 61.801654815673828125 60.24019622802734375 60.25440216064453125 58.684661865234375 62.692646026611328125 62.14977264404296875 59.94315338134765625
62.179676055908203125 62.330596923828125 62.164562225341796875 62.510082244873046875 62.934848785400390625 61.90522003173828125 63.23406982421875 63.182155609130859375 62.1882476806640625 62.443317413330078125 61.166210174560546875 65.30199432373046875 62.691738128662109375 58.696964263916015625 59.74385833740234375 63.159252166748046875 62.218395233154296875 61.253505706787109375 65.4716033935546875 64.08489227294921875 62.54273223876953125 62.631717681884765625 61.267711639404296875 60.91663360595703125 62.1506195068359375 64.0409393310546875 63.6249847412109375 61.89069366455078125 60.763957977294921875 60.660785675048828125 60.567501068115234375 57.821659088134765625 63.44237518310546875 61.7329864501953125 62.204837799072265625 61.178497314453125 62.093112945556640625 60.280086517333984375 63.56591033935546875 65.15616607666015625 61.365631103515625 58.820262908935546875 59.7745361328125 60.27133941650390625 59.548191070556640625 59.0637359619140625 58.0313568115234375 58.018573760986328125 61.129543304443359375 58.231204986572265625
60.693134307861328125 61.19773101806640625 60.755817413330078125 61.36588287353515625 62.12421417236328125 63.74393463134765625 62.477237701416015625 61.58358001708984375 62.43733978271484375 61.095458984375 62.178745269775390625 64.6136474609375 63.094509124755859375 59.786243438720703125 58.480808258056640625 62.12682342529296875 61.651210784912109375 62.98778533935546875 62.804840087890625 62.38266754150390625 58.528514862060546875 64.36507415771484375 62.001102447509765625 61.370693206787109375 59.98311614990234375 62.86823272705078125 63.936298370361328125 61.699512481689453125 59.811985015869140625 63.66284942626953125 65.35369873046875 62.6893768310546875 65.07880401611328125 62.814083099365234375 63.5189208984375 63.7839813232421875 62.3592529296875 62.17940521240234375 63.03513336181640625 63.80539703369140625 58.473728179931640625 58.8333282470703125 58.992137908935546875 60.20139312744140625 59.02204132080078125 58.860836029052734375 58.57108306884765625 58.21504974365234375 57.231105804443359375 57.60985565185546875
60.28507232666015625 62.224590301513671875 63.515411376953125 61.21443939208984375 62.0920257568359375 61.4126129150390625 60.947727203369140625 60.1848907470703125 60.020008087158203125 60.2578277587890625 60.0554351806640625 60.065464019775390625 59.300823211669921875 61.9697723388671875 61.38287353515625 59.591670989990234375 62.03607940673828125 63.3549652099609375 61.395885467529296875 60.310375213623046875 56.545124053955078125 59.923679351806640625 61.48961639404296875 61.3326873779296875 60.82448577880859375 62.455303192138671875 59.529811859130859375 61.850742340087890625 63.83145904541015625 63.1493988037109375 62.98081207275390625 63.669872283935546875 64.8008575439453125 62.44339752197265625 60.409130096435546875 63.0485382080078125 63.680206298828125 60.130161285400390625 56.324642181396484375 56.358776092529296875 60.43193817138671875 60.156871795654296875 59.86035919189453125 60.622722625732421875 59.82852935791015625 61.06103515625 60.07735443115234375 58.392894744873046875 59.094944000244140625 57.826137542724609375
60.84516143798828125 60.41640472412109375 60.755870819091796875 63.580562591552734375 60.7352752685546875 60.965724945068359375 62.2214508056640625 60.108821868896484375 59.34508514404296875 60.761440277099609375 60.6717376708984375 60.1998138427734375 59.68982696533203125 59.890689849853515625 61.627521514892578125 63.479892730712890625 60.381809234619140625 59.764766693115234375 60.3081207275390625 58.6715087890625 59.320537567138671875 60.96852874755859375 59.947948455810546875 62.27960205078125 62.09163665771484375 61.124988555908203125 62.39267730712890625 58.50183868408203125 59.731357574462890625 61.3028106689453125 63.52928924560546875 61.403163909912109375 63.567691802978515625 60.630931854248046875 60.844882965087890625 60.474170684814453125 60.82695770263671875 60.576816558837890625 59.48436737060546875 57.891880035400390625 57.48694610595703125 59.79065704345703125 60.44719696044921875 58.61455535888671875 59.955692291259765625 59.44890594482421875 59.22139739990234375 59.046878814697265625 58.03125762939453125 56.448177337646484375
59.79734039306640625 60.423046112060546875 61.456943511962890625 61.74697113037109375 61.998249053955078125 61.789928436279296875 59.5232086181640625 57.98117828369140625 58.3916015625 59.08097076416015625 60.4347381591796875 58.607364654541015625 57.928264617919921875 58.94951629638671875 59.148326873779296875 59.76683807373046875 59.46213531494140625 58.6784515380859375 61.613552093505859375 60.958385467529296875 59.24436187744140625 61.633106231689453125 59.285308837890625 62.930572509765625 60.39437103271484375 58.5079803466796875 57.644351959228515625 56.746234893798828125 58.574497222900390625 58.217891693115234375 60.3880767822265625 58.64804840087890625 60.1460418701171875 59.6636962890625 57.763065338134765625 60.695842742919921875 57.708599090576171875 59.90894317626953125 58.542736053466796875 60.757778167724609375 59.264949798583984375 59.288715362548828125 58.29644775390625 59.320407867431640625 58.879360198974609375 56.75870513916015625 57.87215423583984375 58.8193359375 57.5720062255859375 58.09505462646484375
61.4341278076171875 57.8292083740234375 59.081172943115234375 59.14611053466796875 59.9884033203125 62.07452392578125 58.60408782958984375 58.090423583984375 59.59458160400390625 60.618366241455078125 59.63848876953125 58.786159515380859375 57.93985748291015625 59.937313079833984375 58.494380950927734375 60.556522369384765625 58.208614349365234375 58.16983795166015625 61.4192352294921875 61.187046051025390625 59.863811492919921875 60.038341522216796875 56.83541107177734375 60.802700042724609375 60.599517822265625 57.226490020751953125 57.342105865478515625 59.248325347900390625 55.8081207275390625 59.347904205322265625 57.492336273193359375 58.35274505615234375 58.49887847900390625 61.654033660888671875 62.1004486083984375 61.9636383056640625 63.155364990234375 59.475383758544921875 58.01267242431640625 57.815258026123046875 59.389430999755859375 58.569522857666015625 59.153575897216796875 58.384395599365234375 57.81822967529296875 56.894622802734375 58.026309967041015625 55.73686981201171875 55.573482513427734375 55.558704376220703125
58.439075469970703125 59.246639251708984375 60.610393524169921875 60.84128570556640625 59.9234771728515625 61.481800079345703125 59.318134307861328125 57.763935089111328125 58.000064849853515625 58.3814239501953125 58.33506011962890625 60.209781646728515625 60.750858306884765625 58.20026397705078125 59.047367095947265625 60.93331146240234375 58.833103179931640625 58.5734100341796875 59.83180999755859375 60.95490264892578125 61.214141845703125 60.44431304931640625 59.177490234375 58.483783721923828125 59.456569671630859375 57.954463958740234375 55.8828125 57.68534088134765625 58.379001617431640625 56.579067230224609375 58.474361419677734375 61.0316162109375 56.155223846435546875 61.79592132568359375 59.460361480712890625 58.882659912109375 59.7658843994140625 60.512271881103515625 59.6925811767578125 60.3447113037109375 57.92722320556640625 56.087772369384765625 57.21993255615234375 58.744281768798828125 56.903118133544921875 57.251495361328125 58.587200164794921875 57.223224639892578125 57.379276275634765625 57.023151397705078125
60.11470794677734375 60.697856903076171875 60.256381988525390625 60.5148773193359375 61.65997314453125 60.589996337890625 58.80559539794921875 59.39592742919921875 57.166034698486328125 57.95262908935546875 58.139003753662109375 57.776927947998046875 56.305957794189453125 57.242275238037109375 59.46490478515625 59.623325347900390625 59.41287994384765625 62.1561126708984375 60.015407562255859375 57.58887481689453125 59.883815765380859375 59.845733642578125 58.485866546630859375 59.333820343017578125 59.138835906982421875 57.3898773193359375 55.59261322021484375 57.688934326171875 58.249164581298828125 52.017414093017578125 59.913982391357421875 60.0694580078125 55.1396942138671875 57.993236541748046875 58.858089447021484375 61.02091217041015625 60.79572296142578125 59.081729888916015625 60.779735565185546875 63.50250244140625 57.198551177978515625 56.385471343994140625 58.00179290771484375 56.0982818603515625 56.2668609619140625 56.571804046630859375 56.42797088623046875 55.600414276123046875 56.7538909912109375 56.094272613525390625
59.065265655517578125 61.351650238037109375 58.12021636962890625 60.73297119140625 59.792942047119140625 59.64642333984375 58.764251708984375 57.9777984619140625 58.50197601318359375 59.94598388671875 58.20296478271484375 57.378711700439453125 56.26105499267578125 56.226940155029296875 56.938503265380859375 57.543910980224609375 57.88233184814453125 60.5211181640625 62.58589935302734375 60.57456207275390625 58.23062896728515625 58.271678924560546875 59.201141357421875 57.631725311279296875 58.254566192626953125 59.78232574462890625 57.694942474365234375 59.765071868896484375 61.33295440673828125 59.603229522705078125 59.089000701904296875 59.245708465576171875 56.66313934326171875 58.655025482177734375 58.744281768798828125 57.37039947509765625 58.282779693603515625 58.415821075439453125 59.14807891845703125 58.18462371826171875 57.5550384521484375 56.622745513916015625 55.81456756591796875 55.0084991455078125 54.933155059814453125 56.321666717529296875 56.6879425048828125 55.944244384765625 56.674785614013671875 58.565471649169921875
59.402378082275390625 60.6703338623046875 61.158416748046875 59.9030609130859375 59.27039337158203125 59.02468109130859375 59.37461090087890625 59.053619384765625 57.289608001708984375 56.636196136474609375 57.03394317626953125 56.241382598876953125 55.1852874755859375 58.47232818603515625 57.679164886474609375 55.966796875 56.6351165771484375 58.99822998046875 60.483768463134765625 61.597248077392578125 60.21785736083984375 58.21140289306640625 60.195331573486328125 58.813617706298828125 58.5227508544921875 59.7643585205078125 58.7341461181640625 59.393611907958984375 60.23026275634765625 56.5783538818359375 58.437774658203125 61.348247528076171875 58.840869903564453125 57.151805877685546875 57.742572784423828125 55.98018646240234375 55.8278350830078125 53.289485931396484375 57.29901123046875 58.15493011474609375 56.573490142822265625 55.90250396728515625 55.501041412353515625 56.102062225341796875 55.284351348876953125 56.29228973388671875 64.87732696533203125 55.368671417236328125 55.456573486328125 56.1912078857421875
61.085933685302734375 57.417179107666015625 59.438533782958984375 58.79754638671875 60.29840850830078125 57.9568634033203125 59.790050506591796875 60.249755859375 60.611934661865234375 56.797092437744140625 55.8274383544921875 56.557769775390625 56.73907470703125 56.844188690185546875 56.84371185302734375 57.9133453369140625 58.054248809814453125 58.221912384033203125 57.76918792724609375 58.720592498779296875 58.733642578125 58.097476959228515625 58.657588958740234375 58.56186676025390625 58.5522613525390625 59.172088623046875 56.9072113037109375 58.75830841064453125 58.691196441650390625 59.539325714111328125 57.826751708984375 59.28580474853515625 57.96553802490234375 55.720081329345703125 56.201221466064453125 57.33036041259765625 56.275966644287109375 55.3669586181640625 55.707439422607421875 57.22872161865234375 57.676975250244140625 55.73722076416015625 55.33599853515625 55.628459930419921875 54.530010223388671875 56.076267242431640625 56.34880828857421875 55.5399627685546875 54.868442535400390625 55.921558380126953125
59.137603759765625 57.091014862060546875 57.962558746337890625 60.91799163818359375 58.340145111083984375 58.31824493408203125 58.55886077880859375 59.782695770263671875 59.537960052490234375 60.0052032470703125 58.363094329833984375 57.299304962158203125 56.445896148681640625 58.31970977783203125 57.020313262939453125 59.389530181884765625 58.147945404052734375 58.39044189453125 57.7923431396484375 57.426288604736328125 60.585803985595703125 57.5550079345703125 56.917369842529296875 58.635379791259765625 58.49144744873046875 56.289031982421875 54.8562164306640625 58.7217559814453125 57.333316802978515625 59.42641448974609375 58.86101531982421875 60.243167877197265625 54.4360809326171875 57.008148193359375 57.2524261474609375 54.372737884521484375 57.352519989013671875 56.616893768310546875 57.318943023681640625 55.923290252685546875 55.1895904541015625 53.723354339599609375 53.753231048583984375 54.3798980712890625 54.526630401611328125 55.77252197265625 54.927165985107421875 55.553653717041015625 54.69800567626953125 55.567676544189453125
59.522983551025390625 58.643096923828125 58.168460845947265625 58.659648895263671875 58.97286224365234375 59.50897979736328125 59.11357879638671875 59.031841278076171875 58.670497894287109375 57.63037109375 58.12740325927734375 57.904972076416015625 57.074619293212890625 59.166133880615234375 57.84741973876953125 57.07845306396484375 57.290393829345703125 57.319561004638671875 57.758609771728515625 59.245357513427734375 59.80400848388671875 56.04791259765625 56.3970489501953125 57.49938201904296875 57.798755645751953125 57.200817108154296875 57.53585052490234375 58.616214752197265625 58.890628814697265625 57.94542694091796875 58.409717559814453125 57.507808685302734375 58.108318328857421875 58.094451904296875 54.393672943115234375 55.677707672119140625 53.96961212158203125 55.789127349853515625 54.80649566650390625 51.204303741455078125 54.369869232177734375 54.35594940185546875 54.08139801025390625 54.36328887939453125 54.978061676025390625 55.362880706787109375 55.984783172607421875 55.6894683837890625 55.0102081298828125 54.585292816162109375
59.37950897216796875 59.24872589111328125 58.310894012451171875 59.166423797607421875 59.053951263427734375 57.443225860595703125 58.06813812255859375 58.161205291748046875 57.7093353271484375 58.743709564208984375 58.401981353759765625 56.9389190673828125 55.9513092041015625 56.72827911376953125 57.531017303466796875 56.1444091796875 57.59714508056640625 55.58452606201171875 58.255584716796875 58.13095855712890625 59.6781005859375 57.555912017822265625 57.899898529052734375 61.135860443115234375 59.8043670654296875 59.237552642822265625 58.088031768798828125 56.941234588623046875 56.680389404296875 55.739543914794921875 56.108089447021484375 56.164852142333984375 55.32172393798828125 54.346050262451171875 56.776500701904296875 56.53458404541015625 56.261199951171875 55.40068817138671875 55.464019775390625 53.30820465087890625 56.645198822021484375 55.330661773681640625 55.401805877685546875 53.945468902587890625 56.060604095458984375 56.13921356201171875 56.348400115966796875 56.59786224365234375 56.5096893310546875 53.808376312255859375
58.58293914794921875 58.9768218994140625 59.285907745361328125 57.89315032958984375 58.68556976318359375 57.491436004638671875 57.43775177001953125 57.050136566162109375 57.111545562744140625 57.6895751953125 58.31970977783203125 57.823802947998046875 56.243526458740234375 57.350856781005859375 58.9427032470703125 56.61519622802734375 56.68975067138671875 56.83417510986328125 57.3021240234375 57.740924835205078125 58.6350250244140625 58.211513519287109375 55.688053131103515625 55.444812774658203125 59.371734619140625 60.339824676513671875 59.848651885986328125 55.7196502685546875 57.902034759521484375 56.183513641357421875 56.48143768310546875 56.8109130859375 57.21047210693359375 57.079647064208984375 56.459056854248046875 57.105255126953125 56.413982391357421875 55.364658355712890625 54.2884979248046875 54.6867828369140625 55.66913604736328125 56.143840789794921875 57.2483978271484375 54.809978485107421875 55.58895111083984375 55.643100738525390625 54.808826446533203125 56.39122772216796875 55.26409149169921875 53.55332183837890625
57.089344024658203125 58.135105133056640625 58.552371978759765625 57.381832122802734375 56.740489959716796875 55.9696197509765625 57.27135467529296875 58.342128753662109375 57.75350189208984375 57.04268646240234375 56.30332183837890625 57.374866485595703125 57.85906219482421875 56.924304962158203125 57.564891815185546875 56.990917205810546875 56.693889617919921875 56.315753936767578125 57.474605560302734375 56.554096221923828125 56.765590667724609375 57.616855621337890625 54.0650482177734375 57.04701995849609375 59.902950286865234375 61.456485748291015625 60.49100494384765625 57.17957305908203125 56.18358612060546875 55.978511810302734375 55.81175994873046875 56.839473724365234375 58.03564453125 57.558948516845703125 56.9868316650390625 56.42464447021484375 55.83486175537109375 55.116107940673828125 55.490276336669921875 55.568370819091796875 55.932819366455078125 55.5580596923828125 55.74645233154296875 58.241664886474609375 54.001598358154296875 54.872425079345703125 55.03680419921875 54.719387054443359375 55.76107025146484375 55.670928955078125
57.154636383056640625 58.55048370361328125 58.3750152587890625 58.288219451904296875 57.483829498291015625 56.24822235107421875 58.11591339111328125 55.12790679931640625 55.901031494140625 56.058040618896484375 54.544216156005859375 55.026607513427734375 55.932971954345703125 56.26921844482421875 56.43296051025390625 56.30332183837890625 56.874340057373046875 56.863681793212890625 56.18349456787109375 55.940196990966796875 58.18349456787109375 57.244731903076171875 55.264312744140625 53.826503753662109375 58.089420318603515625 59.3560943603515625 59.623294830322265625 58.08444976806640625 56.298053741455078125 53.140018463134765625 56.587162017822265625 54.795940399169921875 56.066009521484375 55.70349884033203125 57.204669952392578125 57.141994476318359375 56.928020477294921875 55.621356964111328125 55.956935882568359375 51.86977386474609375 52.658061981201171875 55.484035491943359375 56.341243743896484375 54.553314208984375 55.26601409912109375 55.18152618408203125 55.863384246826171875 54.72583770751953125 55.829158782958984375 54.7668304443359375
55.376575469970703125 57.04290771484375 57.39337158203125 57.816547393798828125 56.320217132568359375 57.156902313232421875 56.945888519287109375 57.176639556884765625 55.88904571533203125 56.3670654296875 56.46367645263671875 54.983867645263671875 56.8148040771484375 57.546875 56.688846588134765625 57.722476959228515625 57.206317901611328125 55.911334991455078125 55.787998199462890625 55.82917022705078125 56.88265228271484375 56.851070404052734375 54.8851776123046875 56.797515869140625 59.7165069580078125 57.77162933349609375 58.2953338623046875 58.07334136962890625 56.77838134765625 56.179759979248046875 57.399723052978515625 55.575420379638671875 55.234619140625 55.576946258544921875 57.234905242919921875 57.915981292724609375 58.428798675537109375 56.05094146728515625 55.152881622314453125 54.58521270751953125 58.088939666748046875 53.61406707763671875 56.196712493896484375 53.771327972412109375 55.054386138916015625 56.01294708251953125 55.045253753662109375 54.535625457763671875 54.491962432861328125 53.83054351806640625
56.0659332275390625 56.6652679443359375 56.111083984375 57.769741058349609375 57.909698486328125 57.628269195556640625 56.852329254150390625 56.393177032470703125 55.944019317626953125 55.0694580078125 55.177776336669921875 55.954803466796875 55.276790618896484375 56.439846038818359375 56.8054351806640625 57.424526214599609375 56.75698089599609375 56.397594451904296875 56.656627655029296875 56.69091796875 56.339328765869140625 57.402362823486328125 56.8703460693359375 59.392757415771484375 55.8588104248046875 56.532367706298828125 57.129619598388671875 57.328609466552734375 56.5936737060546875 57.723125457763671875 57.94069671630859375 56.255535125732421875 51.424373626708984375 55.956935882568359375 57.064605712890625 56.969928741455078125 58.43672943115234375 56.5886993408203125 56.5189208984375 54.28398895263671875 54.404460906982421875 55.2154693603515625 57.297069549560546875 55.008884429931640625 55.289768218994140625 55.553432464599609375 56.454921722412109375 56.01927947998046875 55.058246612548828125 54.93994140625
