data/seasontemp.asc
ncols        384
nrows        480
xllcorner    138.000000000000
yllcorner    -29.000000000000
cellsize     0.041666666667
NODATA_value -9999
[rows 414 to 436 of 480, columns 312 to 363 of 384]
476.514129638671875 482.993621826171875 484.89373779296875 485.17584228515625 483.111541748046875 480.163330078125 479.0499267578125 478.1776123046875 474.93792724609375 470.57818603515625 466.19146728515625 461.79034423828125 460.42779541015625 463.8319091796875 464.11480712890625 459.557647705078125 455.987060546875 452.73974609375 450.229278564453125 449.782806396484375 448.5360107421875 444.475830078125 442.874847412109375 444.910675048828125 446.583892822265625 443.0843505859375 441.694366455078125 439.81884765625 434.593841552734375 422.603485107421875 413.158843994140625 404.102630615234375 400.981781005859375 402.118377685546875 398.431640625 392.354827880859375 387.83953857421875 391.13165283203125 394.12261962890625 394.678741455078125 399.90283203125 396.13671875 392.79266357421875 379.566009521484375 374.438232421875 372.230316162109375 368.321929931640625 361.8077392578125 352.001007080078125 346.2874755859375 -9999 -9999
480.694427490234375 483.35162353515625 488.10888671875 490.076385498046875 487.35345458984375 482.7054443359375 478.290252685546875 472.89385986328125 469.848876953125 466.93621826171875 463.079498291015625 462.022369384765625 458.6514892578125 458.847869873046875 459.346710205078125 457.77447509765625 456.585845947265625 456.10003662109375 451.35516357421875 448.0587158203125 446.420196533203125 439.157470703125 434.093994140625 435.797576904296875 443.078704833984375 445.06549072265625 444.674530029296875 443.510986328125 441.579986572265625 432.63458251953125 426.823211669921875 416.76312255859375 402.710784912109375 397.282501220703125 396.2308349609375 394.624603271484375 390.44293212890625 393.9598388671875 389.98687744140625 389.718292236328125 399.073211669921875 398.64642333984375 394.556732177734375 385.904876708984375 380.715545654296875 376.5374755859375 371.37646484375 367.111480712890625 358.466644287109375 349.199005126953125 -9999 -9999
481.698394775390625 483.802734375 488.845428466796875 492.609588623046875 489.257415771484375 483.13983154296875 476.0284423828125 468.700531005859375 468.015716552734375 465.88409423828125 461.721282958984375 459.67242431640625 456.3114013671875 454.93511962890625 457.556884765625 460.165496826171875 457.060546875 454.688629150390625 449.807159423828125 444.55743408203125 442.349273681640625 436.670166015625 432.0155029296875 434.37921142578125 441.83929443359375 444.32843017578125 442.4071044921875 442.579986572265625 439.536834716796875 436.2376708984375 437.754241943359375 432.268341064453125 413.48309326171875 397.72943115234375 396.079132080078125 396.7197265625 398.620574951171875 396.071868896484375 391.56884765625 394.8377685546875 399.693603515625 401.08160400390625 395.112030029296875 387.75909423828125 383.733001708984375 380.10638427734375 373.805206298828125 368.15325927734375 362.235321044921875 353.531036376953125 -9999 -9999
477.72625732421875 481.98760986328125 490.242889404296875 492.3743896484375 487.938720703125 482.146331787109375 478.564361572265625 476.21466064453125 474.320709228515625 468.31378173828125 464.111846923828125 460.8424072265625 456.389984130859375 453.7779541015625 459.254486083984375 463.4188232421875 462.176483154296875 458.044647216796875 451.890960693359375 444.982421875 439.395538330078125 437.49639892578125 437.105316162109375 441.669036865234375 445.814788818359375 447.05657958984375 443.13323974609375 444.623077392578125 440.409423828125 433.624664306640625 434.110687255859375 432.1224365234375 415.865386962890625 398.1317138671875 394.440399169921875 394.45965576171875 395.33392333984375 393.93853759765625 392.405059814453125 397.52191162109375 399.94873046875 400.160369873046875 393.9239501953125 386.687286376953125 381.218017578125 379.39398193359375 373.281402587890625 367.820465087890625 367.58599853515625 357.520294189453125 344.680908203125 -9999
488.14276123046875 491.916229248046875 492.4615478515625 490.105804443359375 483.529144287109375 477.057159423828125 475.87969970703125 478.23394775390625 478.321044921875 476.524566650390625 473.61273193359375 467.68902587890625 460.806915283203125 456.777435302734375 456.50860595703125 463.5191650390625 465.59100341796875 461.48443603515625 457.592529296875 451.071990966796875 443.121246337890625 443.5750732421875 447.32440185546875 450.528228759765625 451.08392333984375 449.317718505859375 444.14263916015625 444.316497802734375 440.958282470703125 433.597808837890625 423.914093017578125 419.10955810546875 409.972808837890625 400.69268798828125 399.29681396484375 401.019378662109375 399.538818359375 391.40740966796875 388.304443359375 391.5091552734375 399.73541259765625 400.765380859375 396.02935791015625 388.7882080078125 383.1776123046875 380.142303466796875 374.55694580078125 369.555511474609375 368.09344482421875 358.402313232421875 343.106903076171875 -9999
494.894622802734375 494.359771728515625 489.631195068359375 485.033660888671875 476.876800537109375 469.50640869140625 468.69403076171875 473.02294921875 473.586395263671875 474.30950927734375 474.889923095703125 471.825408935546875 465.229217529296875 457.686004638671875 458.323486328125 462.553375244140625 464.138916015625 461.978790283203125 459.288970947265625 452.540802001953125 443.432220458984375 443.953521728515625 449.56427001953125 451.83697509765625 452.761474609375 451.63214111328125 446.064300537109375 439.60528564453125 424.4305419921875 417.126739501953125 416.656341552734375 413.385101318359375 408.4686279296875 403.3717041015625 399.613067626953125 400.750762939453125 400.49139404296875 394.339569091796875 393.24566650390625 392.646820068359375 394.716400146484375 396.1605224609375 395.983795166015625 391.99700927734375 384.83135986328125 377.85101318359375 373.3929443359375 370.56781005859375 369.705078125 361.578765869140625 342.535675048828125 -9999
494.945037841796875 493.267242431640625 489.2889404296875 484.45068359375 475.28045654296875 466.88104248046875 466.81134033203125 469.18572998046875 469.577850341796875 471.481048583984375 472.32666015625 469.26806640625 469.020538330078125 465.07427978515625 460.445098876953125 461.8148193359375 461.515380859375 459.82098388671875 459.497283935546875 456.631378173828125 449.306854248046875 444.5953369140625 448.213165283203125 452.28448486328125 451.9818115234375 451.260345458984375 447.07855224609375 441.520263671875 423.867828369140625 415.021728515625 419.5325927734375 421.48748779296875 417.157623291015625 412.372283935546875 406.84405517578125 402.021026611328125 401.2076416015625 394.07086181640625 390.186279296875 387.248748779296875 389.16021728515625 390.592681884765625 391.76129150390625 389.821197509765625 380.92852783203125 370.805755615234375 370.59613037109375 373.201873779296875 372.033935546875 361.77056884765625 340.7099609375 -9999
491.987640380859375 490.1298828125 486.273223876953125 479.54034423828125 474.2454833984375 469.180328369140625 465.133758544921875 465.498291015625 466.622833251953125 470.61016845703125 471.15093994140625 466.5748291015625 467.33172607421875 467.539459228515625 462.142852783203125 462.36614990234375 460.04254150390625 458.335784912109375 459.916839599609375 460.355224609375 453.037078857421875 444.80474853515625 445.50152587890625 453.494598388671875 452.628021240234375 449.6461181640625 446.721343994140625 442.518798828125 431.569854736328125 425.5706787109375 427.6390380859375 427.0960693359375 421.283782958984375 417.1959228515625 411.602783203125 403.245330810546875 401.402191162109375 395.86395263671875 388.110321044921875 384.081298828125 385.2242431640625 391.215179443359375 390.943634033203125 381.31402587890625 373.755767822265625 369.699066162109375 372.839813232421875 376.329833984375 374.885101318359375 363.89959716796875 344.44061279296875 -9999
485.60406494140625 486.45416259765625 487.67974853515625 483.631134033203125 480.51531982421875 477.432647705078125 470.179443359375 462.890472412109375 460.65570068359375 464.578155517578125 468.561798095703125 466.38079833984375 463.7900390625 465.705657958984375 464.5074462890625 463.899078369140625 459.93511962890625 459.172027587890625 459.895477294921875 456.54815673828125 450.156036376953125 445.30078125 445.02520751953125 453.467071533203125 454.68310546875 450.826690673828125 445.397125244140625 440.582733154296875 438.49847412109375 435.753509521484375 431.15020751953125 422.7908935546875 418.3662109375 419.141845703125 416.663604736328125 407.899688720703125 408.57196044921875 401.69244384765625 390.807891845703125 390.07000732421875 390.4925537109375 394.089874267578125 390.604461669921875 379.798675537109375 372.732025146484375 372.06005859375 373.062286376953125 374.31915283203125 376.058624267578125 367.459503173828125 351.343505859375 -9999
492.218597412109375 493.446868896484375 491.156341552734375 488.780914306640625 488.1361083984375 486.424224853515625 480.49627685546875 471.689300537109375 467.186370849609375 465.869720458984375 466.5289306640625 465.111602783203125 462.91656494140625 463.808197021484375 465.173309326171875 464.171142578125 461.962158203125 462.149749755859375 459.832672119140625 454.711883544921875 452.422698974609375 452.789520263671875 455.580352783203125 457.803070068359375 453.4542236328125 444.36395263671875 435.3516845703125 435.0849609375 442.0322265625 440.45013427734375 435.2408447265625 423.8028564453125 419.655670166015625 419.056060791015625 415.2003173828125 412.985076904296875 411.139739990234375 399.0643310546875 390.219085693359375 391.601165771484375 393.75140380859375 389.02593994140625 389.31146240234375 385.454376220703125 379.032806396484375 375.39764404296875 375.066802978515625 376.223846435546875 374.90155029296875 366.0667724609375 350.88568115234375 -9999
498.508392333984375 498.438140869140625 494.997314453125 492.7281494140625 491.25494384765625 489.316802978515625 485.259857177734375 477.181671142578125 471.120758056640625 466.404876708984375 463.2513427734375 463.05963134765625 462.1712646484375 463.0208740234375 462.919525146484375 462.59417724609375 463.020172119140625 462.16259765625 455.79583740234375 452.678985595703125 456.1253662109375 457.32928466796875 457.237396240234375 457.102813720703125 449.532501220703125 437.070037841796875 434.420562744140625 435.33685302734375 443.553070068359375 441.96533203125 434.491241455078125 423.742156982421875 421.840118408203125 423.954986572265625 418.101593017578125 412.328857421875 405.524658203125 395.9935302734375 393.024169921875 391.365509033203125 398.278106689453125 389.12335205078125 386.92608642578125 384.134368896484375 380.49652099609375 374.96124267578125 374.851715087890625 375.044586181640625 371.54168701171875 369.07177734375 358.1763916015625 343.66229248046875
502.206024169921875 499.607025146484375 495.041900634765625 493.30572509765625 492.729248046875 489.65045166015625 483.8963623046875 477.94464111328125 472.908477783203125 467.877899169921875 462.467620849609375 458.949615478515625 458.087005615234375 459.273712158203125 461.193756103515625 462.90692138671875 462.48431396484375 458.84552001953125 457.016204833984375 455.437347412109375 453.7681884765625 452.98858642578125 449.8643798828125 447.342987060546875 446.8497314453125 442.59307861328125 443.882232666015625 445.2030029296875 449.89581298828125 447.911468505859375 438.522308349609375 427.0062255859375 425.301544189453125 424.546875 415.361236572265625 410.184173583984375 404.037109375 398.000946044921875 394.85540771484375 394.69012451171875 400.624603271484375 398.015167236328125 390.358001708984375 385.280303955078125 380.65625 374.6923828125 372.03228759765625 370.67706298828125 370.634735107421875 373.693603515625 363.999755859375 346.004302978515625
504.606475830078125 502.51580810546875 499.31927490234375 497.308624267578125 496.963287353515625 494.995697021484375 489.950836181640625 484.30670166015625 480.6153564453125 477.94915771484375 470.534637451171875 460.347808837890625 451.132537841796875 448.943267822265625 452.571990966796875 456.986480712890625 458.948150634765625 457.6370849609375 457.61627197265625 453.100494384765625 447.1572265625 444.843475341796875 440.22607421875 441.13946533203125 445.9970703125 447.710052490234375 445.17254638671875 441.644378662109375 436.982025146484375 441.079925537109375 441.862457275390625 433.3765869140625 427.149993896484375 421.294281005859375 414.144439697265625 412.208709716796875 405.32037353515625 405.835693359375 400.199554443359375 395.19598388671875 394.865936279296875 394.81671142578125 387.300567626953125 382.79986572265625 381.4073486328125 377.7076416015625 373.83404541015625 371.275115966796875 372.653045654296875 377.55731201171875 368.25445556640625 350.422760009765625
505.251129150390625 504.923919677734375 504.919647216796875 503.699615478515625 502.338623046875 501.44085693359375 497.54150390625 491.89178466796875 488.2882080078125 486.7913818359375 479.745452880859375 467.89703369140625 452.58477783203125 442.695587158203125 442.36822509765625 446.105194091796875 452.143096923828125 456.220611572265625 455.934844970703125 448.340087890625 439.633148193359375 438.3726806640625 437.36688232421875 443.010955810546875 447.39251708984375 447.218475341796875 441.992279052734375 433.474761962890625 422.56097412109375 429.251068115234375 439.29913330078125 435.607147216796875 427.46246337890625 420.262054443359375 419.061859130859375 418.00274658203125 409.18157958984375 413.0955810546875 407.83123779296875 397.879425048828125 390.64373779296875 388.03515625 383.77203369140625 384.2628173828125 385.6005859375 383.384765625 379.579132080078125 376.855621337890625 376.78936767578125 378.55377197265625 367.289276123046875 350.33355712890625
504.075653076171875 504.691314697265625 505.728363037109375 505.41326904296875 503.719268798828125 500.159149169921875 496.862060546875 494.7911376953125 494.0235595703125 490.76458740234375 484.266204833984375 475.447296142578125 464.034149169921875 448.511993408203125 441.4683837890625 440.180084228515625 444.596466064453125 452.125152587890625 454.723297119140625 447.224822998046875 438.197418212890625 438.92962646484375 442.158782958984375 447.41204833984375 448.666656494140625 444.23193359375 438.7919921875 429.782379150390625 420.764068603515625 426.55743408203125 437.7755126953125 440.763916015625 436.013397216796875 428.245330810546875 424.14605712890625 423.391876220703125 419.15869140625 417.81671142578125 414.348175048828125 400.7657470703125 393.406005859375 390.126068115234375 389.219329833984375 391.324432373046875 389.016082763671875 385.021728515625 382.974822998046875 380.7264404296875 378.72930908203125 376.6585693359375 366.1798095703125 347.3216552734375
502.601715087890625 502.915985107421875 503.438995361328125 503.75274658203125 501.0128173828125 496.626312255859375 494.368988037109375 494.59136962890625 497.55694580078125 494.9757080078125 487.591583251953125 479.517730712890625 472.32342529296875 459.797027587890625 450.348297119140625 444.5186767578125 443.15771484375 449.793914794921875 452.793670654296875 449.098602294921875 446.45806884765625 447.538543701171875 448.6357421875 449.082244873046875 442.164093017578125 436.850677490234375 433.539764404296875 423.8377685546875 419.77777099609375 428.290557861328125 438.334381103515625 443.736114501953125 442.220947265625 436.512542724609375 428.626434326171875 424.583831787109375 426.462738037109375 424.71990966796875 417.3388671875 407.6610107421875 404.610626220703125 401.636688232421875 399.5958251953125 396.250762939453125 389.00506591796875 382.93353271484375 381.968292236328125 380.756988525390625 376.5928955078125 374.82733154296875 369.34991455078125 355.567718505859375
504.026123046875 502.225341796875 503.236602783203125 504.045074462890625 500.874603271484375 496.282501220703125 493.29730224609375 493.26873779296875 495.246795654296875 494.777679443359375 488.24383544921875 482.24456787109375 475.007171630859375 471.52960205078125 465.36859130859375 458.330322265625 451.4683837890625 452.827362060546875 454.398834228515625 453.628448486328125 453.9583740234375 452.53265380859375 452.465606689453125 442.426116943359375 431.2789306640625 434.253448486328125 434.474700927734375 425.470947265625 421.49713134765625 428.493011474609375 437.145050048828125 440.48333740234375 441.001251220703125 437.06060791015625 427.46075439453125 422.429046630859375 425.5191650390625 425.7939453125 420.45025634765625 414.57244873046875 413.91131591796875 408.8892822265625 405.016143798828125 396.355224609375 387.7003173828125 383.063751220703125 381.357574462890625 379.8184814453125 375.626953125 373.080474853515625 374.43597412109375 365.369476318359375
506.145477294921875 505.059967041015625 504.97882080078125 504.81329345703125 502.61688232421875 498.53936767578125 495.506622314453125 495.204071044921875 494.974334716796875 491.69146728515625 486.977386474609375 484.723358154296875 480.36334228515625 476.261016845703125 473.143585205078125 468.49267578125 462.077484130859375 461.13690185546875 461.844635009765625 460.322174072265625 456.43499755859375 451.80096435546875 443.555908203125 434.992401123046875 434.293792724609375 438.97137451171875 438.62188720703125 433.41400146484375 429.066162109375 431.295379638671875 434.832733154296875 437.481048583984375 436.7808837890625 430.48223876953125 420.567047119140625 414.470733642578125 415.70269775390625 417.931732177734375 415.905548095703125 407.02374267578125 407.950042724609375 400.697418212890625 399.10479736328125 392.919952392578125 386.639678955078125 385.745025634765625 385.394744873046875 383.39703369140625 378.4691162109375 372.71197509765625 372.826324462890625 370.416046142578125
501.459228515625 502.92987060546875 503.270904541015625 501.724029541015625 499.7156982421875 498.20758056640625 495.989776611328125 493.58917236328125 492.767974853515625 493.31402587890625 491.502349853515625 489.09759521484375 484.1923828125 478.033782958984375 475.986419677734375 470.9708251953125 468.162445068359375 463.298736572265625 460.56524658203125 458.75054931640625 452.14404296875 441.053924560546875 433.81414794921875 438.58282470703125 447.129302978515625 447.535888671875 438.244232177734375 434.402923583984375 428.353759765625 426.79046630859375 429.123748779296875 430.045623779296875 432.676788330078125 433.126678466796875 427.19622802734375 418.5660400390625 410.18780517578125 412.3447265625 412.0927734375 402.721160888671875 398.033294677734375 397.9381103515625 392.3916015625 384.79913330078125 385.530426025390625 390.360137939453125 390.538360595703125 386.37255859375 380.47955322265625 374.4990234375 371.741973876953125 372.619598388671875
499.477142333984375 499.240692138671875 499.796966552734375 498.7933349609375 498.828277587890625 498.439666748046875 496.999176025390625 496.390289306640625 497.1103515625 497.666107177734375 496.533966064453125 492.553009033203125 488.37225341796875 483.426025390625 477.003021240234375 475.08349609375 471.81219482421875 463.2843017578125 457.410675048828125 454.571746826171875 450.95867919921875 444.4471435546875 441.4183349609375 447.150421142578125 450.3365478515625 446.0960693359375 439.6551513671875 438.709381103515625 433.4429931640625 428.008056640625 420.97906494140625 424.370269775390625 434.576934814453125 440.26898193359375 436.793853759765625 425.223358154296875 406.383514404296875 405.885772705078125 402.7896728515625 397.7701416015625 394.37890625 392.64080810546875 388.281097412109375 380.400146484375 381.571502685546875 388.37103271484375 392.49609375 389.909515380859375 383.08819580078125 376.7327880859375 371.773651123046875 371.460174560546875
503.121368408203125 500.200408935546875 499.047821044921875 498.93756103515625 499.71502685546875 500.176910400390625 498.696014404296875 498.32244873046875 498.35650634765625 496.703399658203125 493.81024169921875 492.515594482421875 491.73828125 488.6988525390625 483.390777587890625 480.577728271484375 475.587615966796875 468.792449951171875 460.856842041015625 454.182373046875 452.117279052734375 451.322601318359375 451.089141845703125 449.406097412109375 441.04620361328125 437.14935302734375 438.36297607421875 439.108306884765625 440.180633544921875 435.23040771484375 426.161346435546875 426.417633056640625 434.4669189453125 439.3236083984375 437.6728515625 427.18646240234375 407.22723388671875 408.924407958984375 408.666290283203125 401.308929443359375 393.74407958984375 391.4891357421875 388.444183349609375 382.7073974609375 381.7049560546875 386.59796142578125 392.964874267578125 392.928680419921875 384.779876708984375 376.47998046875 369.707122802734375 369.458038330078125
504.733367919921875 498.528076171875 495.410614013671875 499.2381591796875 501.079620361328125 500.20556640625 500.124542236328125 499.4837646484375 499.79510498046875 499.50347900390625 496.665802001953125 494.759979248046875 494.36859130859375 492.37030029296875 489.5731201171875 487.39447021484375 482.07635498046875 475.813507080078125 465.2432861328125 453.68853759765625 448.95013427734375 450.711273193359375 452.69580078125 444.593536376953125 438.402618408203125 434.715576171875 433.84600830078125 435.437469482421875 436.919219970703125 436.171875 428.700592041015625 428.581756591796875 430.208282470703125 429.367584228515625 430.27130126953125 428.85382080078125 422.1605224609375 422.327056884765625 418.611358642578125 410.733673095703125 401.77142333984375 393.072509765625 393.3133544921875 388.11968994140625 381.7144775390625 381.82745361328125 390.134765625 391.6175537109375 381.289093017578125 374.009124755859375 -9999 -9999
506.569915771484375 502.859039306640625 499.482025146484375 503.12786865234375 503.083404541015625 501.28729248046875 502.4241943359375 500.799560546875 500.03753662109375 499.442138671875 498.268890380859375 497.5784912109375 497.86883544921875 495.63775634765625 494.562530517578125 491.80340576171875 485.586273193359375 478.5545654296875 469.684539794921875 460.8389892578125 454.34747314453125 451.640289306640625 449.79473876953125 442.500152587890625 437.111480712890625 429.241668701171875 425.100555419921875 432.43255615234375 435.36114501953125 431.161712646484375 424.583160400390625 426.10198974609375 428.702484130859375 428.727447509765625 426.375457763671875 424.36578369140625 424.51348876953125 426.340789794921875 419.41424560546875 405.957489013671875 393.655517578125 388.403778076171875 392.3660888671875 393.7852783203125 384.99432373046875 380.078582763671875 387.34161376953125 391.747589111328125 385.219268798828125 379.13519287109375 367.208770751953125 -9999
