data/seasontemp.asc
ncols        384
nrows        480
xllcorner    138.000000000000
yllcorner    -29.000000000000
cellsize     0.041666666667
NODATA_value -9999
[rows 345 to 367 of 480, columns 52 to 103 of 384]
597.83734130859375 595.6690673828125 593.14459228515625 590.85699462890625 589.62017822265625 589.36639404296875 590.379638671875 590.763916015625 592.54364013671875 596.1065673828125 595.86041259765625 594.357177734375 594.34375 595.327392578125 595.92254638671875 595.21221923828125 594.753173828125 594.68084716796875 593.58673095703125 591.31121826171875 590.9744873046875 587.875 585.07513427734375 587.599853515625 588.83343505859375 589.624267578125 589.53204345703125 588.88580322265625 588.20086669921875 576.0799560546875 567.1861572265625 572.4945068359375 580.56439208984375 584.7083740234375 585.71942138671875 586.230712890625 585.9952392578125 582.31634521484375 579.20086669921875 576.54852294921875 572.7730712890625 570.49505615234375 569.1253662109375 570.46954345703125 573.282958984375 573.03839111328125 571.40008544921875 570.02056884765625 566.4725341796875 569.35614013671875 571.6905517578125 571.28961181640625
598.29901123046875 595.9573974609375 593.34783935546875 591.37371826171875 591.228759765625 591.127685546875 592.23114013671875 591.95928955078125 592.76031494140625 594.98370361328125 595.5830078125 594.41455078125 595.169921875 597.541259765625 598.98486328125 596.46441650390625 595.927001953125 598.20947265625 597.56103515625 595.67401123046875 594.92926025390625 591.3436279296875 589.1986083984375 587.95172119140625 587.8363037109375 587.5037841796875 586.28790283203125 586.14483642578125 581.06695556640625 569.97454833984375 568.37353515625 578.0272216796875 582.67327880859375 584.998046875 586.4398193359375 587.83367919921875 587.62164306640625 584.21893310546875 580.031982421875 575.86236572265625 574.43084716796875 574.39385986328125 572.91302490234375 573.236572265625 574.716552734375 574.74664306640625 574.14093017578125 573.02471923828125 569.79766845703125 571.55987548828125 572.0048828125 571.663818359375
599.22198486328125 597.29083251953125 594.29779052734375 591.75048828125 591.630126953125 593.35406494140625 595.046630859375 594.95086669921875 595.27069091796875 595.9171142578125 596.69354248046875 596.10174560546875 595.24359130859375 597.000244140625 599.76275634765625 598.0362548828125 594.8302001953125 597.40008544921875 598.65240478515625 596.5394287109375 594.76373291015625 592.34716796875 591.216552734375 589.693359375 588.730712890625 586.7415771484375 583.13336181640625 579.67620849609375 571.21551513671875 567.69464111328125 572.71014404296875 579.837158203125 582.818359375 581.60113525390625 583.81243896484375 588.1160888671875 589.18475341796875 586.2264404296875 581.27520751953125 578.01922607421875 578.18255615234375 578.80462646484375 578.12255859375 576.5264892578125 576.11651611328125 575.6768798828125 575.0947265625 574.36431884765625 573.499755859375 572.9617919921875 572.6981201171875 573.7803955078125
599.55242919921875 598.2291259765625 596.95391845703125 594.61322021484375 594.82958984375 596.35394287109375 596.041015625 595.95458984375 596.0101318359375 597.17193603515625 598.05462646484375 598.61346435546875 597.17449951171875 596.07244873046875 596.94781494140625 596.78619384765625 595.3043212890625 595.65216064453125 595.802490234375 593.10699462890625 591.63726806640625 590.442626953125 590.242431640625 588.75408935546875 586.8770751953125 582.37249755859375 577.68414306640625 574.638916015625 573.16937255859375 573.961669921875 576.28240966796875 579.9600830078125 584.867919921875 582.620849609375 583.4345703125 587.120361328125 587.4393310546875 585.25128173828125 581.0135498046875 578.40081787109375 579.94317626953125 581.90838623046875 583.337890625 582.874267578125 582.0029296875 580.8516845703125 579.817626953125 578.37738037109375 576.6910400390625 574.37109375 571.5245361328125 571.44964599609375
601.71270751953125 601.3212890625 599.29949951171875 597.10089111328125 597.15228271484375 597.48724365234375 597.249267578125 596.77752685546875 596.21636962890625 596.21331787109375 598.38177490234375 601.2381591796875 599.73345947265625 599.28399658203125 599.17156982421875 597.43756103515625 595.5386962890625 595.24212646484375 595.39501953125 594.17755126953125 592.56475830078125 590.7969970703125 591.806396484375 587.79327392578125 581.81390380859375 578.98052978515625 578.421630859375 581.1854248046875 582.17462158203125 581.84808349609375 580.79931640625 583.21929931640625 586.962890625 583.76666259765625 585.56658935546875 587.974365234375 586.23785400390625 580.386474609375 576.1363525390625 577.154296875 579.62005615234375 582.2147216796875 585.1624755859375 588.24615478515625 590.30780029296875 590.414306640625 588.12359619140625 585.24676513671875 580.6470947265625 576.4078369140625 572.9241943359375 572.71527099609375
603.320556640625 601.52276611328125 599.39154052734375 597.5103759765625 597.25665283203125 597.65643310546875 597.4798583984375 598.18310546875 598.3187255859375 600.00408935546875 602.01446533203125 603.37603759765625 603.8409423828125 603.1744384765625 600.922119140625 599.41473388671875 597.93603515625 595.517333984375 594.406982421875 594.72430419921875 592.3634033203125 590.59429931640625 589.94439697265625 584.50531005859375 583.4705810546875 585.7501220703125 584.6004638671875 586.1748046875 586.5823974609375 584.434814453125 584.1597900390625 586.89202880859375 588.47674560546875 584.6697998046875 584.2899169921875 587.104736328125 583.03118896484375 578.6234130859375 577.90423583984375 578.7332763671875 578.92730712890625 579.73260498046875 582.5511474609375 586.5301513671875 589.21112060546875 587.72259521484375 586.3919677734375 585.81689453125 583.83978271484375 581.02520751953125 579.157470703125 576.8394775390625
605.3763427734375 602.62579345703125 599.50152587890625 597.1290283203125 597.29925537109375 597.970458984375 598.11138916015625 598.41436767578125 599.0157470703125 601.33544921875 602.7445068359375 603.73529052734375 604.714111328125 602.34783935546875 599.7742919921875 599.98883056640625 599.696533203125 598.0565185546875 596.97918701171875 596.17156982421875 596.3216552734375 592.0059814453125 584.66265869140625 583.40289306640625 589.23785400390625 591.02984619140625 590.17816162109375 590.99298095703125 591.3980712890625 588.10418701171875 585.50469970703125 585.43463134765625 585.1285400390625 584.76995849609375 584.725830078125 586.2236328125 584.36279296875 583.33380126953125 582.61212158203125 580.24884033203125 578.9605712890625 579.07940673828125 582.28533935546875 584.22998046875 582.9892578125 581.719970703125 582.05682373046875 581.7618408203125 580.04150390625 580.4852294921875 581.661865234375 580.8531494140625
606.26715087890625 603.39447021484375 599.800537109375 597.59844970703125 597.404296875 596.79925537109375 597.239013671875 598.22198486328125 598.44158935546875 599.79656982421875 602.6461181640625 603.00469970703125 603.98626708984375 601.218994140625 597.56768798828125 596.77642822265625 598.61962890625 599.5653076171875 598.5960693359375 598.61944580078125 599.14398193359375 594.4176025390625 583.166015625 584.06036376953125 590.13031005859375 592.86224365234375 593.8404541015625 594.95513916015625 595.5889892578125 590.96710205078125 586.90179443359375 587.511474609375 588.97149658203125 591.2891845703125 591.6478271484375 589.16644287109375 589.66156005859375 590.64251708984375 586.7266845703125 580.94403076171875 578.59844970703125 579.62884521484375 585.8013916015625 588.39654541015625 584.85565185546875 582.444091796875 581.10113525390625 575.62176513671875 573.32525634765625 575.18634033203125 579.6983642578125 580.67120361328125
606.56201171875 603.09722900390625 600.46636962890625 597.942138671875 597.0113525390625 596.14739990234375 597.55633544921875 598.0501708984375 598.64007568359375 599.42572021484375 601.1734619140625 602.169921875 600.8795166015625 598.97906494140625 596.0589599609375 597.3585205078125 601.33905029296875 601.00341796875 596.683349609375 593.46533203125 593.7169189453125 589.56304931640625 584.46246337890625 588.1396484375 591.36676025390625 594.26495361328125 595.076416015625 594.4720458984375 595.1815185546875 590.311279296875 585.27081298828125 585.53521728515625 586.364501953125 589.6038818359375 591.5806884765625 586.9967041015625 584.31036376953125 586.54827880859375 584.062255859375 582.06158447265625 584.1717529296875 587.7261962890625 591.7098388671875 589.09100341796875 583.2965087890625 581.22406005859375 579.05072021484375 574.95880126953125 573.410400390625 574.176513671875 576.753173828125 577.5257568359375
606.1273193359375 603.5408935546875 601.2042236328125 599.13763427734375 598.20013427734375 596.9639892578125 598.34381103515625 599.6734619140625 600.73095703125 600.352783203125 600.50933837890625 600.76263427734375 600.24334716796875 600.1240234375 599.20294189453125 600.88037109375 601.37738037109375 598.5252685546875 595.60589599609375 595.83258056640625 593.8958740234375 586.55926513671875 587.52508544921875 592.32373046875 593.37646484375 595.08660888671875 595.8277587890625 596.62506103515625 597.091064453125 592.76959228515625 587.97216796875 586.26397705078125 585.4488525390625 585.202880859375 587.68072509765625 584.08282470703125 580.039306640625 581.9151611328125 582.56402587890625 585.4588623046875 589.3734130859375 592.60174560546875 594.2496337890625 589.21112060546875 583.5406494140625 581.5196533203125 579.113037109375 576.4915771484375 574.6448974609375 576.108642578125 576.93450927734375 577.3892822265625
607.1785888671875 603.7296142578125 602.16143798828125 601.5528564453125 600.2880859375 599.288818359375 599.35516357421875 601.81658935546875 602.63397216796875 601.51190185546875 600.552490234375 599.81939697265625 600.8377685546875 603.49627685546875 604.1085205078125 604.5111083984375 601.8521728515625 596.987548828125 595.6597900390625 596.47332763671875 593.41290283203125 585.5301513671875 590.18524169921875 594.7210693359375 597.66412353515625 599.43377685546875 600.077392578125 601.31805419921875 601.15283203125 596.21441650390625 590.5799560546875 588.65911865234375 588.434326171875 587.59698486328125 588.1895751953125 585.6195068359375 583.38482666015625 586.6217041015625 589.01220703125 591.03082275390625 591.0899658203125 591.99493408203125 592.50164794921875 588.39727783203125 584.491455078125 582.91796875 580.18865966796875 578.1141357421875 577.4345703125 579.24774169921875 580.3330078125 582.12982177734375
608.33135986328125 605.59405517578125 604.46234130859375 604.85162353515625 603.3885498046875 602.54315185546875 602.89501953125 603.85260009765625 603.78155517578125 603.47784423828125 601.8045654296875 599.99603271484375 600.982177734375 604.18603515625 606.4503173828125 604.99273681640625 602.0013427734375 598.968505859375 596.44000244140625 595.43450927734375 592.32952880859375 584.33319091796875 590.31365966796875 598.10308837890625 601.20343017578125 601.70733642578125 603.7197265625 605.116455078125 604.61370849609375 599.4844970703125 593.912353515625 592.02239990234375 592.0733642578125 592.9383544921875 591.0643310546875 588.60333251953125 587.9873046875 590.32684326171875 592.09808349609375 592.96368408203125 591.09637451171875 590.94354248046875 590.6070556640625 587.59368896484375 584.25836181640625 582.7548828125 581.03173828125 579.1717529296875 580.3568115234375 583.4278564453125 585.68609619140625 588.09814453125
608.6199951171875 606.96429443359375 607.017333984375 607.7767333984375 606.3797607421875 605.644287109375 606.0797119140625 605.76953125 605.7880859375 606.22625732421875 604.02716064453125 602.9190673828125 603.1422119140625 605.31378173828125 605.7445068359375 602.98406982421875 600.7607421875 599.59478759765625 597.57769775390625 598.24432373046875 596.452392578125 588.27313232421875 588.57635498046875 595.683837890625 598.08477783203125 599.9246826171875 604.77569580078125 607.23834228515625 607.6044921875 603.86529541015625 599.0206298828125 596.55078125 596.80902099609375 596.072998046875 594.31280517578125 592.486083984375 592.39080810546875 592.39752197265625 592.89593505859375 591.9661865234375 590.8475341796875 590.6693115234375 589.90460205078125 587.6639404296875 584.7744140625 583.34173583984375 582.6929931640625 582.2493896484375 584.501220703125 588.10272216796875 589.042724609375 591.23895263671875
608.3743896484375 607.87115478515625 608.6929931640625 609.0267333984375 608.41448974609375 608.77484130859375 607.46173095703125 607.06488037109375 607.362548828125 607.05352783203125 605.68719482421875 605.24481201171875 605.67242431640625 606.176513671875 606.33392333984375 602.334716796875 599.82159423828125 599.7578125 600.249267578125 603.84002685546875 602.80804443359375 594.62255859375 588.05316162109375 591.99188232421875 596.1190185546875 598.76605224609375 603.10205078125 606.62066650390625 608.88446044921875 606.3709716796875 602.40771484375 599.75885009765625 598.7694091796875 596.95172119140625 595.62652587890625 595.17071533203125 595.21295166015625 594.82098388671875 594.10009765625 592.93768310546875 593.51287841796875 593.18218994140625 591.133544921875 589.51348876953125 589.2579345703125 587.09619140625 585.66510009765625 586.75250244140625 589.1290283203125 592.01312255859375 593.23480224609375 593.1904296875
609.2613525390625 609.2061767578125 609.42919921875 608.84271240234375 610.0408935546875 611.08154296875 609.31390380859375 607.21270751953125 606.5738525390625 606.01239013671875 606.18621826171875 605.87713623046875 605.48126220703125 605.664306640625 606.8017578125 604.1090087890625 601.68988037109375 602.676513671875 604.994873046875 607.76708984375 605.1724853515625 596.41259765625 588.0260009765625 591.76214599609375 597.80126953125 598.57025146484375 602.65997314453125 607.1954345703125 608.55145263671875 606.47442626953125 604.05859375 601.7333984375 599.24041748046875 598.157470703125 597.41064453125 596.88079833984375 596.8843994140625 595.99041748046875 595.315185546875 597.29541015625 598.99359130859375 598.18682861328125 594.916259765625 594.71929931640625 594.97369384765625 592.6026611328125 590.3369140625 591.16168212890625 592.42254638671875 594.401611328125 596.69818115234375 596.31494140625
609.55853271484375 610.07110595703125 610.22833251953125 609.3603515625 610.58514404296875 612.658447265625 612.37371826171875 609.32989501953125 607.73480224609375 606.91619873046875 606.6932373046875 606.037109375 604.398193359375 605.089111328125 606.42901611328125 604.925537109375 603.24090576171875 605.2955322265625 607.81097412109375 607.97479248046875 604.555908203125 594.84832763671875 587.6199951171875 593.3126220703125 597.99591064453125 598.28399658203125 603.85028076171875 609.516845703125 610.25933837890625 607.92523193359375 605.93731689453125 602.99200439453125 601.41375732421875 601.6976318359375 600.70562744140625 598.851806640625 596.907958984375 597.108154296875 596.06732177734375 598.6470947265625 602.28509521484375 602.19268798828125 598.73358154296875 599.1014404296875 598.51873779296875 596.58477783203125 596.607666015625 596.5191650390625 596.06146240234375 596.807373046875 597.33203125 597.0904541015625
611.04095458984375 610.9093017578125 610.46661376953125 610.55963134765625 613.304443359375 615.73809814453125 614.45068359375 611.99462890625 609.1806640625 608.98846435546875 607.61529541015625 606.4906005859375 605.04901123046875 603.52191162109375 604.66314697265625 604.33087158203125 604.14385986328125 605.8775634765625 607.226318359375 606.7978515625 603.544921875 591.59344482421875 591.50042724609375 599.5882568359375 602.70806884765625 602.41595458984375 604.1314697265625 608.331787109375 611.19744873046875 610.0576171875 605.69390869140625 600.7691650390625 600.48468017578125 601.58428955078125 600.973876953125 599.2857666015625 597.88641357421875 598.00152587890625 598.2406005859375 600.60174560546875 603.55621337890625 604.89593505859375 602.83795166015625 602.61602783203125 602.634765625 601.07159423828125 601.0284423828125 601.06103515625 600.16302490234375 598.95721435546875 597.68792724609375 597.98809814453125
611.12109375 610.3468017578125 610.42236328125 611.69622802734375 615.14044189453125 617.17413330078125 616.00970458984375 613.8182373046875 611.30841064453125 610.721923828125 610.28387451171875 608.56549072265625 606.64544677734375 603.017578125 603.41107177734375 605.63037109375 605.468505859375 604.21978759765625 605.81304931640625 607.85675048828125 600.9952392578125 590.1102294921875 595.94549560546875 604.3328857421875 607.71240234375 606.488525390625 605.21295166015625 605.427978515625 608.0723876953125 608.19677734375 605.20867919921875 602.88153076171875 600.24591064453125 599.51318359375 598.78302001953125 598.80712890625 598.8682861328125 598.635009765625 599.20648193359375 603.10736083984375 605.93658447265625 606.947265625 605.59112548828125 605.4859619140625 605.51898193359375 604.05712890625 603.9373779296875 603.89617919921875 604.47113037109375 602.12310791015625 600.803955078125 600.34521484375
612.83349609375 611.32171630859375 611.048095703125 611.3701171875 614.3162841796875 616.65869140625 616.666015625 615.35162353515625 615.03204345703125 613.84600830078125 612.5594482421875 609.84844970703125 607.55963134765625 604.06842041015625 604.3763427734375 605.27325439453125 604.9423828125 604.22259521484375 606.42144775390625 608.73809814453125 601.00982666015625 588.40081787109375 595.15350341796875 603.98028564453125 606.26715087890625 606.5067138671875 605.8984375 606.02081298828125 607.1273193359375 607.5184326171875 606.20330810546875 605.0128173828125 603.56146240234375 602.23193359375 600.67779541015625 600.2197265625 601.0086669921875 599.0574951171875 599.603759765625 603.26177978515625 605.61029052734375 607.07061767578125 606.876953125 607.21624755859375 607.6937255859375 607.04345703125 606.89324951171875 606.70098876953125 607.05621337890625 605.63775634765625 604.525146484375 603.64068603515625
615.40936279296875 614.10723876953125 613.3067626953125 613.032470703125 614.666748046875 615.79449462890625 616.62469482421875 615.816162109375 615.26422119140625 614.60479736328125 613.814208984375 611.3863525390625 610.20989990234375 606.888916015625 605.9888916015625 604.54345703125 602.512451171875 602.6468505859375 605.411376953125 607.2265625 599.25164794921875 586.75927734375 592.36456298828125 601.150634765625 604.29034423828125 604.69354248046875 605.1588134765625 609.21087646484375 610.8798828125 610.206298828125 607.27099609375 605.208740234375 604.3975830078125 604.06011962890625 604.733154296875 605.64202880859375 604.52618408203125 600.75933837890625 601.23529052734375 604.56207275390625 604.76593017578125 604.9822998046875 605.2708740234375 606.50042724609375 606.560302734375 607.4722900390625 607.161865234375 608.18048095703125 607.9644775390625 605.412841796875 603.1064453125 601.791748046875
618.85699462890625 617.7220458984375 617.38275146484375 617.66949462890625 617.450927734375 616.60430908203125 616.614990234375 616.39794921875 614.581787109375 615.599609375 616.30657958984375 614.02252197265625 613.275390625 610.41424560546875 609.921142578125 606.49261474609375 601.919677734375 599.7913818359375 600.0777587890625 600.04254150390625 593.83856201171875 588.1104736328125 595.137939453125 602.71783447265625 607.366943359375 607.37200927734375 605.41473388671875 608.64349365234375 612.05853271484375 612.07000732421875 610.4716796875 608.34027099609375 609.0162353515625 610.7344970703125 610.5220947265625 607.79498291015625 605.5250244140625 602.95306396484375 601.93182373046875 604.26910400390625 604.08306884765625 604.20648193359375 604.85015869140625 606.27789306640625 606.614013671875 606.5595703125 606.72900390625 607.7640380859375 607.9923095703125 604.1690673828125 601.81744384765625 602.33953857421875
619.58941650390625 619.73394775390625 620.31640625 620.02032470703125 618.25628662109375 616.9697265625 617.19708251953125 618.41094970703125 616.1060791015625 615.12652587890625 617.07647705078125 615.22418212890625 613.16094970703125 612.0587158203125 611.52587890625 608.690185546875 606.42303466796875 603.71527099609375 601.08050537109375 598.62384033203125 593.15325927734375 592.75732421875 600.2037353515625 605.5931396484375 608.6424560546875 609.387451171875 609.8173828125 610.51513671875 611.019775390625 610.14349365234375 608.2730712890625 607.50567626953125 609.93798828125 612.07611083984375 610.97216796875 608.59429931640625 609.654296875 608.478271484375 605.63372802734375 604.42803955078125 604.9696044921875 604.82366943359375 605.66461181640625 607.38299560546875 607.74127197265625 606.12384033203125 606.09417724609375 607.6319580078125 606.79736328125 604.74078369140625 602.47003173828125 601.701171875
619.994384765625 620.6123046875 620.93524169921875 620.3204345703125 619.23822021484375 617.25115966796875 617.37420654296875 619.2427978515625 618.1556396484375 617.0877685546875 618.699462890625 617.94305419921875 613.77972412109375 612.3785400390625 610.63848876953125 609.60675048828125 607.80853271484375 603.97882080078125 600.3482666015625 596.80072021484375 593.036376953125 598.85601806640625 603.920654296875 606.06439208984375 606.97283935546875 607.3577880859375 608.3170166015625 609.2239990234375 609.74517822265625 608.2369384765625 606.12750244140625 606.95367431640625 609.952392578125 612.5601806640625 611.5340576171875 612.3499755859375 614.46832275390625 613.379150390625 609.12750244140625 606.79998779296875 606.21923828125 605.8983154296875 605.59515380859375 605.8603515625 606.44085693359375 607.34185791015625 608.85107421875 607.9761962890625 606.56976318359375 604.8929443359375 603.4517822265625 603.450439453125
