data/seasontemp.asc
ncols        384
nrows        480
xllcorner    138.000000000000
yllcorner    -29.000000000000
cellsize     0.041666666667
NODATA_value -9999
[rows 345 to 367 of 480, columns 104 to 155 of 384]
570.52264404296875 572.449462890625 572.573486328125 573.652587890625 573.38482666015625 568.57769775390625 564.43829345703125 563.67645263671875 561.5579833984375 560.484130859375 560.0458984375 559.383056640625 558.93994140625 566.4693603515625 569.89752197265625 571.14581298828125 571.84521484375 570.669677734375 568.302490234375 566.5601806640625 566.069091796875 565.36883544921875 566.50177001953125 569.5045166015625 566.44525146484375 562.21905517578125 559.65869140625 558.968017578125 559.9071044921875 559.56524658203125 560.563720703125 560.81207275390625 558.35748291015625 558.2557373046875 559.60064697265625 558.03070068359375 556.972900390625 555.18585205078125 553.61480712890625 553.43206787109375 553.70953369140625 552.56524658203125 551.21832275390625 548.53997802734375 546.539306640625 544.97381591796875 544.51141357421875 544.067138671875 542.96380615234375 541.95977783203125 541.5247802734375 543.9010009765625
571.83819580078125 574.3919677734375 574.913818359375 575.6287841796875 576.3009033203125 572.22882080078125 566.6474609375 565.8714599609375 564.36260986328125 562.96783447265625 558.99346923828125 555.93365478515625 556.02239990234375 564.72998046875 569.4423828125 570.29144287109375 571.69696044921875 572.01177978515625 570.2197265625 568.94720458984375 568.83538818359375 569.50164794921875 571.1160888671875 572.41802978515625 568.99420166015625 564.0318603515625 561.23876953125 561.69866943359375 562.44189453125 562.158447265625 562.55889892578125 562.5689697265625 560.4306640625 560.66314697265625 561.56011962890625 559.6640625 557.65972900390625 555.588623046875 553.9251708984375 554.39898681640625 554.037841796875 552.1781005859375 549.03448486328125 545.38775634765625 545.04437255859375 545.42279052734375 546.17138671875 546.469970703125 547.25970458984375 547.5926513671875 547.345947265625 547.4803466796875
573.85992431640625 575.5872802734375 576.00958251953125 577.04681396484375 578.544677734375 575.8056640625 571.34063720703125 568.1966552734375 565.919189453125 565.22113037109375 562.88909912109375 561.49212646484375 562.6505126953125 565.9749755859375 569.1162109375 570.0843505859375 571.53924560546875 571.2064208984375 569.26849365234375 570.20721435546875 572.4888916015625 571.8477783203125 571.86248779296875 571.3360595703125 567.38201904296875 564.92706298828125 564.1553955078125 563.440673828125 562.45330810546875 562.13128662109375 564.10064697265625 563.9638671875 563.23284912109375 562.08367919921875 560.69970703125 559.42315673828125 557.6173095703125 556.37847900390625 555.8311767578125 554.6754150390625 552.069091796875 550.30877685546875 545.9146728515625 544.84210205078125 546.41790771484375 547.4359130859375 547.26544189453125 547.6483154296875 548.16217041015625 548.24273681640625 547.71630859375 546.7655029296875
572.8443603515625 574.05316162109375 576.443359375 577.063720703125 578.69696044921875 576.25421142578125 572.5751953125 569.919921875 565.123291015625 561.9354248046875 560.99188232421875 564.0279541015625 566.5477294921875 568.0078125 569.46209716796875 570.9296875 571.7701416015625 569.89874267578125 569.45086669921875 571.2420654296875 570.91094970703125 567.63250732421875 567.2685546875 568.0069580078125 565.8023681640625 565.28656005859375 565.528076171875 564.56732177734375 563.08221435546875 564.50579833984375 566.16937255859375 566.4478759765625 566.23828125 563.7979736328125 560.63470458984375 559.103271484375 557.7384033203125 557.563720703125 555.8675537109375 550.59417724609375 547.84271240234375 547.02032470703125 546.5863037109375 547.8919677734375 546.9622802734375 545.519287109375 545.69537353515625 546.79052734375 547.736083984375 547.96856689453125 546.04736328125 543.921875
574.0390625 575.54229736328125 578.0054931640625 576.53173828125 576.71319580078125 572.53594970703125 568.838134765625 570.5330810546875 569.82257080078125 565.22430419921875 562.39288330078125 565.60589599609375 571.63104248046875 570.62969970703125 571.089599609375 574.47222900390625 573.0177001953125 571.36444091796875 571.83502197265625 571.559326171875 569.05322265625 566.97821044921875 566.0758056640625 565.77581787109375 564.47149658203125 564.2176513671875 566.42486572265625 567.1732177734375 565.5797119140625 565.904052734375 566.45074462890625 567.17156982421875 567.3968505859375 564.73333740234375 561.13885498046875 559.27288818359375 557.43463134765625 556.11907958984375 551.74859619140625 548.36737060546875 550.3890380859375 550.27728271484375 550.4534912109375 551.11895751953125 548.82830810546875 544.9520263671875 545.266357421875 546.72314453125 546.84332275390625 547.40606689453125 545.69927978515625 543.24700927734375
576.1265869140625 576.56317138671875 578.092041015625 576.12664794921875 574.8565673828125 572.44384765625 567.75201416015625 566.54315185546875 566.38812255859375 564.01361083984375 561.267578125 561.15350341796875 571.97857666015625 573.99127197265625 575.9022216796875 577.24005126953125 574.94622802734375 574.16827392578125 573.7769775390625 572.0557861328125 570.21783447265625 569.12054443359375 568.59722900390625 565.87115478515625 562.4300537109375 563.31060791015625 566.76373291015625 568.147216796875 567.63824462890625 567.9105224609375 567.26171875 568.18121337890625 568.1064453125 564.00360107421875 560.17138671875 558.70660400390625 554.234619140625 552.0728759765625 554.4825439453125 552.265625 552.64776611328125 553.56085205078125 553.63067626953125 552.7802734375 550.59429931640625 547.4202880859375 546.49969482421875 546.40625 545.50091552734375 545.0401611328125 544.40057373046875 545.0140380859375
580.3133544921875 581.1964111328125 578.74371337890625 575.7523193359375 573.436279296875 571.576416015625 568.03802490234375 566.3265380859375 565.23748779296875 563.4705810546875 560.93743896484375 560.8104248046875 570.6077880859375 574.9510498046875 577.66961669921875 577.70458984375 577.61395263671875 577.20660400390625 576.7529296875 574.31524658203125 571.46783447265625 569.01336669921875 566.51727294921875 566.362060546875 567.171630859375 567.70172119140625 565.921875 568.1341552734375 568.5692138671875 568.92462158203125 569.40692138671875 569.593017578125 568.9779052734375 565.84100341796875 562.91070556640625 559.14410400390625 552.39300537109375 552.3446044921875 556.175048828125 554.244873046875 552.3828125 554.95843505859375 555.3179931640625 553.156005859375 552.26849365234375 550.1341552734375 548.24755859375 546.2510986328125 544.24822998046875 544.2677001953125 544.09893798828125 545.62713623046875
581.01885986328125 581.7469482421875 580.81463623046875 578.0189208984375 575.24322509765625 573.126708984375 572.2724609375 572.6707763671875 571.49102783203125 567.4539794921875 564.022705078125 565.9879150390625 571.44964599609375 575.945068359375 576.322265625 576.5723876953125 578.107666015625 579.2335205078125 578.53863525390625 575.476318359375 573.3404541015625 571.48150634765625 569.80560302734375 570.50537109375 572.28460693359375 572.4073486328125 570.18670654296875 569.1552734375 570.7728271484375 572.87579345703125 572.3004150390625 569.994873046875 569.79180908203125 567.892578125 562.90240478515625 557.05035400390625 554.47821044921875 556.3583984375 556.938232421875 555.228759765625 554.2991943359375 555.2310791015625 555.317626953125 552.360595703125 550.7509765625 550.5469970703125 548.990234375 546.09246826171875 544.3448486328125 545.3775634765625 543.7713623046875 545.10516357421875
578.2894287109375 578.234619140625 579.555908203125 579.6309814453125 577.32305908203125 576.9271240234375 578.0523681640625 576.87689208984375 572.8267822265625 569.65899658203125 572.1929931640625 575.3548583984375 576.94915771484375 579.42303466796875 580.84063720703125 580.92919921875 581.934326171875 581.9141845703125 580.128662109375 579.87860107421875 580.13946533203125 577.77008056640625 576.73492431640625 576.41259765625 575.861572265625 575.5128173828125 573.16973876953125 572.10406494140625 574.1497802734375 573.9891357421875 572.313720703125 570.4708251953125 570.20855712890625 565.655029296875 559.8013916015625 558.75762939453125 559.75244140625 561.3861083984375 560.89031982421875 558.41192626953125 556.00653076171875 554.83935546875 555.92742919921875 553.48516845703125 550.635986328125 551.281005859375 550.4044189453125 547.4967041015625 545.8568115234375 546.5704345703125 546.00714111328125 546.19073486328125
578.48345947265625 579.3760986328125 581.8856201171875 581.2735595703125 578.47698974609375 576.2784423828125 574.9520263671875 573.37152099609375 570.5499267578125 570.321533203125 576.62957763671875 581.14202880859375 581.3812255859375 583.05340576171875 584.049072265625 584.4571533203125 583.08258056640625 581.98614501953125 582.189453125 582.11480712890625 581.01513671875 579.158447265625 579.1375732421875 578.5589599609375 577.6463623046875 577.410400390625 576.71783447265625 576.57061767578125 575.2852783203125 574.148193359375 572.621337890625 571.73944091796875 570.48480224609375 564.87548828125 561.4617919921875 564.2799072265625 564.99005126953125 563.8548583984375 561.70880126953125 558.73333740234375 556.7320556640625 555.68157958984375 556.3465576171875 554.80694580078125 551.11859130859375 549.963623046875 549.568359375 549.13555908203125 550.0606689453125 551.21051025390625 551.09344482421875 550.6126708984375
584.089599609375 584.0526123046875 582.5078125 582.27264404296875 580.8985595703125 576.27203369140625 573.82940673828125 575.49493408203125 575.32568359375 574.16558837890625 577.6722412109375 582.930419921875 586.28253173828125 585.79156494140625 585.5069580078125 583.85113525390625 583.33367919921875 584.09320068359375 585.30352783203125 583.2718505859375 580.46905517578125 580.35699462890625 579.972412109375 579.5694580078125 579.14727783203125 579.32098388671875 579.55865478515625 578.4658203125 576.14959716796875 574.51702880859375 571.6884765625 570.66033935546875 566.3905029296875 562.825439453125 562.8131103515625 564.75494384765625 566.25225830078125 564.55889892578125 561.6888427734375 560.1441650390625 558.07464599609375 556.36248779296875 556.51153564453125 557.00164794921875 555.74114990234375 552.777587890625 551.32867431640625 552.54473876953125 555.8360595703125 556.05157470703125 553.96221923828125 551.88720703125
588.598876953125 586.52459716796875 584.09307861328125 584.047607421875 583.120849609375 579.280517578125 578.4202880859375 580.80010986328125 579.4141845703125 578.9000244140625 581.57489013671875 585.35333251953125 588.50701904296875 586.98382568359375 584.61590576171875 582.38934326171875 582.836669921875 583.8759765625 585.68377685546875 582.62799072265625 579.45050048828125 581.17095947265625 581.15069580078125 580.26275634765625 580.43463134765625 580.9254150390625 579.90032958984375 578.0552978515625 574.61590576171875 570.28582763671875 567.80963134765625 566.2430419921875 563.765625 562.76806640625 563.5853271484375 562.68707275390625 563.79022216796875 564.73858642578125 563.78753662109375 564.0614013671875 562.71923828125 558.9049072265625 555.8992919921875 556.06390380859375 557.1788330078125 555.04833984375 553.8192138671875 555.53363037109375 558.08856201171875 557.4190673828125 553.4964599609375 552.0621337890625
592.0946044921875 591.0855712890625 590.72869873046875 588.740966796875 585.8399658203125 583.21246337890625 582.84783935546875 584.92523193359375 584.4818115234375 584.677490234375 583.73663330078125 584.8499755859375 586.82269287109375 585.326416015625 586.72369384765625 586.16241455078125 585.39093017578125 585.15521240234375 587.1617431640625 584.35394287109375 580.85406494140625 583.27825927734375 584.77935791015625 584.57635498046875 583.66424560546875 581.65777587890625 578.23065185546875 574.497802734375 573.3065185546875 569.73956298828125 567.15216064453125 566.35125732421875 567.1649169921875 567.38116455078125 566.2918701171875 563.62322998046875 562.30712890625 562.27886962890625 562.68267822265625 565.13165283203125 564.8988037109375 562.88299560546875 558.64385986328125 556.32281494140625 557.091796875 556.3494873046875 556.15899658203125 557.4774169921875 558.49700927734375 557.9013671875 556.23046875 555.90643310546875
594.08428955078125 594.64678955078125 595.569091796875 593.07806396484375 590.58355712890625 588.03985595703125 587.2242431640625 588.4827880859375 589.1368408203125 587.8072509765625 582.3408203125 581.94549560546875 585.4351806640625 586.7481689453125 589.1358642578125 588.74578857421875 587.4891357421875 588.01483154296875 590.130615234375 587.8575439453125 584.00921630859375 585.6318359375 588.541259765625 587.7489013671875 585.05047607421875 580.41259765625 575.936767578125 574.41375732421875 575.9383544921875 572.95941162109375 569.22967529296875 568.7828369140625 570.93756103515625 571.74493408203125 569.63995361328125 566.4019775390625 564.21966552734375 562.250732421875 560.735107421875 561.551025390625 563.20635986328125 562.38336181640625 559.5938720703125 557.754638671875 559.762939453125 560.44940185546875 559.7703857421875 559.72137451171875 558.6522216796875 559.0125732421875 559.80303955078125 558.77264404296875
595.13629150390625 594.812255859375 595.38629150390625 595.45550537109375 594.19134521484375 593.04248046875 591.640869140625 589.90673828125 589.30352783203125 586.40362548828125 580.3154296875 579.09503173828125 586.0316162109375 588.35662841796875 588.0634765625 586.82391357421875 586.4908447265625 589.174560546875 591.29876708984375 589.341796875 586.57763671875 587.73529052734375 588.98590087890625 586.728759765625 582.68865966796875 577.7840576171875 576.18408203125 578.45684814453125 578.3602294921875 575.04150390625 571.33941650390625 569.40960693359375 570.41827392578125 571.3564453125 570.35491943359375 568.58392333984375 567.44915771484375 565.90191650390625 562.4910888671875 559.4002685546875 559.29205322265625 559.0416259765625 558.2734375 560.1409912109375 563.50762939453125 563.39599609375 562.17413330078125 560.4306640625 558.18182373046875 557.65838623046875 558.7537841796875 558.29888916015625
597.21588134765625 596.0076904296875 595.6243896484375 595.70294189453125 594.32659912109375 594.043212890625 591.49786376953125 588.365966796875 588.4764404296875 586.0999755859375 580.49456787109375 577.71441650390625 585.00115966796875 586.057373046875 585.49407958984375 584.560302734375 586.20697021484375 589.89117431640625 591.89471435546875 589.1044921875 586.57293701171875 588.89093017578125 589.2205810546875 585.95135498046875 580.987060546875 577.57427978515625 580.82659912109375 581.221923828125 579.941650390625 577.61676025390625 574.7659912109375 572.761962890625 571.66754150390625 570.62152099609375 569.7095947265625 569.5191650390625 569.890625 567.808349609375 564.1341552734375 560.2078857421875 558.0587158203125 559.206787109375 560.8863525390625 563.03338623046875 564.5897216796875 563.42529296875 562.010986328125 559.2208251953125 556.418701171875 557.76220703125 558.83428955078125 558.9930419921875
598.58111572265625 597.27294921875 596.14349365234375 596.08526611328125 595.04931640625 594.10205078125 592.4637451171875 590.7012939453125 589.0140380859375 587.52667236328125 584.50018310546875 583.05084228515625 587.4844970703125 586.5224609375 586.10455322265625 585.33251953125 587.52685546875 591.60272216796875 593.42449951171875 589.9013671875 587.2159423828125 588.91131591796875 588.81048583984375 585.57452392578125 580.8427734375 580.37005615234375 585.0343017578125 585.5546875 585.19512939453125 582.77239990234375 579.26922607421875 577.9794921875 575.6904296875 572.58685302734375 571.2208251953125 570.950927734375 570.618896484375 569.46075439453125 566.2510986328125 561.46441650390625 558.77044677734375 561.16741943359375 563.075927734375 564.365478515625 565.97088623046875 564.97119140625 563.8812255859375 560.83367919921875 558.4251708984375 560.6019287109375 561.45208740234375 560.2318115234375
600.47344970703125 599.46759033203125 598.31695556640625 596.82232666015625 596.41998291015625 594.79730224609375 594.31732177734375 593.7576904296875 590.53741455078125 588.38140869140625 590.29461669921875 589.3519287109375 592.142822265625 589.62335205078125 586.9119873046875 585.0311279296875 586.87176513671875 590.04443359375 591.73858642578125 589.23138427734375 587.6011962890625 589.41607666015625 589.335693359375 587.590087890625 581.21051025390625 579.835205078125 586.731689453125 587.886962890625 587.85150146484375 584.4583740234375 581.55859375 579.683349609375 578.256103515625 575.07110595703125 573.044189453125 572.75970458984375 572.37908935546875 571.2857666015625 567.74029541015625 563.41876220703125 564.19940185546875 566.9053955078125 566.74383544921875 566.6676025390625 567.8050537109375 567.51739501953125 566.4576416015625 562.69818115234375 559.27337646484375 560.52642822265625 560.99774169921875 560.6661376953125
601.38311767578125 599.62420654296875 599.78070068359375 599.1279296875 597.66766357421875 597.399169921875 597.08331298828125 597.0765380859375 595.45538330078125 593.1060791015625 592.56365966796875 588.43878173828125 592.302490234375 592.95294189453125 588.84600830078125 583.728271484375 585.84307861328125 589.93011474609375 590.86517333984375 589.09185791015625 588.64447021484375 589.8587646484375 589.92718505859375 587.85882568359375 581.95989990234375 579.49639892578125 585.9061279296875 587.929931640625 587.06781005859375 584.42755126953125 581.873291015625 580.88653564453125 580.0640869140625 579.37286376953125 577.27569580078125 576.5963134765625 574.91497802734375 571.9716796875 568.34735107421875 566.567138671875 568.95294189453125 571.01568603515625 570.00811767578125 568.6734619140625 568.5294189453125 567.55072021484375 567.26397705078125 564.73028564453125 562.264404296875 561.81878662109375 561.075927734375 560.56890869140625
601.761474609375 600.91925048828125 600.1109619140625 599.920166015625 597.76885986328125 597.059814453125 597.51385498046875 597.15093994140625 599.0386962890625 599.61676025390625 600.0557861328125 599.0032958984375 597.30908203125 596.58331298828125 591.906982421875 588.38739013671875 588.7489013671875 592.23199462890625 592.29302978515625 590.33660888671875 590.17230224609375 591.29144287109375 590.16021728515625 586.74090576171875 580.57830810546875 580.12353515625 583.7115478515625 584.294921875 582.84210205078125 581.91937255859375 581.72991943359375 581.35272216796875 581.08837890625 579.2200927734375 577.18255615234375 575.79498291015625 574.02459716796875 572.15606689453125 570.4776611328125 571.4755859375 573.32879638671875 572.4796142578125 571.9100341796875 570.9093017578125 569.62066650390625 568.0352783203125 566.505615234375 566.25390625 565.76922607421875 563.59820556640625 560.732177734375 560.94390869140625
602.1240234375 601.3914794921875 601.14422607421875 600.77142333984375 600.13873291015625 599.15789794921875 597.9283447265625 598.428955078125 601.79498291015625 601.53070068359375 602.47210693359375 603.15106201171875 601.63421630859375 598.60418701171875 592.89752197265625 592.23931884765625 591.49102783203125 590.3837890625 589.45135498046875 589.39569091796875 590.180908203125 589.70281982421875 587.95843505859375 583.3551025390625 579.8828125 581.6092529296875 585.64190673828125 585.45697021484375 582.79058837890625 581.55029296875 582.20782470703125 581.93267822265625 580.9871826171875 579.4212646484375 576.40771484375 573.00518798828125 571.2462158203125 571.81024169921875 573.0579833984375 573.84814453125 574.6748046875 573.0438232421875 572.832763671875 572.40240478515625 570.49005126953125 568.1331787109375 566.21563720703125 565.97198486328125 565.1427001953125 563.96868896484375 563.34124755859375 563.9039306640625
602.0560302734375 601.4581298828125 602.13824462890625 603.4561767578125 603.82757568359375 600.96246337890625 598.92510986328125 600.166748046875 602.01019287109375 602.044189453125 602.10223388671875 602.89178466796875 603.63055419921875 601.34515380859375 595.9918212890625 594.53131103515625 592.49560546875 590.0015869140625 589.3858642578125 590.57830810546875 590.90411376953125 589.079833984375 584.1702880859375 580.85986328125 581.488037109375 583.48779296875 585.37103271484375 586.96148681640625 585.4832763671875 583.679443359375 585.4449462890625 583.76898193359375 580.98968505859375 579.11529541015625 576.6142578125 572.5843505859375 569.97064208984375 570.97216796875 573.80950927734375 575.13623046875 575.34228515625 574.0152587890625 574.87933349609375 574.0181884765625 572.37030029296875 569.75927734375 566.176025390625 563.4049072265625 563.396240234375 563.5234375 564.31378173828125 564.4466552734375
603.55450439453125 603.34063720703125 605.4378662109375 606.25250244140625 604.453857421875 602.04119873046875 601.61041259765625 601.54998779296875 599.78369140625 599.0533447265625 600.48345947265625 600.60791015625 601.03912353515625 597.89361572265625 592.43646240234375 591.71063232421875 591.1917724609375 589.659912109375 590.447998046875 592.31396484375 592.781494140625 589.7545166015625 582.71429443359375 580.01617431640625 582.11676025390625 583.75885009765625 585.1917724609375 587.10858154296875 585.69549560546875 584.45977783203125 585.78570556640625 584.16131591796875 582.194580078125 579.756103515625 576.620849609375 573.47821044921875 571.77508544921875 574.04193115234375 577.03851318359375 577.14910888671875 575.7515869140625 574.847900390625 575.69915771484375 573.03851318359375 570.28271484375 567.5062255859375 563.8182373046875 562.1256103515625 561.80645751953125 562.8309326171875 563.9090576171875 564.72418212890625
