data/seasonprecip.asc
ncols        384
nrows        480
xllcorner    138.000000000000
yllcorner    -29.000000000000
cellsize     0.041666666667
NODATA_value -9999
[rows 308 to 329 of 480, columns 250 to 299 of 384]
76.598114013671875 65.178070068359375 64.09824371337890625 65.606781005859375 65.638153076171875 69.70733642578125 69.21855926513671875 67.99532318115234375 67.79347991943359375 68.63037872314453125 69.224029541015625 74.05919647216796875 68.05022430419921875 63.64202117919921875 65.99399566650390625 67.71616363525390625 80.1189422607421875 73.842987060546875 72.2476959228515625 73.20400238037109375 75.87078094482421875 78.9447784423828125 78.9609375 72.00257110595703125 67.1182098388671875 64.9333648681640625 -9999 -9999 -9999 -9999 -9999 -9999 -9999 75.94493865966796875 -9999 -9999 -9999 -9999 -9999 -9999 -9999 -9999 -9999 -9999 -9999 -9999 -9999 -9999 -9999 -9999
67.8634490966796875 75.145904541015625 65.73822021484375 66.32582855224609375 68.44013214111328125 69.3773651123046875 84.61371612548828125 85.5340118408203125 64.2079315185546875 67.135040283203125 69.5024871826171875 66.144195556640625 65.5966796875 69.4393310546875 65.84903717041015625 64.0577545166015625 64.999969482421875 70.00616455078125 82.17327117919921875 70.41707611083984375 75.3794403076171875 76.45740509033203125 77.6352996826171875 72.5775604248046875 67.42889404296875 76.293304443359375 -9999 -9999 -9999 -9999 -9999 -9999 -9999 -9999 -9999 -9999 -9999 -9999 -9999 -9999 -9999 -9999 -9999 -9999 -9999 -9999 -9999 -9999 -9999 -9999
63.73175811767578125 77.304931640625 65.96656036376953125 68.45184326171875 72.02471923828125 76.4251861572265625 83.672149658203125 86.2204742431640625 72.3089141845703125 65.4327239990234375 76.84105682373046875 71.19017791748046875 70.9511566162109375 72.1780853271484375 72.67641448974609375 66.057769775390625 76.0344696044921875 78.81417083740234375 79.1616058349609375 70.78743743896484375 74.79730224609375 76.3881072998046875 75.64089202880859375 75.84386444091796875 70.7311859130859375 65.44771575927734375 -9999 -9999 -9999 68.43549346923828125 -9999 -9999 -9999 -9999 -9999 -9999 -9999 -9999 -9999 -9999 75.65103912353515625 -9999 -9999 -9999 -9999 -9999 -9999 -9999 -9999 -9999
69.20572662353515625 71.68735504150390625 65.60601043701171875 64.8350372314453125 73.96703338623046875 66.96028900146484375 79.04683685302734375 83.02022552490234375 87.31696319580078125 68.41320037841796875 68.87831878662109375 67.7165374755859375 68.6909332275390625 68.746246337890625 65.22643280029296875 66.54120635986328125 77.4966888427734375 75.26438140869140625 65.3753662109375 78.55925750732421875 73.5541229248046875 73.36359405517578125 71.6627044677734375 77.3840484619140625 70.465545654296875 69.45218658447265625 -9999 70.02429962158203125 -9999 72.260894775390625 70.668914794921875 -9999 -9999 72.7630615234375 76.41558074951171875 69.6880950927734375 -9999 -9999 -9999 -9999 -9999 63.41851043701171875 67.30706024169921875 -9999 -9999 -9999 -9999 -9999 -9999 -9999
81.03745269775390625 64.52019500732421875 80.03267669677734375 77.34532928466796875 77.02422332763671875 87.86782073974609375 82.4808197021484375 64.9284820556640625 67.77716064453125 63.279537200927734375 67.95897674560546875 66.6489715576171875 66.264129638671875 66.139862060546875 65.43856048583984375 65.74017333984375 66.72586822509765625 65.24866485595703125 69.2732086181640625 79.05147552490234375 74.34113311767578125 71.02861785888671875 70.79776763916015625 73.6253814697265625 72.6260223388671875 71.43131256103515625 70.9603118896484375 -9999 -9999 -9999 -9999 -9999 -9999 -9999 66.89803314208984375 -9999 -9999 79.91168975830078125 -9999 -9999 -9999 -9999 -9999 -9999 -9999 -9999 69.61822509765625 69.3000946044921875 75.0825653076171875 -9999
97.70415496826171875 84.2755126953125 80.43849945068359375 75.7800750732421875 66.43670654296875 67.9026641845703125 66.602508544921875 66.23343658447265625 63.860317230224609375 63.385417938232421875 65.581085205078125 66.54785919189453125 66.4700164794921875 65.82816314697265625 63.929473876953125 63.79044342041015625 63.304653167724609375 66.1753082275390625 68.09051513671875 72.6435699462890625 75.699188232421875 71.77017974853515625 72.38953399658203125 74.513671875 77.29796600341796875 69.41513824462890625 66.48751068115234375 -9999 -9999 -9999 -9999 -9999 -9999 -9999 -9999 65.42063140869140625 -9999 -9999 -9999 -9999 -9999 -9999 -9999 -9999 -9999 -9999 -9999 -9999 -9999 -9999
75.5001220703125 64.70941162109375 81.41695404052734375 86.662506103515625 65.1043548583984375 66.29346466064453125 66.88970947265625 65.80135345458984375 64.66091156005859375 63.92193603515625 64.42053985595703125 63.9082489013671875 65.23897552490234375 65.8541107177734375 65.44893646240234375 62.57611846923828125 63.51834869384765625 65.8252716064453125 66.4215240478515625 67.72016143798828125 73.554595947265625 72.4114227294921875 70.736175537109375 71.88404083251953125 70.5285797119140625 73.13945770263671875 64.62122344970703125 70.59061431884765625 -9999 -9999 -9999 -9999 -9999 -9999 75.95162200927734375 66.08051300048828125 -9999 56.609462738037109375 62.616138458251953125 -9999 -9999 -9999 -9999 -9999 -9999 -9999 -9999 -9999 -9999 -9999
60.1823272705078125 63.497447967529296875 63.363941192626953125 64.63568115234375 64.22824859619140625 64.72594451904296875 64.86588287353515625 66.73082733154296875 65.39594268798828125 64.97924041748046875 65.48075103759765625 64.46717071533203125 64.173065185546875 63.40074920654296875 64.35797882080078125 66.6157684326171875 64.8253631591796875 63.557712554931640625 65.7358551025390625 64.715728759765625 74.6782684326171875 78.401336669921875 73.51567840576171875 72.13525390625 71.87290191650390625 70.92479705810546875 64.546051025390625 66.700897216796875 70.90425872802734375 -9999 -9999 -9999 -9999 -9999 65.57848358154296875 68.08451080322265625 69.521331787109375 66.0089111328125 68.32909393310546875 66.49725341796875 -9999 -9999 -9999 -9999 -9999 -9999 -9999 -9999 -9999 -9999
60.758209228515625 59.93090057373046875 61.506481170654296875 62.2446136474609375 62.22818756103515625 63.14066314697265625 64.34546661376953125 65.83980560302734375 66.8533935546875 65.371856689453125 64.84291839599609375 64.0656280517578125 63.9896697998046875 64.26558685302734375 65.77878570556640625 64.18548583984375 63.884311676025390625 62.66131591796875 61.97576141357421875 65.21630096435546875 66.99243927001953125 73.3417205810546875 74.2486419677734375 69.63503265380859375 70.8535003662109375 70.9069671630859375 63.262542724609375 62.51384735107421875 -9999 -9999 -9999 -9999 -9999 -9999 69.9213409423828125 68.77655792236328125 67.35305023193359375 69.845367431640625 75.7253265380859375 69.19530487060546875 64.76735687255859375 -9999 -9999 -9999 -9999 -9999 -9999 -9999 -9999 -9999
60.12895965576171875 62.14324188232421875 61.11878204345703125 62.167720794677734375 62.630603790283203125 62.20361328125 64.8044281005859375 65.09265899658203125 65.742584228515625 65.6068572998046875 63.247913360595703125 62.733005523681640625 63.1780548095703125 63.868495941162109375 66.05272674560546875 62.767589569091796875 63.657867431640625 65.8548583984375 64.93524169921875 67.7640838623046875 69.75719451904296875 76.0490264892578125 73.45737457275390625 72.019775390625 71.99323272705078125 72.70415496826171875 67.0001373291015625 63.25399017333984375 -9999 -9999 -9999 -9999 -9999 -9999 67.0728912353515625 66.275238037109375 69.92395782470703125 71.0111083984375 70.008392333984375 61.92010498046875 61.828907012939453125 -9999 -9999 -9999 67.78137969970703125 70.5796051025390625 -9999 -9999 63.481906890869140625 63.606639862060546875
62.4474334716796875 60.666629791259765625 62.405124664306640625 69.02677154541015625 75.368377685546875 61.864795684814453125 62.295124053955078125 65.52652740478515625 64.6915435791015625 65.4367828369140625 62.793018341064453125 63.103954315185546875 63.525775909423828125 63.009830474853515625 64.10602569580078125 62.9078826904296875 63.209320068359375 67.43465423583984375 63.986217498779296875 66.80472564697265625 71.0497283935546875 73.1645660400390625 70.9601287841796875 74.362701416015625 76.26821136474609375 75.804351806640625 68.95865631103515625 67.263397216796875 65.75385284423828125 -9999 -9999 -9999 -9999 -9999 -9999 62.8174896240234375 66.6970672607421875 63.99597930908203125 65.546173095703125 72.62418365478515625 72.1489715576171875 64.56659698486328125 -9999 69.73235321044921875 -9999 -9999 -9999 -9999 69.61469268798828125 65.9174652099609375
63.232646942138671875 61.542816162109375 59.976543426513671875 60.201465606689453125 72.07505035400390625 60.811740875244140625 62.4146270751953125 62.057941436767578125 65.4829864501953125 63.40796661376953125 64.2641754150390625 64.14825439453125 62.0161285400390625 63.66806793212890625 65.35440826416015625 65.25023651123046875 63.3994598388671875 64.339874267578125 65.77082061767578125 65.6314697265625 73.86905670166015625 71.59685516357421875 76.87635040283203125 76.492431640625 74.1673736572265625 66.5348358154296875 65.68181610107421875 66.11896514892578125 66.91442108154296875 66.224761962890625 -9999 -9999 -9999 -9999 -9999 -9999 68.367767333984375 66.69622039794921875 64.68235015869140625 69.51544189453125 74.72794342041015625 67.7012786865234375 64.9924163818359375 -9999 -9999 -9999 -9999 -9999 70.3297119140625 64.4853515625
60.5576324462890625 62.6829681396484375 59.17011260986328125 58.609485626220703125 58.9566192626953125 59.858615875244140625 60.663211822509765625 61.191287994384765625 63.7401275634765625 62.807285308837890625 62.758022308349609375 64.342987060546875 64.20040130615234375 62.722503662109375 62.730640411376953125 63.567317962646484375 64.44358062744140625 64.02829742431640625 65.295806884765625 64.897918701171875 70.814453125 72.11721038818359375 76.1729583740234375 71.9304351806640625 66.96001434326171875 66.55260467529296875 69.6668853759765625 71.46407318115234375 64.06914520263671875 68.072265625 69.11196136474609375 67.5110321044921875 68.75955963134765625 -9999 -9999 -9999 66.02285003662109375 69.48249053955078125 65.68918609619140625 64.57198333740234375 73.36978912353515625 71.5894622802734375 67.7377471923828125 -9999 59.42142486572265625 -9999 -9999 -9999 -9999 63.79241943359375
59.572223663330078125 61.34186553955078125 60.333171844482421875 57.099750518798828125 60.5334625244140625 60.968395233154296875 58.57347869873046875 72.2615509033203125 67.746673583984375 65.7777862548828125 62.132350921630859375 64.09018707275390625 63.65547943115234375 63.89177703857421875 63.959972381591796875 63.62653350830078125 63.530094146728515625 65.05397796630859375 65.6395416259765625 61.673625946044921875 69.429473876953125 71.49906158447265625 77.44805145263671875 76.59299468994140625 68.21775054931640625 64.9461517333984375 65.75652313232421875 65.837371826171875 65.38561248779296875 65.825958251953125 67.47906494140625 64.9561767578125 64.8834075927734375 65.41666412353515625 63.73503875732421875 -9999 65.9268341064453125 66.24840545654296875 62.16368865966796875 66.00798797607421875 65.65288543701171875 65.02422332763671875 65.55689239501953125 65.97335052490234375 67.86650848388671875 65.35303497314453125 -9999 -9999 -9999 -9999
61.50608062744140625 61.600307464599609375 61.454463958740234375 59.466648101806640625 62.55487823486328125 61.86737060546875 58.6701812744140625 63.260162353515625 62.45223236083984375 61.762729644775390625 61.543224334716796875 63.224788665771484375 63.93575286865234375 64.72162628173828125 62.846588134765625 61.707439422607421875 61.913604736328125 63.44545745849609375 63.606578826904296875 64.45960235595703125 60.840389251708984375 65.61064910888671875 67.8444061279296875 77.512847900390625 69.239654541015625 66.1761016845703125 65.09313201904296875 65.84671783447265625 66.49770355224609375 65.68827056884765625 65.5543212890625 64.040802001953125 66.286102294921875 62.58840179443359375 67.76953125 -9999 63.73746490478515625 63.98279571533203125 66.55055999755859375 66.46396636962890625 69.52931976318359375 64.84319305419921875 68.2979583740234375 72.58023834228515625 71.41770172119140625 67.60810089111328125 66.78919219970703125 -9999 -9999 -9999
60.668731689453125 59.796051025390625 60.949344635009765625 60.34604644775390625 69.5403900146484375 65.21762847900390625 59.83057403564453125 60.505645751953125 61.4455718994140625 60.0432586669921875 60.621555328369140625 61.4727630615234375 61.881099700927734375 61.17937469482421875 64.1200408935546875 60.811122894287109375 62.13800811767578125 61.7959442138671875 63.16292572021484375 62.900482177734375 63.05161285400390625 61.42159271240234375 64.315277099609375 68.2160186767578125 76.5745391845703125 67.906280517578125 66.6590576171875 70.47147369384765625 65.6422271728515625 66.190216064453125 68.402557373046875 64.08713531494140625 63.77985382080078125 66.4542236328125 65.8229827880859375 69.982574462890625 -9999 62.369655609130859375 60.77594757080078125 63.27156829833984375 64.0051422119140625 64.1989898681640625 63.901226043701171875 69.3584136962890625 69.2074432373046875 70.69171142578125 63.524204254150390625 65.04730224609375 -9999 -9999
61.19171905517578125 63.4151153564453125 66.3347625732421875 66.8655853271484375 64.951690673828125 61.4934539794921875 64.99275970458984375 65.15612030029296875 67.2561798095703125 60.966815948486328125 61.348384857177734375 59.32074737548828125 60.38758087158203125 60.427394866943359375 60.728076934814453125 62.611297607421875 64.0482330322265625 62.713375091552734375 61.24379730224609375 63.358943939208984375 60.17588043212890625 64.37554168701171875 64.55028533935546875 64.1315765380859375 77.42850494384765625 68.2951812744140625 66.46103668212890625 67.63941192626953125 64.9501190185546875 67.9865875244140625 63.14202117919921875 63.93410491943359375 61.679473876953125 62.00440216064453125 66.256011962890625 66.03856658935546875 67.02960968017578125 63.906192779541015625 62.878208160400390625 59.94873046875 61.306430816650390625 59.585468292236328125 64.55951690673828125 68.52674102783203125 68.95366668701171875 62.4605255126953125 61.943477630615234375 64.85507965087890625 63.855510711669921875 62.07599639892578125
67.409912109375 63.007884979248046875 63.124759674072265625 63.640899658203125 64.550994873046875 64.0858001708984375 83.93029022216796875 74.23653411865234375 69.95600128173828125 59.5828399658203125 59.509075164794921875 60.54477691650390625 61.515995025634765625 60.80593109130859375 60.28041839599609375 61.710659027099609375 61.061878204345703125 61.345928192138671875 62.527927398681640625 63.094654083251953125 66.24799346923828125 64.7152557373046875 64.47509765625 62.514713287353515625 75.2411041259765625 73.289825439453125 64.06813812255859375 62.519805908203125 62.461872100830078125 62.556255340576171875 62.2896881103515625 64.0689849853515625 66.63874053955078125 65.3045654296875 65.054443359375 69.0718231201171875 67.56854248046875 63.086750030517578125 65.21898651123046875 61.8783111572265625 61.13045501708984375 64.30663299560546875 64.684051513671875 67.64163970947265625 64.847320556640625 59.960803985595703125 60.629161834716796875 62.971431732177734375 62.457477569580078125 66.8131561279296875
59.652835845947265625 61.42975616455078125 61.739894866943359375 61.636074066162109375 61.46851348876953125 62.818607330322265625 73.80857086181640625 67.3343658447265625 62.052227020263671875 61.3941802978515625 60.028125762939453125 61.581554412841796875 64.36875152587890625 64.16634368896484375 61.76842498779296875 59.515193939208984375 61.230579376220703125 59.202098846435546875 61.5850982666015625 60.230503082275390625 61.398174285888671875 61.575260162353515625 63.040435791015625 63.979434967041015625 70.80995941162109375 69.15790557861328125 61.15167999267578125 63.174541473388671875 61.49547576904296875 61.05086517333984375 59.575664520263671875 62.720363616943359375 62.225986480712890625 62.774654388427734375 65.9372100830078125 70.32723236083984375 63.594512939453125 64.65869140625 67.32759857177734375 62.8531646728515625 73.66909027099609375 68.89865875244140625 64.04373931884765625 67.87033843994140625 63.478443145751953125 59.226955413818359375 59.522380828857421875 61.62303924560546875 60.976543426513671875 64.85211944580078125
57.663043975830078125 60.583972930908203125 61.83280181884765625 61.366092681884765625 60.264690399169921875 60.6265106201171875 62.752323150634765625 63.131305694580078125 61.438976287841796875 60.211658477783203125 62.100315093994140625 61.04201507568359375 61.87334442138671875 63.127445220947265625 64.148651123046875 60.141918182373046875 62.195098876953125 60.532199859619140625 62.015872955322265625 62.87994384765625 62.190570831298828125 64.0085906982421875 64.213897705078125 65.1370086669921875 69.558197021484375 69.97208404541015625 61.948207855224609375 59.86267852783203125 63.345691680908203125 61.961429595947265625 64.483856201171875 60.32149505615234375 61.6846160888671875 64.07691192626953125 65.4366302490234375 66.90593719482421875 61.310924530029296875 61.936237335205078125 67.0137786865234375 60.2521514892578125 67.639495849609375 71.27632904052734375 66.090301513671875 66.72674560546875 61.66867828369140625 58.880435943603515625 59.60408782958984375 61.407684326171875 62.775653839111328125 59.458126068115234375
56.927043914794921875 58.4173126220703125 59.596637725830078125 60.1522369384765625 61.94322967529296875 60.7615509033203125 63.1659393310546875 59.667530059814453125 58.97440338134765625 59.994533538818359375 61.06787872314453125 63.07526397705078125 63.0964813232421875 61.99027252197265625 61.7201690673828125 58.9880218505859375 59.645786285400390625 63.24945068359375 62.711212158203125 61.916439056396484375 63.27783966064453125 64.46263885498046875 63.732791900634765625 64.6584930419921875 64.85640716552734375 66.962310791015625 61.512577056884765625 61.31983184814453125 63.4481353759765625 60.940242767333984375 61.0483245849609375 59.92797088623046875 61.9580535888671875 63.432010650634765625 68.11171722412109375 64.05279541015625 64.6693572998046875 64.109710693359375 64.50679779052734375 62.02826690673828125 60.628124237060546875 67.2874755859375 68.68291473388671875 72.851287841796875 68.582000732421875 66.68296051025390625 59.428981781005859375 60.0383148193359375 61.13831329345703125 60.8248748779296875
57.523097991943359375 57.855884552001953125 58.2256927490234375 58.808628082275390625 60.943271636962890625 61.112941741943359375 60.6577911376953125 57.6155548095703125 57.204067230224609375 60.853519439697265625 62.1109619140625 60.332996368408203125 60.947662353515625 64.6289215087890625 63.3369903564453125 63.330440521240234375 61.105865478515625 60.411342620849609375 62.7073516845703125 59.784679412841796875 60.20189666748046875 62.524444580078125 63.7780609130859375 62.006134033203125 64.30460357666015625 60.86383819580078125 61.363956451416015625 58.4700775146484375 59.9963226318359375 62.48416900634765625 62.102626800537109375 61.476406097412109375 68.43329620361328125 65.48224639892578125 65.11182403564453125 64.81098175048828125 64.93628692626953125 60.558917999267578125 61.325702667236328125 61.06230926513671875 63.345310211181640625 64.8287200927734375 68.4225616455078125 66.8974151611328125 68.15674591064453125 68.63245391845703125 69.90418243408203125 65.66666412353515625 60.783596038818359375 62.345226287841796875
