data/seasonprecip.asc
ncols        384
nrows        480
xllcorner    138.000000000000
yllcorner    -29.000000000000
cellsize     0.041666666667
NODATA_value -9999
[rows 396 to 417 of 480, columns 50 to 99 of 384]
57.33858489990234375 60.53925323486328125 62.240184783935546875 64.14469146728515625 65.13297271728515625 64.22971343994140625 64.83901214599609375 65.58481597900390625 65.34848785400390625 66.01800537109375 65.0873565673828125 65.09790802001953125 66.0631103515625 66.69773101806640625 65.7836456298828125 61.74419403076171875 67.3192596435546875 67.35794830322265625 68.05709075927734375 65.3492889404296875 65.3123016357421875 63.279933929443359375 61.784275054931640625 60.371616363525390625 58.245147705078125 57.871974945068359375 57.702373504638671875 56.615314483642578125 55.5112457275390625 53.736469268798828125 51.698139190673828125 51.1669464111328125 49.51331329345703125 49.76244354248046875 51.345149993896484375 51.987262725830078125 50.762874603271484375 52.61590576171875 54.045803070068359375 56.473995208740234375 60.12332916259765625 63.436916351318359375 66.94338226318359375 66.65569305419921875 66.81893157958984375 70.637237548828125 70.16414642333984375 68.513885498046875 67.31391143798828125 65.06122589111328125
58.28368377685546875 61.197040557861328125 61.999805450439453125 63.702205657958984375 63.608264923095703125 64.4177703857421875 64.76760101318359375 66.085113525390625 66.060455322265625 65.9379425048828125 66.2733306884765625 65.89340972900390625 66.483917236328125 68.031219482421875 69.125946044921875 69.2238922119140625 69.52648162841796875 68.09796142578125 67.9394073486328125 65.6427001953125 64.6979217529296875 63.56793212890625 62.332088470458984375 60.23030853271484375 57.21875 57.9181671142578125 57.595184326171875 57.398548126220703125 56.210430145263671875 52.49092864990234375 52.057285308837890625 51.398834228515625 51.5947723388671875 49.766994476318359375 49.701702117919921875 50.901386260986328125 50.45182037353515625 53.72983551025390625 54.792316436767578125 58.023906707763671875 61.043975830078125 62.0125885009765625 64.51360321044921875 64.02032470703125 66.0438079833984375 66.67087554931640625 67.43038177490234375 68.20374298095703125 67.12738037109375 67.98932647705078125
61.7969512939453125 61.841907501220703125 60.73061370849609375 61.590167999267578125 61.57006072998046875 63.514858245849609375 64.1354522705078125 65.43474578857421875 67.002227783203125 67.40130615234375 66.4814300537109375 65.88050079345703125 66.2273101806640625 64.2776336669921875 69.10726165771484375 71.3435516357421875 69.72118377685546875 68.7913055419921875 68.34346771240234375 66.48625946044921875 64.55511474609375 63.1099395751953125 61.875431060791015625 60.8992462158203125 59.651958465576171875 58.587985992431640625 57.433719635009765625 56.50075531005859375 55.54721832275390625 53.01287078857421875 51.520191192626953125 50.141845703125 50.25008392333984375 49.3930816650390625 50.27091217041015625 51.583889007568359375 51.748119354248046875 53.658252716064453125 55.570781707763671875 57.66828155517578125 58.49044036865234375 62.1844635009765625 62.292797088623046875 63.1654815673828125 63.71942138671875 67.15335845947265625 68.60296630859375 69.08648681640625 67.2756500244140625 67.934661865234375
60.019611358642578125 59.59580230712890625 58.940792083740234375 57.711521148681640625 61.439723968505859375 63.461956024169921875 64.59232330322265625 66.2551422119140625 66.7545166015625 66.34589385986328125 65.9571075439453125 64.88471221923828125 66.34864044189453125 68.2156982421875 70.74929046630859375 72.32445526123046875 70.38422393798828125 70.195404052734375 69.5698394775390625 65.8667755126953125 63.93939208984375 63.1099395751953125 61.786346435546875 60.767902374267578125 59.495624542236328125 58.5748748779296875 57.2890777587890625 56.270397186279296875 54.7730712890625 53.23351287841796875 53.35901641845703125 51.66016387939453125 51.93654632568359375 50.92661285400390625 51.3619537353515625 51.182891845703125 50.93399810791015625 54.301769256591796875 54.8232879638671875 55.816852569580078125 57.40082550048828125 59.505401611328125 60.938404083251953125 62.58254241943359375 62.78064727783203125 64.14031982421875 67.41297149658203125 68.62448883056640625 67.94312286376953125 66.04920196533203125
59.87534332275390625 60.066249847412109375 60.1307525634765625 59.8543701171875 58.23232269287109375 62.937225341796875 63.075649261474609375 64.24085235595703125 64.23382568359375 63.314510345458984375 63.706203460693359375 63.213817596435546875 66.52518463134765625 67.46907806396484375 70.718292236328125 73.206298828125 71.90877532958984375 70.195404052734375 69.5698394775390625 65.191741943359375 63.93939208984375 63.343036651611328125 61.1303253173828125 61.092220306396484375 58.841289520263671875 58.10109710693359375 56.210430145263671875 55.755157470703125 54.3699493408203125 53.3736572265625 53.066226959228515625 51.93654632568359375 52.151546478271484375 50.7214508056640625 50.63694000244140625 50.996307373046875 51.633281707763671875 53.908367156982421875 54.165340423583984375 55.1818084716796875 55.931262969970703125 58.656280517578125 59.284610748291015625 61.167865753173828125 62.082767486572265625 64.07997894287109375 65.14257049560546875 66.18997955322265625 68.558197021484375 65.3773651123046875
59.15670013427734375 59.85223388671875 59.591411590576171875 59.61324310302734375 59.332088470458984375 55.898693084716796875 57.25634765625 58.05948638916015625 60.184337615966796875 59.35868072509765625 61.11051177978515625 62.8755035400390625 65.86470794677734375 67.85677337646484375 69.90877532958984375 70.51361846923828125 70.51361846923828125 68.813018798828125 65.6351470947265625 64.3955841064453125 63.756694793701171875 62.776317596435546875 62.187168121337890625 60.3851165771484375 59.37921142578125 57.82421875 56.62163543701171875 56.269481658935546875 54.451580047607421875 52.83330535888671875 53.215976715087890625 54.010761260986328125 51.44780731201171875 52.17481231689453125 52.6941070556640625 51.82514190673828125 52.60321044921875 53.793422698974609375 53.619903564453125 55.489337921142578125 55.14192962646484375 57.2740936279296875 58.49097442626953125 60.37952423095703125 61.0452423095703125 61.650562286376953125 62.928478240966796875 63.153209686279296875 64.49433135986328125 63.52210235595703125
56.8315582275390625 57.51753997802734375 58.52400970458984375 56.721508026123046875 52.478031158447265625 57.2268218994140625 60.08695220947265625 61.740245819091796875 61.47235107421875 62.942264556884765625 65.09543609619140625 65.90229034423828125 66.53057861328125 67.398681640625 69.1074371337890625 68.0967559814453125 68.7503509521484375 68.15670013427734375 64.86998748779296875 64.73311614990234375 62.68242645263671875 61.621063232421875 61.0367279052734375 59.7528076171875 59.128559112548828125 58.22314453125 57.506389617919921875 56.86336517333984375 55.564365386962890625 55.033824920654296875 54.010761260986328125 54.010761260986328125 52.9031524658203125 53.156230926513671875 51.975910186767578125 52.679416656494140625 52.542938232421875 52.8662567138671875 53.588733673095703125 53.440586090087890625 54.614505767822265625 56.01275634765625 57.88416290283203125 58.257648468017578125 59.019306182861328125 59.27371978759765625 60.420719146728515625 62.072933197021484375 63.30110931396484375 62.65590667724609375
54.169834136962890625 55.340999603271484375 55.93023681640625 53.8964691162109375 48.81329345703125 51.128940582275390625 56.127773284912109375 54.944736480712890625 61.3569793701171875 62.6317596435546875 63.39060211181640625 64.01956939697265625 65.23691558837890625 66.23493194580078125 66.98773193359375 64.9941558837890625 66.2899017333984375 66.89064788818359375 64.9871826171875 63.4702606201171875 62.266071319580078125 61.667308807373046875 61.44388580322265625 60.199626922607421875 58.743808746337890625 58.236080169677734375 57.709079742431640625 55.2213134765625 54.869739532470703125 54.310474395751953125 53.217594146728515625 53.48848724365234375 54.1419830322265625 53.32630157470703125 52.863861083984375 53.02632904052734375 53.06324005126953125 53.784877777099609375 54.60424041748046875 54.10834503173828125 54.3607940673828125 56.24419403076171875 57.502475738525390625 56.00970458984375 57.386714935302734375 58.291988372802734375 59.75930023193359375 61.137477874755859375 61.268978118896484375 61.012775421142578125
51.76685333251953125 53.84313201904296875 55.241817474365234375 54.082553863525390625 50.27733612060546875 53.460254669189453125 51.128940582275390625 48.13579559326171875 49.835376739501953125 52.36157989501953125 54.216892242431640625 62.181385040283203125 63.687694549560546875 64.8885650634765625 65.60515594482421875 64.95590972900390625 65.05948638916015625 65.14534759521484375 64.918487548828125 64.1154632568359375 62.670856475830078125 62.387920379638671875 59.915882110595703125 58.561473846435546875 58.8293304443359375 57.30193328857421875 56.46898651123046875 55.52869415283203125 54.9832763671875 53.897937774658203125 52.970195770263671875 52.718227386474609375 52.655979156494140625 52.93206787109375 52.49498748779296875 52.892482757568359375 51.746776580810546875 53.02498626708984375 53.383396148681640625 52.447845458984375 53.101467132568359375 54.87493133544921875 55.41216278076171875 56.269481658935546875 56.925994873046875 58.164493560791015625 59.01663970947265625 59.058444976806640625 60.568737030029296875 60.521697998046875
51.244106292724609375 50.514827728271484375 52.196315765380859375 53.96985626220703125 54.26446533203125 54.30213165283203125 56.15749359130859375 53.743724822998046875 54.99485015869140625 54.714603424072265625 58.2938079833984375 61.465595245361328125 62.682342529296875 62.286163330078125 63.68907928466796875 62.712192535400390625 64.46109771728515625 62.615497589111328125 62.801052093505859375 63.273681640625 63.1344451904296875 61.2948150634765625 60.118167877197265625 59.07659912109375 59.07659912109375 56.98232269287109375 56.256366729736328125 55.25577545166015625 55.02813720703125 54.831035614013671875 54.831035614013671875 54.2560882568359375 54.26044464111328125 52.981647491455078125 53.117431640625 52.8375091552734375 52.8774566650390625 52.909572601318359375 53.413669586181640625 53.37239837646484375 54.18379974365234375 53.983921051025390625 54.8343963623046875 55.547206878662109375 55.547206878662109375 56.575298309326171875 58.143764495849609375 58.682453155517578125 59.475925445556640625 60.461399078369140625
48.875560760498046875 48.956958770751953125 50.79187774658203125 51.185573577880859375 52.02951812744140625 52.695400238037109375 54.583160400390625 56.15749359130859375 56.036895751953125 57.77768707275390625 58.135471343994140625 59.578765869140625 61.237537384033203125 61.331485748291015625 62.342197418212890625 61.964385986328125 62.73486328125 60.5550689697265625 60.917514801025390625 61.41286468505859375 61.21692657470703125 60.264568328857421875 59.579471588134765625 59.5055389404296875 58.433544158935546875 58.433544158935546875 56.243865966796875 55.863224029541015625 55.49034881591796875 55.718170166015625 53.639606475830078125 52.938442230224609375 53.09011077880859375 53.561450958251953125 53.09902191162109375 52.3961029052734375 53.17913055419921875 52.55704498291015625 53.81571197509765625 53.9800872802734375 53.05892181396484375 53.959079742431640625 54.41497039794921875 54.451580047607421875 56.609241485595703125 56.889720916748046875 58.23016357421875 57.56587982177734375 57.724468231201171875 58.306941986083984375
47.861339569091796875 47.95439910888671875 47.256195068359375 50.407566070556640625 51.101993560791015625 50.85166168212890625 52.88443756103515625 53.943004608154296875 54.850818634033203125 55.39588165283203125 57.77768707275390625 59.4861297607421875 60.1141357421875 60.42902374267578125 59.766239166259765625 60.8836212158203125 61.74948883056640625 61.689014434814453125 60.5550689697265625 61.41286468505859375 61.139434814453125 60.802631378173828125 59.543720245361328125 58.20165252685546875 58.891269683837890625 57.264690399169921875 56.80715179443359375 56.594623565673828125 55.49034881591796875 55.628490447998046875 54.172824859619140625 53.601566314697265625 53.018962860107421875 53.399456024169921875 53.399456024169921875 52.599918365478515625 52.812892913818359375 52.671199798583984375 52.915065765380859375 54.29973602294921875 53.77614593505859375 53.27526092529296875 54.412448883056640625 55.145198822021484375 55.84540557861328125 56.291828155517578125 56.615314483642578125 57.063648223876953125 57.271671295166015625 57.56587982177734375
45.489757537841796875 47.3515777587890625 44.797000885009765625 43.931079864501953125 50.776943206787109375 50.25855255126953125 50.680828094482421875 51.77812957763671875 53.943004608154296875 54.68536376953125 55.39588165283203125 57.004482269287109375 58.85198211669921875 57.832141876220703125 59.45017242431640625 60.684246063232421875 61.081180572509765625 60.30226898193359375 60.57501983642578125 60.47972869873046875 60.47972869873046875 60.083484649658203125 60.421092987060546875 57.879184722900390625 57.977146148681640625 57.20775604248046875 56.60870361328125 56.427867889404296875 56.446758270263671875 55.19649505615234375 55.350124359130859375 55.309047698974609375 54.722751617431640625 53.437229156494140625 54.436061859130859375 54.436061859130859375 53.437229156494140625 53.108600616455078125 52.895416259765625 54.65772247314453125 53.05892181396484375 53.05892181396484375 53.709442138671875 53.9146881103515625 55.38419342041015625 56.17403411865234375 56.17403411865234375 56.615314483642578125 57.171783447265625 57.103473663330078125
44.62236785888671875 46.426387786865234375 45.277950286865234375 44.82955169677734375 47.916042327880859375 49.093257904052734375 51.2306671142578125 51.723323822021484375 51.490692138671875 53.651630401611328125 54.594654083251953125 56.185474395751953125 56.7412109375 59.076202392578125 57.736942291259765625 58.992290496826171875 60.001346588134765625 59.937530517578125 60.587139129638671875 59.524272918701171875 59.853084564208984375 59.838405609130859375 58.37775421142578125 57.561492919921875 57.279754638671875 57.521327972412109375 57.1680145263671875 55.356922149658203125 55.13835906982421875 55.682987213134765625 55.931087493896484375 55.766925811767578125 54.481021881103515625 54.975444793701171875 53.650188446044921875 53.731109619140625 53.9359893798828125 54.02425384521484375 53.89894866943359375 54.29445648193359375 53.837554931640625 54.562007904052734375 54.02014923095703125 54.787799835205078125 54.18379974365234375 54.9075927734375 56.179538726806640625 56.791896820068359375 57.133075714111328125 55.9294586181640625
45.19814300537109375 44.581386566162109375 44.886394500732421875 48.373332977294921875 48.198604583740234375 48.330413818359375 48.186214447021484375 49.4007110595703125 50.771820068359375 53.019084930419921875 53.97586822509765625 56.055023193359375 56.116260528564453125 58.2083892822265625 56.52814483642578125 59.045673370361328125 59.5853424072265625 59.974483489990234375 59.91509246826171875 58.2614593505859375 58.23260498046875 59.35286712646484375 58.78133392333984375 56.96620941162109375 57.61421966552734375 56.296966552734375 56.84908294677734375 56.054531097412109375 56.6217041015625 56.0975189208984375 56.34391021728515625 55.503330230712890625 55.26035308837890625 55.0205230712890625 55.267383575439453125 53.733455657958984375 54.686283111572265625 54.686283111572265625 53.2753143310546875 53.458568572998046875 54.37935638427734375 54.29445648193359375 52.977813720703125 54.02014923095703125 54.405742645263671875 54.798542022705078125 55.53287506103515625 56.327861785888671875 56.545154571533203125 54.837131500244140625
45.0496368408203125 46.94244384765625 46.151287078857421875 48.373332977294921875 47.636440277099609375 47.8594970703125 48.731006622314453125 49.49405670166015625 52.695400238037109375 52.072780609130859375 53.318691253662109375 55.30983734130859375 57.083309173583984375 57.476116180419921875 56.859210968017578125 57.267490386962890625 59.08391571044921875 59.31836700439453125 59.14217376708984375 57.68341064453125 56.42110443115234375 57.04244232177734375 58.781818389892578125 58.686389923095703125 57.641735076904296875 57.008769989013671875 57.511074066162109375 56.84908294677734375 56.30309295654296875 56.00919342041015625 56.34391021728515625 55.120883941650390625 55.248661041259765625 54.31390380859375 54.64435577392578125 53.1057891845703125 53.063678741455078125 52.3941497802734375 54.223972320556640625 52.07273101806640625 54.091587066650390625 55.00794219970703125 53.4287261962890625 54.100177764892578125 52.955600738525390625 54.837627410888671875 54.562007904052734375 56.23224639892578125 55.475250244140625 55.176799774169921875
42.787319183349609375 44.741230010986328125 44.162967681884765625 42.541599273681640625 46.7540740966796875 45.128002166748046875 49.601154327392578125 49.46694183349609375 51.54540252685546875 52.658840179443359375 54.1856689453125 55.248199462890625 56.57787322998046875 56.803455352783203125 57.600399017333984375 57.600399017333984375 59.40349578857421875 58.20432281494140625 58.782257080078125 59.162815093994140625 56.91162872314453125 57.20125579833984375 58.19966888427734375 59.0604400634765625 56.75281524658203125 57.48517608642578125 57.918437957763671875 56.743000030517578125 56.3790740966796875 54.195709228515625 53.597827911376953125 52.852634429931640625 51.850040435791015625 52.0193939208984375 52.767978668212890625 54.05400848388671875 55.144439697265625 53.3584747314453125 53.854747772216796875 54.833820343017578125 53.6730804443359375 53.835369110107421875 52.8575439453125 54.100177764892578125 54.238964080810546875 54.238964080810546875 54.45124053955078125 54.60709381103515625 54.698345184326171875 54.494384765625
42.758098602294921875 44.249767303466796875 45.602031707763671875 44.554935455322265625 43.71576690673828125 45.128002166748046875 49.986476898193359375 50.8436126708984375 52.261966705322265625 53.610561370849609375 55.06281280517578125 56.127773284912109375 56.536937713623046875 56.7052764892578125 57.50640869140625 57.97774505615234375 58.65491485595703125 58.88600921630859375 57.85625457763671875 57.577850341796875 58.220050811767578125 57.611637115478515625 56.84665679931640625 57.852203369140625 56.996623992919921875 57.78250885009765625 56.4076080322265625 57.126728057861328125 55.97274017333984375 51.850040435791015625 50.758136749267578125 48.431766510009765625 47.912052154541015625 49.919769287109375 52.691364288330078125 54.38214874267578125 54.7632904052734375 53.85164642333984375 53.063678741455078125 55.061946868896484375 53.315830230712890625 53.142223358154296875 52.0616455078125 52.982669830322265625 53.4287261962890625 53.157810211181640625 54.038555145263671875 53.354465484619140625 54.21807861328125 54.698345184326171875
42.3192596435546875 44.2638702392578125 46.259243011474609375 44.96883392333984375 46.65593719482421875 47.99945831298828125 49.745624542236328125 51.08914947509765625 52.39377593994140625 53.850009918212890625 56.217193603515625 56.404842376708984375 56.222537994384765625 55.835971832275390625 56.820400238037109375 57.70467376708984375 59.076107025146484375 59.05200958251953125 57.95717620849609375 58.755352020263671875 58.1578826904296875 57.21257781982421875 58.979114532470703125 58.036518096923828125 57.643100738525390625 56.9848175048828125 56.467041015625 56.467041015625 53.88414764404296875 51.124034881591796875 50.678863525390625 50.214748382568359375 49.531909942626953125 49.49500274658203125 51.124034881591796875 51.89243316650390625 51.66982269287109375 53.063678741455078125 52.8575439453125 52.688861846923828125 52.77475738525390625 52.187038421630859375 52.88701629638671875 52.691364288330078125 52.0616455078125 52.385257720947265625 53.577846527099609375 52.737026214599609375 53.394023895263671875 53.529323577880859375
44.346225738525390625 40.1177215576171875 45.033473968505859375 47.235843658447265625 42.729206085205078125 47.446041107177734375 50.27155303955078125 50.4524993896484375 52.517978668212890625 55.062824249267578125 55.004058837890625 56.47727203369140625 56.19058990478515625 55.40686798095703125 56.310825347900390625 57.40380096435546875 58.693920135498046875 59.144298553466796875 59.766330718994140625 60.772136688232421875 59.97765350341796875 58.81104278564453125 59.271556854248046875 59.8462982177734375 58.13942718505859375 57.045074462890625 56.09748077392578125 56.996623992919921875 53.912654876708984375 52.0616455078125 51.66982269287109375 50.013214111328125 50.576923370361328125 49.867092132568359375 50.37311553955078125 50.44739532470703125 52.128688812255859375 52.69983673095703125 52.88581085205078125 52.957958221435546875 53.940746307373046875 53.14090728759765625 53.731109619140625 52.688861846923828125 52.352581024169921875 52.977813720703125 52.064273834228515625 52.51760101318359375 52.13306427001953125 53.641208648681640625
45.008823394775390625 45.319606781005859375 45.43192291259765625 47.135162353515625 48.517498016357421875 49.1777496337890625 51.38027191162109375 50.802845001220703125 54.20696258544921875 55.062824249267578125 56.516407012939453125 55.584075927734375 55.989154815673828125 56.517131805419921875 57.90074920654296875 59.190814971923828125 59.785137176513671875 60.857177734375 60.87995147705078125 60.469081878662109375 59.052547454833984375 58.36822509765625 59.088932037353515625 59.301776885986328125 57.981536865234375 59.4340667724609375 57.874614715576171875 56.71728515625 56.139049530029296875 52.69983673095703125 51.8123321533203125 50.963531494140625 50.028385162353515625 49.608245849609375 49.69467926025390625 52.223297119140625 53.35247039794921875 53.395771026611328125 53.30913543701171875 54.30780029296875 53.129344940185546875 51.438018798828125 50.49060821533203125 51.685901641845703125 51.685901641845703125 51.896450042724609375 52.51760101318359375 52.352581024169921875 51.97403717041015625 50.532688140869140625
44.5912933349609375 45.665416717529296875 44.708057403564453125 47.673130035400390625 50.25058746337890625 51.146198272705078125 52.205791473388671875 52.98728179931640625 53.565418243408203125 56.091949462890625 55.605777740478515625 56.69962310791015625 58.61318206787109375 58.754978179931640625 59.371337890625 59.22052764892578125 58.908054351806640625 60.1349945068359375 61.13177490234375 59.59613037109375 59.82398223876953125 59.088932037353515625 59.5877838134765625 59.6416168212890625 60.30226898193359375 59.81208038330078125 59.019947052001953125 57.330352783203125 56.635166168212890625 52.586635589599609375 50.37311553955078125 49.824047088623046875 49.316585540771484375 49.316585540771484375 48.999996185302734375 53.4160308837890625 54.55187225341796875 53.576480865478515625 55.14179229736328125 54.05400848388671875 52.214076995849609375 51.389774322509765625 51.152355194091796875 51.0917510986328125 51.524860382080078125 52.14604949951171875 53.387889862060546875 52.60601043701171875 50.678050994873046875 50.16916656494140625
