data/seasontemp.asc
ncols        384
nrows        480
xllcorner    138.000000000000
yllcorner    -29.000000000000
cellsize     0.041666666667
NODATA_value -9999
[rows 230 to 252 of 480, columns 0 to 51 of 384]
434.714813232421875 429.768157958984375 426.51226806640625 423.902801513671875 421.458221435546875 417.797454833984375 416.631622314453125 417.52734375 417.086395263671875 415.443634033203125 412.3687744140625 409.5914306640625 414.007476806640625 417.916839599609375 413.046600341796875 410.101593017578125 412.1038818359375 415.481292724609375 414.300384521484375 411.589263916015625 409.64337158203125 408.406219482421875 406.293060302734375 406.00164794921875 409.055816650390625 411.495086669921875 412.607818603515625 414.1317138671875 412.6937255859375 409.61151123046875 408.199951171875 409.141357421875 408.55322265625 408.23046875 406.940521240234375 408.514007568359375 407.229248046875 402.897552490234375 399.027923583984375 399.208953857421875 403.267669677734375 403.46112060546875 398.19659423828125 395.82794189453125 394.436248779296875 388.82720947265625 387.33160400390625 385.5162353515625 385.549652099609375 387.926483154296875 390.784271240234375 389.773529052734375
439.2164306640625 435.002899169921875 432.760772705078125 431.0284423828125 428.708404541015625 426.86114501953125 426.84295654296875 425.69903564453125 421.90106201171875 419.82293701171875 418.34173583984375 416.559661865234375 418.1488037109375 416.8411865234375 413.793121337890625 413.738433837890625 413.26275634765625 414.6253662109375 412.243316650390625 406.718292236328125 408.955078125 408.12158203125 405.440704345703125 405.172637939453125 409.78558349609375 411.631317138671875 414.601776123046875 416.571990966796875 413.481414794921875 412.5806884765625 415.317108154296875 414.736572265625 414.0635986328125 411.65130615234375 408.9915771484375 407.202392578125 404.521942138671875 401.650177001953125 400.6912841796875 402.156646728515625 403.2799072265625 402.073974609375 399.53436279296875 400.72589111328125 397.76025390625 392.12420654296875 387.99737548828125 386.890228271484375 385.500732421875 388.567474365234375 392.9195556640625 392.99072265625
439.636444091796875 437.454437255859375 435.670196533203125 433.636077880859375 433.867034912109375 434.766815185546875 434.4991455078125 432.195831298828125 427.7841796875 424.7103271484375 423.68682861328125 421.287506103515625 419.1351318359375 416.630523681640625 416.12127685546875 417.962310791015625 414.259918212890625 413.286529541015625 411.74383544921875 409.67987060546875 412.18017578125 409.44891357421875 406.1109619140625 406.54449462890625 412.81982421875 414.72882080078125 416.513092041015625 418.37359619140625 416.261566162109375 419.000885009765625 421.398590087890625 419.0406494140625 416.58392333984375 413.70037841796875 409.82470703125 406.309417724609375 404.7510986328125 404.9210205078125 406.058837890625 406.532318115234375 405.19219970703125 403.30328369140625 403.784210205078125 404.388427734375 401.581939697265625 397.67919921875 389.82965087890625 387.862884521484375 388.6719970703125 391.842803955078125 394.6529541015625 395.777191162109375
441.0882568359375 439.073760986328125 436.706085205078125 435.307373046875 435.191162109375 435.874786376953125 436.23016357421875 434.529144287109375 431.511444091796875 428.1649169921875 427.552215576171875 425.22418212890625 421.69744873046875 418.700531005859375 417.161865234375 415.840301513671875 416.083465576171875 416.625396728515625 414.18914794921875 412.842071533203125 413.832183837890625 413.2520751953125 411.09649658203125 409.291015625 415.62176513671875 419.54345703125 420.662261962890625 421.40460205078125 420.4976806640625 421.46026611328125 420.559783935546875 418.629180908203125 416.57843017578125 413.834503173828125 411.8477783203125 409.24127197265625 410.153167724609375 412.66363525390625 413.203460693359375 412.21038818359375 410.041168212890625 408.777008056640625 409.054046630859375 409.407012939453125 407.456390380859375 403.3837890625 395.854339599609375 390.89093017578125 391.97119140625 396.468231201171875 398.225860595703125 399.2247314453125
444.06475830078125 441.440521240234375 439.318817138671875 438.04278564453125 437.430694580078125 436.604705810546875 436.402587890625 435.9815673828125 433.116302490234375 430.965362548828125 430.762176513671875 430.023345947265625 426.04547119140625 422.580352783203125 417.466217041015625 411.746490478515625 416.87945556640625 420.433746337890625 418.46246337890625 415.230712890625 414.4007568359375 414.797119140625 415.495025634765625 415.838165283203125 417.974639892578125 420.539093017578125 423.053955078125 424.461090087890625 422.46588134765625 420.0218505859375 418.850860595703125 418.269775390625 417.419708251953125 415.50347900390625 413.469940185546875 413.02435302734375 416.544952392578125 419.46124267578125 419.5306396484375 417.64288330078125 415.49542236328125 413.576202392578125 412.957977294921875 413.57550048828125 413.6510009765625 407.10791015625 402.366912841796875 395.35540771484375 395.523223876953125 400.916290283203125 403.166168212890625 402.118377685546875
444.2490234375 442.910675048828125 441.311767578125 439.3226318359375 438.97222900390625 439.517608642578125 438.431793212890625 437.22479248046875 435.523895263671875 434.690032958984375 434.766387939453125 433.581451416015625 430.2515869140625 426.67547607421875 421.6871337890625 416.024993896484375 418.2120361328125 420.305419921875 418.88372802734375 418.921661376953125 418.990478515625 414.860931396484375 417.495147705078125 422.470916748046875 422.51495361328125 420.80657958984375 422.29937744140625 424.46124267578125 422.85198974609375 420.560943603515625 420.764739990234375 418.574554443359375 419.255157470703125 416.8348388671875 412.107696533203125 412.38385009765625 417.1783447265625 420.620269775390625 421.112091064453125 419.267425537109375 416.954437255859375 415.91046142578125 414.92041015625 415.400665283203125 416.8779296875 410.582672119140625 407.02996826171875 401.703826904296875 402.11859130859375 406.98736572265625 407.0723876953125 404.8995361328125
446.6719970703125 445.363128662109375 443.17205810546875 441.5830078125 442.91162109375 444.617584228515625 442.278900146484375 440.1683349609375 439.84417724609375 440.7452392578125 439.886627197265625 438.341949462890625 435.218475341796875 431.650299072265625 427.759979248046875 421.726806640625 418.350982666015625 418.21600341796875 414.28662109375 416.6253662109375 422.23876953125 420.317047119140625 421.6405029296875 422.712799072265625 424.537750244140625 425.260498046875 424.837921142578125 424.904083251953125 425.5179443359375 424.0166015625 421.319854736328125 417.257965087890625 418.438079833984375 416.62164306640625 413.4490966796875 409.4725341796875 412.408782958984375 417.780914306640625 419.78948974609375 417.927642822265625 416.982269287109375 417.370819091796875 417.77313232421875 417.820037841796875 418.29974365234375 414.5478515625 410.728912353515625 408.970184326171875 409.026123046875 411.75787353515625 410.266571044921875 407.8411865234375
449.649749755859375 448.86474609375 447.82794189453125 447.075439453125 448.24334716796875 450.195281982421875 446.270294189453125 444.032684326171875 443.29620361328125 443.96746826171875 444.19085693359375 443.933868408203125 442.736541748046875 438.185150146484375 433.098663330078125 429.311187744140625 423.661285400390625 425.00445556640625 419.8690185546875 417.5303955078125 421.171234130859375 425.420745849609375 424.35723876953125 421.342529296875 422.179840087890625 423.9285888671875 424.5772705078125 424.197265625 424.51348876953125 425.1121826171875 422.085693359375 417.480224609375 414.5234375 415.997711181640625 416.794708251953125 409.670440673828125 411.001312255859375 416.268585205078125 418.8328857421875 417.837310791015625 418.123870849609375 420.08282470703125 420.666778564453125 420.365203857421875 419.518798828125 416.144134521484375 414.115936279296875 410.7705078125 410.615081787109375 412.458770751953125 410.6751708984375 410.02178955078125
450.860382080078125 450.569183349609375 450.986785888671875 451.85888671875 452.731109619140625 452.6695556640625 448.6973876953125 447.14727783203125 447.344757080078125 447.386566162109375 447.250579833984375 447.298370361328125 446.1136474609375 442.867645263671875 438.697601318359375 435.448150634765625 431.643280029296875 429.36151123046875 423.01849365234375 421.90924072265625 421.773406982421875 425.050445556640625 425.9638671875 424.737335205078125 424.139892578125 422.944671630859375 422.661285400390625 422.822601318359375 423.402923583984375 424.166717529296875 420.310760498046875 414.01910400390625 411.427093505859375 414.826416015625 417.009429931640625 412.890838623046875 415.945770263671875 419.141998291015625 420.260650634765625 417.77886962890625 418.996490478515625 422.593475341796875 422.548187255859375 422.21319580078125 420.23773193359375 417.552490234375 416.479156494140625 411.3433837890625 410.55548095703125 412.897216796875 413.157562255859375 411.96063232421875
453.555572509765625 451.72662353515625 451.486358642578125 450.423065185546875 452.37506103515625 455.17919921875 452.299041748046875 448.564300537109375 447.918975830078125 447.874176025390625 448.45391845703125 447.919342041015625 445.381378173828125 441.77294921875 437.898651123046875 435.005706787109375 433.395965576171875 430.573760986328125 422.95257568359375 421.138519287109375 418.127899169921875 421.1693115234375 425.44781494140625 426.76446533203125 424.656890869140625 422.2481689453125 424.346893310546875 425.14288330078125 422.9874267578125 422.941375732421875 417.2174072265625 409.928375244140625 410.727508544921875 413.5023193359375 415.01214599609375 413.45111083984375 415.052520751953125 419.07098388671875 421.230621337890625 418.26654052734375 419.710723876953125 423.43463134765625 423.96435546875 423.921630859375 422.87603759765625 420.406890869140625 418.86663818359375 414.947174072265625 412.55511474609375 413.31689453125 414.841552734375 412.230255126953125
454.07440185546875 453.204833984375 452.601104736328125 451.721771240234375 453.077239990234375 454.956451416015625 452.5994873046875 451.123199462890625 449.793304443359375 449.07476806640625 448.6962890625 448.01715087890625 445.369354248046875 441.430328369140625 437.672576904296875 434.174530029296875 432.400146484375 431.36798095703125 429.192230224609375 425.63232421875 421.714599609375 421.839111328125 424.776702880859375 425.4468994140625 425.09039306640625 424.3939208984375 426.361572265625 425.086761474609375 420.4320068359375 417.94293212890625 413.4940185546875 411.574462890625 411.937286376953125 413.04400634765625 413.245635986328125 414.5509033203125 413.477081298828125 418.335174560546875 419.981475830078125 419.526153564453125 421.121734619140625 424.685760498046875 425.710296630859375 423.593536376953125 422.717529296875 422.188720703125 419.461517333984375 416.861175537109375 416.45733642578125 418.409912109375 419.36993408203125 415.311248779296875
455.192626953125 455.1412353515625 455.05487060546875 454.538970947265625 455.818817138671875 456.785736083984375 454.647918701171875 453.855804443359375 452.107269287109375 449.59307861328125 447.788543701171875 447.108978271484375 446.198822021484375 443.913970947265625 439.972320556640625 436.188720703125 433.11981201171875 432.343963623046875 432.66058349609375 428.344207763671875 430.8843994140625 428.393646240234375 423.282562255859375 423.933013916015625 429.2855224609375 430.02203369140625 425.665374755859375 420.55145263671875 415.651031494140625 412.83453369140625 414.089569091796875 416.857666015625 415.362548828125 416.3011474609375 418.31976318359375 413.366119384765625 411.110504150390625 416.21246337890625 419.36236572265625 420.124969482421875 421.988494873046875 425.803497314453125 426.362091064453125 423.1798095703125 423.898529052734375 422.824127197265625 421.671234130859375 418.755950927734375 419.4014892578125 423.719024658203125 424.531036376953125 419.460418701171875
459.22589111328125 457.8602294921875 457.377960205078125 457.321563720703125 457.276397705078125 457.5771484375 457.10162353515625 455.62408447265625 452.85772705078125 449.853363037109375 447.96051025390625 448.493194580078125 447.8250732421875 445.7325439453125 443.6358642578125 440.61151123046875 436.8460693359375 433.110809326171875 431.830657958984375 429.85955810546875 430.13037109375 431.75482177734375 430.2467041015625 429.421875 431.822113037109375 428.7271728515625 421.965362548828125 417.567901611328125 415.431365966796875 414.90081787109375 417.221343994140625 418.640411376953125 416.827880859375 418.689605712890625 418.0712890625 412.36383056640625 413.373687744140625 418.422821044921875 420.127716064453125 421.3199462890625 424.24273681640625 427.6148681640625 427.96405029296875 425.52569580078125 427.415557861328125 427.580047607421875 424.074462890625 420.80609130859375 421.1707763671875 425.645263671875 425.0916748046875 419.977783203125
460.126922607421875 459.124481201171875 457.99859619140625 457.493988037109375 457.933563232421875 458.458404541015625 457.59796142578125 455.8262939453125 453.887115478515625 451.313140869140625 449.717132568359375 449.943267822265625 449.793243408203125 449.1993408203125 448.80615234375 446.250152587890625 441.455230712890625 435.9388427734375 433.75897216796875 432.349761962890625 431.6636962890625 432.610260009765625 431.54571533203125 432.86041259765625 431.324310302734375 426.720245361328125 422.830108642578125 421.566497802734375 421.723846435546875 421.812042236328125 421.93670654296875 421.237640380859375 419.40093994140625 419.4560546875 416.346527099609375 414.9805908203125 417.451904296875 419.1123046875 420.807769775390625 423.571136474609375 429.076507568359375 431.540496826171875 428.072845458984375 424.962158203125 427.417816162109375 430.714691162109375 427.19683837890625 424.096954345703125 423.15032958984375 425.172271728515625 422.090606689453125 419.9754638671875
461.22723388671875 459.963104248046875 459.181396484375 459.083648681640625 458.788848876953125 458.523162841796875 457.887481689453125 456.736572265625 456.997161865234375 454.7828369140625 453.0728759765625 452.863128662109375 452.69537353515625 452.762939453125 453.10406494140625 450.89410400390625 445.54644775390625 439.78216552734375 437.36962890625 436.1417236328125 434.550048828125 436.149871826171875 434.182373046875 435.22406005859375 432.310791015625 426.629486083984375 424.691436767578125 425.201080322265625 425.871612548828125 426.324188232421875 426.74859619140625 424.48663330078125 421.667694091796875 420.342803955078125 416.814117431640625 417.575531005859375 419.73919677734375 420.705810546875 420.420623779296875 423.8477783203125 431.31866455078125 434.138580322265625 429.805755615234375 427.38372802734375 429.665069580078125 434.1966552734375 431.123809814453125 427.46136474609375 425.5810546875 425.630523681640625 422.41015625 424.614532470703125
462.719390869140625 461.70074462890625 461.65057373046875 460.7191162109375 459.230865478515625 458.55291748046875 458.61553955078125 459.276824951171875 460.695953369140625 459.796905517578125 458.01519775390625 456.373779296875 456.0560302734375 456.720672607421875 456.881134033203125 454.7232666015625 449.922882080078125 444.211212158203125 441.8746337890625 440.101776123046875 439.609039306640625 440.51654052734375 437.815673828125 435.564971923828125 432.18719482421875 427.532684326171875 426.3206787109375 428.07159423828125 428.870880126953125 429.064727783203125 428.65643310546875 426.2008056640625 423.192596435546875 422.572296142578125 419.19512939453125 420.153045654296875 423.551788330078125 425.6915283203125 422.37164306640625 422.286773681640625 430.571746826171875 435.7376708984375 432.817840576171875 432.716094970703125 434.50274658203125 436.587921142578125 433.915771484375 431.240081787109375 428.895538330078125 429.249908447265625 428.655120849609375 430.32769775390625
464.734588623046875 464.221954345703125 463.356597900390625 461.905029296875 460.21649169921875 459.442413330078125 460.453643798828125 462.502777099609375 463.603485107421875 462.266815185546875 460.916473388671875 459.81707763671875 459.413177490234375 459.449371337890625 459.15118408203125 458.079193115234375 453.59002685546875 448.124237060546875 445.59454345703125 445.3800048828125 444.91754150390625 444.743194580078125 441.263580322265625 437.187408447265625 432.99578857421875 428.194061279296875 426.62646484375 428.80303955078125 431.36224365234375 432.295166015625 430.952850341796875 428.310302734375 424.3812255859375 423.526763916015625 423.4498291015625 423.46728515625 426.811370849609375 429.134613037109375 424.4635009765625 421.829498291015625 428.593597412109375 435.341033935546875 436.025848388671875 436.97894287109375 438.6395263671875 438.40704345703125 437.535797119140625 435.8126220703125 433.609375 433.303863525390625 432.81341552734375 433.280242919921875
467.109466552734375 466.5294189453125 466.0667724609375 464.90594482421875 463.7747802734375 462.93731689453125 463.602142333984375 465.297637939453125 465.800537109375 462.5716552734375 461.930511474609375 462.49658203125 462.680755615234375 461.990753173828125 461.04498291015625 460.175048828125 456.8056640625 453.1666259765625 451.1483154296875 450.896453857421875 449.21038818359375 447.3072509765625 444.296783447265625 441.294158935546875 436.85028076171875 434.282684326171875 435.413330078125 436.787841796875 436.964691162109375 437.494384765625 436.68621826171875 433.249267578125 428.2706298828125 427.87091064453125 429.72027587890625 429.494598388671875 429.90399169921875 430.041748046875 428.365203857421875 428.248291015625 433.993011474609375 439.831939697265625 440.507080078125 441.43206787109375 441.23040771484375 439.76458740234375 440.381866455078125 437.888641357421875 435.6807861328125 436.762054443359375 435.541229248046875 436.11474609375
472.010986328125 470.704437255859375 469.895721435546875 468.371246337890625 467.37738037109375 466.543731689453125 465.501068115234375 465.633758544921875 466.39453125 463.401611328125 462.187103271484375 463.7646484375 465.04248046875 465.06793212890625 462.983642578125 461.857635498046875 460.92578125 458.644775390625 456.3162841796875 453.7720947265625 452.00048828125 450.241912841796875 447.4686279296875 445.910064697265625 441.50445556640625 440.603973388671875 445.930389404296875 448.73748779296875 445.883270263671875 442.5841064453125 442.16180419921875 438.878875732421875 434.8631591796875 434.745880126953125 435.158966064453125 435.265869140625 432.991729736328125 430.693695068359375 431.9620361328125 436.840423583984375 442.480133056640625 445.14813232421875 443.41851806640625 441.97625732421875 442.646240234375 441.19512939453125 440.98284912109375 437.2926025390625 437.639617919921875 438.8023681640625 438.76593017578125 438.6273193359375
476.53466796875 475.086181640625 472.76397705078125 471.0010986328125 469.7911376953125 468.167877197265625 467.17626953125 465.942626953125 465.088836669921875 464.098297119140625 463.42449951171875 463.653106689453125 465.86346435546875 467.050384521484375 465.503631591796875 463.757904052734375 462.841644287109375 461.4132080078125 458.110443115234375 454.980712890625 454.4205322265625 453.39410400390625 451.29595947265625 449.027130126953125 444.095001220703125 442.34356689453125 446.145599365234375 452.118621826171875 453.007965087890625 448.23309326171875 444.13006591796875 441.35064697265625 438.909912109375 437.666351318359375 436.292022705078125 436.312286376953125 434.344146728515625 431.81072998046875 432.838043212890625 438.086822509765625 444.05926513671875 445.641998291015625 441.43463134765625 438.82452392578125 442.00421142578125 440.748321533203125 440.56707763671875 438.409210205078125 440.303558349609375 439.377593994140625 439.499420166015625 441.0078125
479.126708984375 477.246337890625 474.886199951171875 474.425140380859375 473.20001220703125 471.123138427734375 470.681732177734375 468.04925537109375 468.266357421875 468.088836669921875 465.98846435546875 463.94268798828125 464.371978759765625 466.221832275390625 466.738433837890625 464.603607177734375 462.37225341796875 461.0321044921875 459.869720458984375 457.909454345703125 456.324554443359375 454.753570556640625 453.679779052734375 450.1451416015625 447.50860595703125 447.61859130859375 448.4578857421875 454.88787841796875 460.649383544921875 455.46307373046875 447.647613525390625 442.82598876953125 440.491180419921875 439.292633056640625 437.571685791015625 436.614471435546875 436.411285400390625 434.25079345703125 433.528167724609375 437.0948486328125 443.474578857421875 445.52508544921875 439.936187744140625 436.581329345703125 441.061676025390625 439.469390869140625 439.47174072265625 442.708984375 442.936004638671875 441.06158447265625 440.5772705078125 442.978515625
480.38189697265625 480.4132080078125 478.00799560546875 476.829132080078125 476.633392333984375 475.1590576171875 473.039276123046875 472.0068359375 471.175933837890625 470.004974365234375 466.7901611328125 464.510498046875 462.4735107421875 462.692840576171875 463.9561767578125 464.35491943359375 463.929931640625 463.35113525390625 462.199554443359375 459.979766845703125 457.48419189453125 456.2958984375 456.44354248046875 450.73101806640625 446.978179931640625 449.237945556640625 452.686859130859375 460.66058349609375 467.023773193359375 458.834716796875 449.8961181640625 446.36041259765625 445.64776611328125 443.23992919921875 439.580230712890625 438.43414306640625 436.863067626953125 435.888427734375 436.564697265625 441.297088623046875 446.388519287109375 445.923583984375 439.378753662109375 434.7818603515625 439.538177490234375 440.4063720703125 442.743133544921875 447.54913330078125 445.875152587890625 443.763702392578125 442.713134765625 444.252532958984375
480.699737548828125 481.203704833984375 480.1873779296875 480.286163330078125 480.393463134765625 477.3765869140625 475.11700439453125 474.1844482421875 472.088531494140625 470.010162353515625 467.727020263671875 465.625762939453125 463.175323486328125 462.549224853515625 464.24493408203125 465.00030517578125 466.353759765625 467.809539794921875 465.772552490234375 462.72540283203125 460.465972900390625 460.62811279296875 459.074249267578125 451.374420166015625 447.578643798828125 449.167236328125 453.772613525390625 461.2640380859375 464.1181640625 458.787994384765625 455.25067138671875 451.328826904296875 448.116729736328125 444.368255615234375 440.41046142578125 439.81011962890625 440.357391357421875 440.394744873046875 438.81787109375 442.03656005859375 447.669647216796875 447.187652587890625 440.212646484375 435.732177734375 439.47906494140625 442.02569580078125 443.795257568359375 446.827545166015625 446.68304443359375 446.343017578125 445.3424072265625 444.851593017578125
