data/seasonprecip.asc
ncols        384
nrows        480
xllcorner    138.000000000000
yllcorner    -29.000000000000
cellsize     0.041666666667
NODATA_value -9999
[rows 264 to 285 of 480, columns 200 to 249 of 384]
84.86223602294921875 84.48580169677734375 84.80841064453125 84.31684112548828125 84.4423675537109375 87.2709197998046875 83.72669219970703125 85.57636260986328125 84.71593475341796875 84.98114776611328125 86.0084381103515625 86.7865447998046875 87.1533660888671875 87.4752655029296875 87.9638214111328125 90.35254669189453125 87.42435455322265625 85.23543548583984375 85.8705596923828125 87.0802154541015625 87.6874542236328125 88.051361083984375 88.88543701171875 90.30879974365234375 90.65470123291015625 91.472747802734375 93.60608673095703125 89.08454132080078125 88.64962005615234375 90.2969512939453125 91.73767852783203125 91.75157928466796875 90.54401397705078125 90.00385284423828125 91.1663818359375 92.45098876953125 92.87383270263671875 89.72081756591796875 88.64759063720703125 89.088226318359375 92.07949066162109375 89.6473388671875 88.97998809814453125 90.278411865234375 92.4254913330078125 96.134674072265625 93.3911285400390625 -9999 -9999 -9999
83.39890289306640625 84.77640533447265625 85.88346099853515625 85.04254913330078125 85.7030029296875 87.26082611083984375 84.86257171630859375 86.26190948486328125 85.527099609375 87.20114898681640625 84.85372161865234375 85.31250762939453125 86.46733856201171875 88.007080078125 87.12200164794921875 86.3957672119140625 86.64394378662109375 85.95275115966796875 86.0507965087890625 86.8980865478515625 86.619842529296875 86.42902374267578125 89.645751953125 91.55287933349609375 91.5468292236328125 89.3223114013671875 90.49076080322265625 88.69612884521484375 89.43718719482421875 88.72969818115234375 88.76503753662109375 90.75330352783203125 88.72014617919921875 88.91349029541015625 90.0688629150390625 91.23516082763671875 91.72759246826171875 90.4022369384765625 89.37676239013671875 87.43359375 89.57373809814453125 88.06011199951171875 90.21179962158203125 90.53469085693359375 93.50875091552734375 92.83403778076171875 92.09549713134765625 -9999 -9999 -9999
82.21875762939453125 81.51149749755859375 83.52225494384765625 84.96210479736328125 84.12007904052734375 85.22945404052734375 85.229034423828125 85.6731109619140625 82.46033477783203125 84.27869415283203125 85.1820220947265625 84.24726104736328125 84.46746826171875 86.477935791015625 85.3006744384765625 86.6004638671875 86.35460662841796875 85.4479522705078125 85.825836181640625 85.3785552978515625 85.75616455078125 86.73690032958984375 89.056060791015625 92.16347503662109375 89.84111785888671875 88.20545196533203125 88.69196319580078125 89.946319580078125 90.0890655517578125 88.8266448974609375 89.45119476318359375 90.4125213623046875 90.83841705322265625 92.27257537841796875 90.78145599365234375 86.73583221435546875 90.09769439697265625 91.7110443115234375 92.01912689208984375 89.50716400146484375 88.34932708740234375 89.2691192626953125 89.2065582275390625 89.3355560302734375 88.1175994873046875 90.9992218017578125 89.60013580322265625 92.6771697998046875 -9999 -9999
79.568450927734375 80.3045501708984375 81.771820068359375 82.52687835693359375 83.5240325927734375 83.49765777587890625 84.1016998291015625 86.6901397705078125 82.62447357177734375 83.6137237548828125 83.428955078125 82.97711181640625 82.61406707763671875 85.94631195068359375 85.05583953857421875 84.43431854248046875 84.62143707275390625 85.8854827880859375 85.115020751953125 86.89661407470703125 84.935302734375 84.73221588134765625 86.324188232421875 88.94240570068359375 89.4144744873046875 86.4807586669921875 88.14614105224609375 94.1136322021484375 90.7446746826171875 91.37064361572265625 89.45587158203125 88.8200531005859375 90.122406005859375 91.219390869140625 90.11876678466796875 88.72747039794921875 86.42203521728515625 91.45169830322265625 94.08560943603515625 92.3008575439453125 90.9779510498046875 88.2090911865234375 91.49666595458984375 90.17879486083984375 83.443695068359375 86.1396331787109375 91.4568939208984375 90.5367279052734375 95.57877349853515625 102.55762481689453125
77.00707244873046875 79.35985565185546875 79.5410003662109375 80.112701416015625 81.68891143798828125 82.99151611328125 81.96772003173828125 82.2289886474609375 83.15157318115234375 82.0628662109375 82.09754180908203125 82.264434814453125 82.53386688232421875 82.25568389892578125 82.8753509521484375 83.3337249755859375 82.7510986328125 83.686614990234375 82.57006072998046875 83.10813140869140625 83.79247283935546875 84.02045440673828125 84.77057647705078125 87.7859954833984375 89.160888671875 87.978851318359375 87.53485870361328125 90.58925628662109375 89.9164886474609375 92.0071868896484375 91.87784576416015625 90.0498046875 90.88323974609375 90.27277374267578125 91.06696319580078125 92.18914794921875 88.10755157470703125 86.37918853759765625 88.74555206298828125 90.83490753173828125 90.37152099609375 89.0660552978515625 92.70284271240234375 90.38040924072265625 89.84793853759765625 88.244720458984375 86.39875030517578125 86.3945770263671875 88.25533294677734375 89.64471435546875
75.43753814697265625 76.02899169921875 78.118133544921875 78.7545013427734375 80.9124603271484375 80.816497802734375 81.54647064208984375 80.3323822021484375 79.69210052490234375 82.3525390625 80.4099884033203125 80.460662841796875 81.51160430908203125 80.40814971923828125 80.60660552978515625 82.18608856201171875 83.88238525390625 82.75559234619140625 82.06307220458984375 81.213287353515625 81.230499267578125 83.81380462646484375 84.6488037109375 88.42545318603515625 89.42516326904296875 86.788818359375 88.60872650146484375 90.975250244140625 90.438446044921875 90.9645843505859375 90.9543609619140625 89.27024078369140625 87.51148223876953125 88.36669921875 90.40261077880859375 90.83722686767578125 90.42903900146484375 86.93663787841796875 84.002349853515625 92.18466949462890625 90.7786865234375 89.47557830810546875 90.27149200439453125 93.06652069091796875 94.1753692626953125 88.7300567626953125 91.68442535400390625 96.37139892578125 90.18087005615234375 91.6360931396484375
80.00179290771484375 78.81603240966796875 78.72010040283203125 78.62316131591796875 81.7076263427734375 81.9007568359375 84.49337005615234375 80.71509552001953125 82.55399322509765625 80.618499755859375 78.3857421875 79.4804840087890625 80.37458038330078125 79.6320037841796875 80.06475067138671875 81.9015350341796875 82.19362640380859375 81.26924896240234375 81.48287200927734375 82.77281951904296875 82.7627716064453125 81.73543548583984375 82.683349609375 85.45233917236328125 86.3051910400390625 86.69261932373046875 84.956756591796875 87.44402313232421875 86.64943695068359375 88.2647857666015625 90.25638580322265625 89.0145721435546875 88.19388580322265625 87.359375 87.6459808349609375 88.8250579833984375 88.85514068603515625 85.22528839111328125 86.195281982421875 87.92479705810546875 88.989593505859375 88.57598114013671875 90.49251556396484375 93.61878204345703125 92.68656158447265625 87.3030548095703125 91.07282257080078125 91.81060791015625 89.561126708984375 81.215789794921875
78.68668365478515625 81.2462310791015625 80.8030548095703125 83.3096923828125 81.07549285888671875 78.6757659912109375 81.25373077392578125 78.1423797607421875 79.58521270751953125 79.61962890625 77.63751983642578125 79.2010345458984375 79.06624603271484375 79.02862548828125 80.49736785888671875 83.01702117919921875 82.7228546142578125 80.448944091796875 81.49298095703125 81.73828125 81.67797088623046875 84.2844085693359375 84.04901885986328125 85.492462158203125 84.6364288330078125 86.68537139892578125 84.57804107666015625 85.02734375 83.69586944580078125 86.4826507568359375 88.78497314453125 89.098602294921875 92.00637054443359375 87.2669525146484375 87.515777587890625 86.21533966064453125 87.3643646240234375 87.93975830078125 85.24819183349609375 85.56127166748046875 84.58258819580078125 84.91506195068359375 87.8888397216796875 89.9186553955078125 88.41992950439453125 95.4536895751953125 95.6356658935546875 89.409423828125 91.863037109375 85.17144012451171875
79.16371917724609375 82.1674957275390625 81.870758056640625 82.93036651611328125 82.57767486572265625 82.21384429931640625 81.27854156494140625 79.46288299560546875 78.56981658935546875 81.1218109130859375 79.1786651611328125 80.32892608642578125 78.29074859619140625 78.25940704345703125 78.07451629638671875 80.28493499755859375 80.71343994140625 81.244537353515625 79.80626678466796875 81.43910980224609375 81.746063232421875 84.03800201416015625 81.56781005859375 84.39002227783203125 83.884307861328125 85.324371337890625 86.2744140625 88.289947509765625 85.49423980712890625 84.28536224365234375 88.46817779541015625 91.07918548583984375 90.58788299560546875 86.80313873291015625 85.62578582763671875 86.2405548095703125 85.5169525146484375 88.13039398193359375 85.654815673828125 83.98285675048828125 82.21663665771484375 84.33617401123046875 86.49529266357421875 94.4207763671875 98.9234619140625 99.1991424560546875 99.1743621826171875 83.818359375 84.28820037841796875 86.9485626220703125
80.94268798828125 83.148590087890625 80.72296142578125 83.268829345703125 82.1275177001953125 82.8795013427734375 81.51555633544921875 79.3205718994140625 78.732025146484375 80.5898284912109375 79.3244171142578125 79.550201416015625 80.13806915283203125 79.52050018310546875 77.507720947265625 79.109893798828125 79.6189727783203125 79.57447052001953125 80.00531768798828125 80.52243804931640625 80.63050079345703125 81.477630615234375 81.15511322021484375 82.365203857421875 84.558990478515625 85.3964080810546875 85.32843780517578125 86.4858856201171875 85.22949981689453125 86.58636474609375 88.180938720703125 87.100860595703125 88.457061767578125 87.52521514892578125 85.74272918701171875 84.044189453125 84.3882598876953125 82.344390869140625 83.60699462890625 81.88547515869140625 81.453369140625 83.96907806396484375 86.64409637451171875 85.5816497802734375 89.9654388427734375 93.4938812255859375 99.3476409912109375 81.4805908203125 83.2621307373046875 80.70165252685546875
83.093353271484375 84.18206024169921875 79.1321563720703125 78.728302001953125 79.70809173583984375 79.1173248291015625 78.97052764892578125 79.741546630859375 80.546783447265625 80.60671234130859375 78.9835052490234375 79.99115753173828125 80.67160797119140625 80.99164581298828125 79.57228851318359375 78.02394866943359375 78.61655426025390625 79.8043060302734375 79.1580810546875 80.0601654052734375 80.00078582763671875 79.6727294921875 81.54463958740234375 82.82035064697265625 83.6410675048828125 84.11939239501953125 83.46389007568359375 83.61948394775390625 85.2829742431640625 86.08878326416015625 87.296478271484375 88.46288299560546875 87.95105743408203125 91.0726470947265625 87.074432373046875 84.282958984375 85.77735137939453125 83.3143768310546875 80.43445587158203125 81.43438720703125 79.818389892578125 80.6220703125 90.10695648193359375 85.78031158447265625 87.045501708984375 99.63961029052734375 95.07303619384765625 85.1136322021484375 94.64136505126953125 86.25885009765625
81.6637115478515625 81.84803009033203125 79.9332275390625 78.61006927490234375 81.83103179931640625 81.13579559326171875 77.0463409423828125 79.4246368408203125 79.48503875732421875 81.38219451904296875 79.30591583251953125 79.65274810791015625 80.385589599609375 81.40743255615234375 81.29918670654296875 79.31609344482421875 77.31169891357421875 79.5255584716796875 80.521942138671875 80.56926727294921875 79.79931640625 79.69210052490234375 81.26595306396484375 81.95594024658203125 81.1927337646484375 81.6135406494140625 80.5771636962890625 81.49633026123046875 83.30870819091796875 83.88289642333984375 85.79119873046875 85.82154083251953125 87.3327789306640625 87.63857269287109375 89.60628509521484375 85.28696441650390625 83.814971923828125 81.25778961181640625 81.88346099853515625 81.34356689453125 80.86557769775390625 81.402313232421875 85.1342620849609375 94.80419158935546875 84.54172515869140625 92.87670135498046875 91.0839080810546875 87.38824462890625 89.50038909912109375 86.8181304931640625
82.169219970703125 83.449859619140625 83.150909423828125 79.873748779296875 80.1475067138671875 86.71875762939453125 76.086578369140625 76.51218414306640625 76.66591644287109375 78.514312744140625 79.3850555419921875 79.0167083740234375 79.38636016845703125 80.383056640625 79.58145904541015625 80.72722625732421875 78.6412506103515625 79.33663177490234375 80.3680877685546875 80.4672088623046875 79.65818023681640625 79.57805633544921875 79.85594940185546875 81.40802001953125 80.61769866943359375 81.36309051513671875 81.286834716796875 80.345794677734375 81.05678558349609375 85.08840179443359375 85.21199798583984375 84.87963104248046875 89.08679962158203125 86.345123291015625 85.67253875732421875 86.6153564453125 85.25492095947265625 82.94155120849609375 83.06159210205078125 82.59537506103515625 82.20667266845703125 83.805816650390625 86.04949951171875 88.2919921875 91.3906097412109375 89.92636871337890625 83.12677001953125 84.2581939697265625 94.05338287353515625 88.8614501953125
81.8174896240234375 79.9595947265625 81.93769073486328125 80.37191009521484375 82.061553955078125 78.646636962890625 77.389801025390625 76.70001983642578125 77.16887664794921875 81.22907257080078125 82.45343017578125 80.98516845703125 82.46869659423828125 87.749237060546875 80.2088470458984375 80.64727020263671875 79.477813720703125 79.22982025146484375 78.4817657470703125 79.4594879150390625 79.46627044677734375 78.3978271484375 79.21038055419921875 80.7300567626953125 81.21982574462890625 80.7080078125 80.7485198974609375 80.0315704345703125 82.786468505859375 81.5213623046875 80.859588623046875 84.92852020263671875 86.93450927734375 81.21834564208984375 82.34283447265625 82.40348052978515625 85.94272613525390625 85.37282562255859375 82.5691986083984375 79.6743621826171875 82.83316802978515625 83.56819915771484375 83.09712982177734375 82.5845794677734375 86.6268310546875 83.8154296875 81.41374969482421875 83.96935272216796875 89.57483673095703125 81.61687469482421875
79.85040283203125 80.2236785888671875 79.0314178466796875 78.2415618896484375 78.17343902587890625 79.20880889892578125 77.64632415771484375 77.1109161376953125 78.4504547119140625 81.1194610595703125 81.06150054931640625 80.2180328369140625 81.4699554443359375 79.59812164306640625 80.3780670166015625 80.56604766845703125 80.41786956787109375 80.17086029052734375 78.7623443603515625 79.65624237060546875 79.87619781494140625 79.89266204833984375 79.30719757080078125 78.609283447265625 80.01912689208984375 80.33838653564453125 79.7210693359375 81.00786590576171875 82.01511383056640625 80.74224853515625 80.04084014892578125 81.63360595703125 82.3386993408203125 81.61148834228515625 83.380615234375 85.25170135498046875 84.05017852783203125 82.5823974609375 80.510040283203125 80.80159759521484375 82.87837982177734375 82.37389373779296875 80.90252685546875 80.40090179443359375 82.747222900390625 91.76137542724609375 85.547149658203125 88.07204437255859375 83.32386016845703125 82.5527496337890625
76.5870513916015625 79.0919036865234375 77.109649658203125 76.8897705078125 81.01221466064453125 77.751739501953125 78.86114501953125 78.9069976806640625 80.5213775634765625 81.19008636474609375 82.284637451171875 82.761505126953125 81.6621246337890625 81.4042205810546875 80.5428619384765625 78.97789764404296875 79.22257232666015625 79.5728759765625 79.6803131103515625 79.22015380859375 79.05410003662109375 79.56468963623046875 81.179443359375 79.0612335205078125 78.8202362060546875 80.348968505859375 79.3737945556640625 81.0019683837890625 81.06357574462890625 80.00470733642578125 80.668853759765625 81.880767822265625 81.4280548095703125 82.58632659912109375 83.87583160400390625 83.1235198974609375 81.9338226318359375 83.32337188720703125 81.2802581787109375 78.67824554443359375 80.03116607666015625 82.93241119384765625 80.28969573974609375 79.8185577392578125 84.61037445068359375 84.90570068359375 89.3118438720703125 87.21923828125 83.1185760498046875 84.28595733642578125
76.08855438232421875 77.669525146484375 75.883880615234375 79.04080963134765625 80.71393585205078125 79.8080596923828125 81.03243255615234375 78.41312408447265625 80.2654876708984375 81.1104583740234375 79.8077850341796875 82.37580108642578125 82.02294158935546875 81.14813232421875 80.42321014404296875 78.2169189453125 77.50310516357421875 78.49566650390625 80.09738922119140625 78.26422119140625 78.59232330322265625 79.3949127197265625 78.7395172119140625 78.16644287109375 80.542022705078125 79.75940704345703125 79.312469482421875 79.94235992431640625 80.39141845703125 78.254791259765625 78.826812744140625 79.20037078857421875 79.6711883544921875 81.1684722900390625 81.5558624267578125 78.8566131591796875 80.90655517578125 82.6851654052734375 80.450592041015625 84.470489501953125 83.7874755859375 82.7069091796875 80.35451507568359375 78.58190155029296875 74.56873321533203125 77.7928466796875 91.1058502197265625 87.15550994873046875 85.9827728271484375 84.4018402099609375
77.99212646484375 75.39028167724609375 77.38944244384765625 80.3609771728515625 82.02693939208984375 81.95709228515625 80.57538604736328125 79.226470947265625 79.75494384765625 80.0358428955078125 81.3583221435546875 81.30922698974609375 81.9501190185546875 80.4376220703125 78.99398040771484375 78.0521087646484375 78.0522308349609375 77.5986175537109375 80.3722991943359375 80.77501678466796875 79.24544525146484375 78.52568817138671875 77.56102752685546875 77.91649627685546875 80.26552581787109375 77.1248321533203125 78.4681549072265625 78.3048248291015625 78.1289520263671875 79.54888153076171875 79.515838623046875 79.453155517578125 80.77679443359375 80.65509796142578125 80.833709716796875 77.86273956298828125 81.079010009765625 83.88507080078125 82.30359649658203125 81.06514739990234375 82.76325225830078125 83.20310211181640625 80.05554962158203125 82.22083282470703125 78.87921142578125 75.197540283203125 77.53308868408203125 77.95757293701171875 80.98799896240234375 84.0422210693359375
77.5018157958984375 77.66548919677734375 78.8545074462890625 80.20404052734375 80.23224639892578125 81.28078460693359375 80.56238555908203125 81.9595184326171875 80.25485992431640625 78.6990966796875 80.22027587890625 80.55724334716796875 81.83174896240234375 81.7228240966796875 78.29253387451171875 79.34527587890625 78.694854736328125 78.2475433349609375 78.38904571533203125 80.26515960693359375 79.55158233642578125 79.67008209228515625 79.69559478759765625 77.40433502197265625 77.9820709228515625 76.82422637939453125 76.22347259521484375 75.72408294677734375 77.18437957763671875 78.06165313720703125 77.7056121826171875 81.37320709228515625 80.16577911376953125 83.6408843994140625 80.3188934326171875 79.84581756591796875 78.65068817138671875 80.96753692626953125 78.94899749755859375 79.39349365234375 82.10584259033203125 77.321197509765625 76.42881011962890625 75.310302734375 74.55934906005859375 78.38631439208984375 75.0474090576171875 75.92275238037109375 76.32707977294921875 89.71839141845703125
75.8717803955078125 76.3010101318359375 78.2253875732421875 78.60547637939453125 79.58252716064453125 80.23511505126953125 82.48209381103515625 81.11014556884765625 81.83345794677734375 80.312835693359375 78.5756683349609375 81.13482666015625 81.57312774658203125 81.40674591064453125 78.6137847900390625 76.40296173095703125 78.06310272216796875 77.74326324462890625 78.06735992431640625 79.26897430419921875 78.5416412353515625 78.84253692626953125 78.452850341796875 77.14910888671875 77.33441162109375 77.31512451171875 76.249969482421875 77.73619842529296875 80.130584716796875 79.52513885498046875 77.1977996826171875 76.736541748046875 76.1952362060546875 80.49285125732421875 79.16213226318359375 78.99224090576171875 78.4846954345703125 77.92357635498046875 79.1126251220703125 78.04553985595703125 79.208099365234375 78.83220672607421875 75.39977264404296875 75.7910919189453125 81.2765045166015625 78.628387451171875 72.2620086669921875 73.6318511962890625 78.48577880859375 88.87366485595703125
75.18627166748046875 76.887054443359375 76.816192626953125 77.65476226806640625 77.990814208984375 78.01204681396484375 79.57976531982421875 80.0184326171875 81.72534942626953125 79.29471588134765625 77.162353515625 80.9825592041015625 79.58850860595703125 77.78838348388671875 75.3625335693359375 76.7770843505859375 75.80039215087890625 75.3531646728515625 75.8050079345703125 76.606719970703125 77.904083251953125 76.67084503173828125 77.1459503173828125 75.83214569091796875 76.40276336669921875 78.10576629638671875 76.6634979248046875 76.9197540283203125 78.674468994140625 78.87151336669921875 78.66655731201171875 76.09203338623046875 76.5955352783203125 79.58295440673828125 81.11112213134765625 79.13927459716796875 77.868194580078125 77.3585357666015625 77.89667510986328125 78.11663055419921875 78.02344512939453125 75.2216949462890625 80.23171234130859375 77.64300537109375 77.60521697998046875 71.01456451416015625 72.64727020263671875 70.5568695068359375 72.3411865234375 84.37566375732421875
76.80252838134765625 76.95803070068359375 77.2278289794921875 77.86820220947265625 80.18016815185546875 79.8325347900390625 79.3566436767578125 80.07956695556640625 80.38329315185546875 79.028106689453125 78.7378082275390625 79.73722076416015625 77.79644775390625 74.5436553955078125 75.47795867919921875 76.855010986328125 76.31400299072265625 75.745452880859375 74.08936309814453125 75.50783538818359375 77.714202880859375 76.88423919677734375 76.58753204345703125 75.98023223876953125 76.22794342041015625 76.39266204833984375 77.86029815673828125 77.8526153564453125 77.57421875 76.58504486083984375 77.37799072265625 76.424072265625 77.02484893798828125 78.5351715087890625 77.310577392578125 76.92848968505859375 78.40578460693359375 78.8931732177734375 78.805084228515625 76.7320404052734375 78.67882537841796875 77.62451934814453125 78.44640350341796875 78.72434234619140625 79.71526336669921875 71.8358612060546875 76.980255126953125 72.34041595458984375 75.545684814453125 78.19321441650390625
