data/slope.asc
ncols        384
nrows        480
xllcorner    138.000000000000
yllcorner    -29.000000000000
cellsize     0.041666666667
NODATA_value -9999
[rows 147 to 167 of 480, columns 141 to 187 of 384]
0.10011575371026992798 0.1017899438738822937 0.067239202558994293213 0.17670609056949615479 0.1077876165509223938 0.11902955174446105957 0.13237372040748596191 0.10132181644439697266 0.080885447561740875244 0.071871109306812286377 0.034302689135074615479 0.037753663957118988037 0.075669594109058380127 0.12749560177326202393 0.094677627086639404297 0.041442282497882843018 0.067319929599761962891 0.096063777804374694824 0.077405765652656555176 0.094000257551670074463 0.22981081902980804443 0.42703083157539367676 0.32338848710060119629 0.21724721789360046387 0.30785936117172241211 0.10995373129844665527 0.40857776999473571777 0.52471822500228881836 0.76263427734375 0.79225975275039672852 0.53896987438201904297 0.36335074901580810547 0.25053337216377258301 0.20766778290271759033 0.10069360584020614624 0.19769345223903656006 0.31269606947898864746 -9999 -9999 -9999 -9999 -9999 -9999 -9999 -9999 -9999 -9999
0.10272698104381561279 0.077903963625431060791 0.07398525625467300415 0.15873377025127410889 0.069927275180816650391 0.14010454714298248291 0.12512709200382232666 0.10988552868366241455 0.10315980762243270874 0.13600663840770721436 0.082608841359615325928 0.040269330143928527832 0.059803891927003860474 0.086378537118434906006 0.075941212475299835205 0.084788747131824493408 0.050153695046901702881 0.065952800214290618896 0.066888771951198577881 0.053590591996908187866 0.1371860504150390625 0.30481103062629699707 0.31992420554161071777 0.33768784999847412109 0.32813099026679992676 0.27492064237594604492 0.59009021520614624023 0.8355719447135925293 0.85234040021896362305 0.84324193000793457031 0.50877541303634643555 0.29681676626205444336 0.29794254899024963379 0.25415500998497009277 0.2565320134162902832 0.31269606947898864746 0.3249492943286895752 -9999 -9999 -9999 -9999 -9999 -9999 -9999 -9999 -9999 -9999
0.14775483310222625732 0.13563898205757141113 0.13622029125690460205 0.12127018719911575317 0.077905230224132537842 0.1428486555814743042 0.10347012430429458618 0.099616736173629760742 0.090160727500915527344 0.14718112349510192871 0.13370606303215026855 0.053320311009883880615 0.075942061841487884521 0.03609682619571685791 0.01972120627760887146 0.012799344025552272797 0.049076251685619354248 0.046962708234786987305 0.045588947832584381104 0.055630888789892196655 0.093003258109092712402 0.20108941197395324707 0.39773634076118469238 0.52223986387252807617 0.48407828807830810547 0.49709546566009521484 0.55668121576309204102 0.42969021201133728027 0.68885099887847900391 0.80583715438842773438 0.62354075908660888672 0.23366011679172515869 0.20923507213592529297 0.20036797225475311279 0.31269606947898864746 0.33720248937606811523 0.3317566215991973877 -9999 -9999 -9999 -9999 -9999 -9999 -9999 -9999 -9999 -9999
0.10076642781496047974 0.15270783007144927979 0.16050808131694793701 0.094875477254390716553 0.13859446346759796143 0.12224695086479187012 0.082640431821346282959 0.075820907950401306152 0.052949681878089904785 0.11216381937265396118 0.13642974197864532471 0.081189982593059539795 0.097859442234039306641 0.062324140220880508423 0.038895342499017715454 0.091469503939151763916 0.10068055987358093262 0.08363758772611618042 0.10265582799911499023 0.2114028632640838623 0.31698697805404663086 0.26966321468353271484 0.31574133038520812988 0.5945822596549987793 0.51470702886581420898 0.41134798526763916016 0.15862976014614105225 0.60654866695404052734 0.90110552310943603516 0.66310715675354003906 0.443798065185546875 0.11496250331401824951 0.088039882481098175049 0.31269606947898864746 0.3617089390754699707 0.34537130594253540039 0.35354012250900268555 -9999 -9999 -9999 -9999 -9999 -9999 -9999 -9999 -9999 -9999
0.072133891284465789795 0.18136031925678253174 0.14020207524299621582 0.14539720118045806885 0.18537925183773040771 0.11481595039367675781 0.095412783324718475342 0.051074817776679992676 0.069970622658729553223 0.12726241350173950195 0.15165607631206512451 0.11044628918170928955 0.090238533914089202881 0.083950936794281005859 0.074889950454235076904 0.160837516188621521 0.20916835963726043701 0.21946911513805389404 0.16727580130100250244 0.26217010617256164551 0.35055202245712280273 0.27959087491035461426 0.10867664963006973267 0.5496266484260559082 0.5595270991325378418 0.40539863705635070801 0.29888397455215454102 0.69199162721633911133 0.44244489073753356934 0.71632856130599975586 0.90266382694244384766 0.43321019411087036133 0.29218745231628417969 0.41072180867195129395 0.3617089390754699707 0.37804657220840454102 0.36987775564193725586 -9999 -9999 -9999 -9999 -9999 -9999 -9999 -9999 -9999 -9999
0.12882149219512939453 0.23153637349605560303 0.14671717584133148193 0.18977513909339904785 0.16145956516265869141 0.15773606300354003906 0.11442153900861740112 0.095924668014049530029 0.13861924409866333008 0.18259073793888092041 0.20856103301048278809 0.14837801456451416016 0.088620699942111968994 0.078850202262401580811 0.081836484372615814209 0.17922185361385345459 0.26384654641151428223 0.2979590296745300293 0.31877550482749938965 0.15652066469192504883 0.35224112868309020996 0.13429850339889526367 0.24285553395748138428 0.47362205386161804199 0.65101212263107299805 0.45788833498954772949 0.52552038431167602539 0.83624356985092163086 0.49411112070083618164 0.28342813253402709961 0.61701804399490356445 0.39973804354667663574 0.29414552450180053711 0.33235159516334533691 0.41072180867195129395 0.38621538877487182617 0.39166125655174255371 -9999 -9999 -9999 -9999 -9999 -9999 -9999 -9999 -9999 -9999
0.12149249762296676636 0.25757366418838500977 0.19766502082347869873 0.27598589658737182617 0.21307168900966644287 0.24644768238067626953 0.11625170707702636719 0.17096652090549468994 0.19675992429256439209 0.1983690410852432251 0.21225243806838989258 0.16598699986934661865 0.07636477053165435791 0.063959300518035888672 0.088740773499011993408 0.1801036149263381958 0.3038985133171081543 0.38845846056938171387 0.490139007568359375 0.4637660980224609375 0.57993334531784057617 0.64755797386169433594 0.68772464990615844727 0.33067843317985534668 0.54600656032562255859 0.53461819887161254883 0.92453336715698242188 0.82044541835784912109 0.35169079899787902832 0.7936789393424987793 0.95242780447006225586 0.56664627790451049805 0.3401629030704498291 0.29414552450180053711 0.34573963284492492676 0.41072180867195129395 0.39846858382225036621 -9999 -9999 -9999 -9999 -9999 -9999 -9999 -9999 -9999 -9999
0.10808188468217849731 0.19464309513568878174 0.19374237954616546631 0.38593775033950805664 0.34316197037696838379 0.42175701260566711426 0.13214120268821716309 0.22046323120594024658 0.22267217934131622314 0.22305937111377716064 0.19167621433734893799 0.18727543950080871582 0.065502524375915527344 0.06226228177547454834 0.10659401118755340576 0.17301766574382781982 0.31599083542823791504 0.49821349978446960449 0.23764277994632720947 0.40733373165130615234 0.74677187204360961914 0.83288365602493286133 0.85127800703048706055 0.43218064308166503906 0.19693878293037414551 0.51246184110641479492 0.55265474319458007813 0.38873696327209472656 0.80606859922409057617 0.81057655811309814453 0.29469430446624755859 0.10012173652648925781 0.24607989192008972168 0.20235468447208404541 0.17086420953273773193 0.26170679926872253418 0.41072180867195129395 -9999 -9999 -9999 -9999 -9999 -9999 -9999 -9999 -9999 -9999
0.11247933655977249146 0.13707880675792694092 0.21201653778553009033 0.30370628833770751953 0.15957775712013244629 0.42897108197212219238 0.13197320699691772461 0.31175798177719116211 0.27017945051193237305 0.27810719609260559082 0.25607255101203918457 0.17697356641292572021 0.087592266499996185303 0.10705792903900146484 0.1575120389461517334 0.18080988526344299316 0.26876166462898254395 0.50617277622222900391 0.30603629350662231445 0.36671453714370727539 0.62407720088958740234 0.62830841541290283203 0.6592318415641784668 0.42329999804496765137 0.090746127068996429443 0.59491783380508422852 0.14962482452392578125 0.49320656061172485352 0.62742632627487182617 0.95236629247665405273 0.24998669326305389404 0.071471653878688812256 0.083802193403244018555 0.047582902014255523682 0.11950153112411499023 0.29515421390533447266 0.59173917770385742188 -9999 -9999 -9999 -9999 -9999 -9999 -9999 -9999 -9999 -9999
0.14835382997989654541 0.12440080940723419189 0.1164200901985168457 0.056648638099431991577 0.2186806797981262207 0.22921966016292572021 0.2194296717643737793 0.29230102896690368652 0.11219760775566101074 0.29754975438117980957 0.25313729047775268555 0.13382932543754577637 0.1107306256890296936 0.12313548475503921509 0.22536219656467437744 0.25670069456100463867 0.39085486531257629395 0.62859475612640380859 0.78659600019454956055 0.88045585155487060547 0.82343095541000366211 0.57352840900421142578 0.60739976167678833008 0.71421122550964355469 0.068541936576366424561 0.44861930608749389648 0.51011097431182861328 0.34534612298011779785 0.66260427236557006836 0.54900002479553222656 0.22628906369209289551 0.11603246629238128662 0.047582902014255523682 0.19142015278339385986 0.29851195216178894043 0.59173917770385742188 0.69436144828796386719 -9999 -9999 -9999 -9999 -9999 -9999 -9999 -9999 -9999 -9999
0.18809737265110015869 0.083323992788791656494 0.03276653587818145752 0.056781813502311706543 0.35777428746223449707 0.60167264938354492188 0.56795579195022583008 0.19866122305393218994 0.10956815630197525024 0.24669051170349121094 0.14392590522766113281 0.13015577197074890137 0.14006587862968444824 0.12937623262405395508 0.36472350358963012695 0.47305622696876525879 0.58522266149520874023 0.65949487686157226563 0.8126665949821472168 0.81694114208221435547 0.82262343168258666992 0.79419249296188354492 0.85585647821426391602 1.2789205312728881836 0.47313758730888366699 0.16534559428691864014 0.65381520986557006836 0.8107560276985168457 0.84033662080764770508 0.77191138267517089844 0.60999655723571777344 0.35894933342933654785 0.33525741100311279297 0.36330556869506835938 0.59173917770385742188 0.7969837188720703125 0.77669900655746459961 -9999 -9999 -9999 -9999 -9999 -9999 -9999 -9999 -9999 -9999
0.2419986426830291748 0.18840955197811126709 0.13800455629825592041 0.29243451356887817383 0.63400304317474365234 0.71131080389022827148 0.77712213993072509766 0.59182631969451904297 0.20210416615009307861 0.15203216671943664551 0.16290143132209777832 0.18068608641624450684 0.21800588071346282959 0.27538686990737915039 0.45524051785469055176 0.37955254316329956055 0.15825086832046508789 0.41259539127349853516 0.76225715875625610352 0.89604985713958740234 0.46505185961723327637 0.59732663631439208984 0.67361724376678466797 1.3615694046020507813 1.2275841236114501953 0.23379899561405181885 0.1267376244068145752 0.25852257013320922852 0.59768962860107421875 0.88286447525024414063 0.98820769786834716797 0.67029231786727905273 0.4786427617073059082 0.59173917770385742188 1.0022282600402832031 0.94137406349182128906 0.95153957605361938477 0.94314169883728027344 -9999 -9999 -9999 -9999 -9999 -9999 -9999 -9999 -9999
0.33519786596298217773 0.26464241743087768555 0.31764185428619384766 0.3682956397533416748 0.614482879638671875 0.38095182180404663086 0.59724342823028564453 0.80660808086395263672 0.40164443850517272949 0.29001528024673461914 0.2974293828010559082 0.30489176511764526367 0.36260038614273071289 0.55441051721572875977 0.44374004006385803223 0.22031472623348236084 0.05364133790135383606 0.31137236952781677246 0.77896928787231445313 0.96602463722229003906 0.94340568780899047852 0.33678969740867614746 0.42279976606369018555 1.1775348186492919922 1.8470904827117919922 0.42276406288146972656 0.32355591654777526855 0.32836756110191345215 0.26711672544479370117 0.11440840363502502441 0.55845355987548828125 0.60360497236251831055 0.92289364337921142578 1.4127173423767089844 1.2301547527313232422 1.1246588230133056641 0.94314169883728027344 0.9578698277473449707 -9999 -9999 -9999 -9999 -9999 -9999 -9999 -9999 -9999
0.35691618919372558594 0.17147576808929443359 0.34417140483856201172 0.30293193459510803223 0.43654587864875793457 0.3853168487548828125 0.2678483426570892334 0.77671086788177490234 0.56872862577438354492 0.44573211669921875 0.6159000396728515625 0.71340346336364746094 0.63966518640518188477 0.53252100944519042969 0.38852569460868835449 0.33236554265022277832 0.29584488272666931152 0.052852869033813476563 0.63839447498321533203 0.9890053868293762207 1.5521081686019897461 1.5193893909454345703 0.91339600086212158203 1.0728026628494262695 1.8513805866241455078 0.63696157932281494141 0.044790174812078475952 0.15908905863761901855 0.26337674260139465332 0.016124784946441650391 0.29145842790603637695 0.32187727093696594238 1.1885142326354980469 1.6860076189041137695 1.3231103420257568359 0.94314169883728027344 0.97259795665740966797 1.0072373151779174805 -9999 -9999 -9999 -9999 -9999 -9999 -9999 -9999 -9999
0.36720162630081176758 0.27139511704444885254 0.22105701267719268799 0.19801950454711914063 0.26415053009986877441 0.45105338096618652344 0.26252895593643188477 0.65858751535415649414 0.70143753290176391602 0.47936406731605529785 0.7600415349006652832 0.90087187290191650391 0.93648016452789306641 0.62020200490951538086 0.39374807476997375488 0.33729591965675354004 0.40665403008460998535 0.32872086763381958008 0.034520857036113739014 0.32381710410118103027 0.71022468805313110352 1.4065649509429931641 1.4631161689758300781 1.2170629501342773438 1.4768400192260742188 0.5385570526123046875 0.11406383663415908813 0.23512960970401763916 0.49912297725677490234 0.5977948307991027832 0.84684020280838012695 0.80153006315231323242 1.1423122882843017578 1.250574946403503418 0.94314169883728027344 1.0020542144775390625 1.1059721708297729492 1.1811413764953613281 -9999 -9999 -9999 -9999 -9999 -9999 -9999 -9999 -9999
0.1313422471284866333 0.43264752626419067383 0.3907063901424407959 0.37168103456497192383 0.33520546555519104004 0.56449842453002929688 0.3843822777271270752 0.46195644140243530273 0.75969731807708740234 0.76594793796539306641 0.791423797607421875 0.8011868596076965332 1.1170315742492675781 1.3675885200500488281 1.1025639772415161133 0.82398253679275512695 0.98721778392791748047 1.1451951265335083008 0.92441481351852416992 0.43254843354225158691 0.38457387685775756836 0.73977249860763549805 0.78050565719604492188 0.75228935480117797852 0.97234559059143066406 0.28888472914695739746 0.1945155709981918335 0.27353012561798095703 0.39899703860282897949 0.71825265884399414063 1.1162090301513671875 1.3070169687271118164 1.0854147672653198242 1.3799457550048828125 1.0609667301177978516 1.3727205991744995117 1.4648540019989013672 1.4997828006744384766 -9999 -9999 -9999 -9999 -9999 -9999 -9999 -9999 -9999
0.15185545384883880615 0.46506199240684509277 0.5000756382942199707 0.43218588829040527344 0.44214805960655212402 0.73901098966598510742 0.68160557746887207031 0.72788596153259277344 0.94144451618194580078 0.97916150093078613281 0.73804908990859985352 0.83368074893951416016 0.97935688495635986328 1.2265300750732421875 1.5477931499481201172 1.529261469841003418 1.6949950456619262695 1.8765544891357421875 1.9181663990020751953 1.1327929496765136719 0.36767622828483581543 0.5256054997444152832 0.40598586201667785645 0.41189938783645629883 0.66496503353118896484 0.43427219986915588379 0.34739223122596740723 0.49402415752410888672 0.39433053135871887207 0.90255171060562133789 1.3751327991485595703 0.99597561359405517578 0.94349688291549682617 0.70961928367614746094 2.1140532493591308594 2.0197873115539550781 1.9285221099853515625 1.8482005596160888672 -9999 -9999 -9999 -9999 -9999 -9999 -9999 -9999 -9999
0.20850066840648651123 0.41335085034370422363 0.58959823846817016602 0.22254270315170288086 0.27317631244659423828 0.59124422073364257813 0.45319396257400512695 0.18863064050674438477 0.33043172955513000488 0.45394888520240783691 0.4694474637508392334 0.72185236215591430664 0.59810125827789306641 0.3908074498176574707 0.78496694564819335938 0.94504821300506591797 0.99804079532623291016 1.2123880386352539063 2.1292836666107177734 2.2946827411651611328 1.4247105121612548828 0.42772254347801208496 0.28983968496322631836 0.12124849110841751099 0.4987983405590057373 0.51443785429000854492 0.25470018386840820313 0.55897390842437744141 0.53612679243087768555 0.84360575675964355469 1.6943225860595703125 0.90441411733627319336 1.0482692718505859375 1.0474116802215576172 2.8843417167663574219 2.3930585384368896484 2.1512255668640136719 2.1951541900634765625 2.5044989585876464844 -9999 -9999 -9999 -9999 -9999 -9999 -9999 -9999
0.20430417358875274658 0.34354707598686218262 0.64535391330718994141 0.76675784587860107422 0.56075823307037353516 0.58679217100143432617 0.82169908285140991211 0.83235496282577514648 0.68534696102142333984 0.39630278944969177246 0.21653534471988677979 0.48955211043357849121 0.26311025023460388184 0.37480333447456359863 0.26331916451454162598 0.10199287533760070801 0.34035244584083557129 0.22563070058822631836 0.79465383291244506836 1.4624943733215332031 1.6211681365966796875 1.346308588981628418 0.47397053241729736328 0.23798437416553497314 0.42014530301094055176 0.62154489755630493164 0.22483283281326293945 0.56342536211013793945 0.67685014009475708008 1.4560620784759521484 1.5267478227615356445 0.57979172468185424805 0.826816558837890625 2.3574895858764648438 2.1807808876037597656 2.0408306121826171875 2.1963701248168945313 2.5044989585876464844 2.5813832283020019531 2.7346236705780029297 -9999 -9999 -9999 -9999 -9999 -9999 -9999
0.088223800063133239746 0.085615776479244232178 0.19294217228889465332 0.46477958559989929199 0.66836941242218017578 0.53577786684036254883 0.57696902751922607422 0.64389955997467041016 0.6134058833122253418 0.55836260318756103516 0.60286432504653930664 0.64569073915481567383 0.5681222081184387207 0.43342861533164978027 0.35175934433937072754 0.48466253280639648438 0.32321378588676452637 0.3392931818962097168 0.92426246404647827148 0.84009695053100585938 0.32961803674697875977 1.1950818300247192383 1.2598677873611450195 0.67982447147369384766 0.40948534011840820313 0.85472440719604492188 1.0920637845993041992 0.32075044512748718262 1.0169152021408081055 1.3562299013137817383 0.68738406896591186523 1.4741213321685791016 1.9177414178848266602 2.0709197521209716797 1.0573693513870239258 1.8470920324325561523 2.5044989585876464844 2.5050272941589355469 2.7346236705780029297 3.1261181831359863281 3.6344063282012939453 -9999 -9999 -9999 -9999 -9999 -9999
0.18767340481281280518 0.21357119083404541016 0.23473152518272399902 0.16299350559711456299 0.34368079900741577148 0.22259873151779174805 0.13933162391185760498 0.43605139851570129395 0.52901357412338256836 0.4879111945629119873 0.59257841110229492188 0.60013914108276367188 0.54792445898056030273 0.53965646028518676758 0.34527376294136047363 0.59472042322158813477 0.66170316934585571289 1.0136200189590454102 0.81523489952087402344 0.36960089206695556641 0.28561386466026306152 0.3353258669376373291 1.0312471389770507813 1.2805305719375610352 0.77713173627853393555 1.1418281793594360352 1.4681056737899780273 1.191193699836730957 0.53954493999481201172 1.2641378641128540039 1.638562321662902832 1.42018890380859375 1.0570982694625854492 0.41983786225318908691 1.6457189321517944336 2.5044989585876464844 2.275959014892578125 2.7346236705780029297 3.0093243122100830078 3.6344063282012939453 3.6344063282012939453 -9999 -9999 -9999 -9999 -9999 -9999
