data/slope.asc
ncols        384
nrows        480
xllcorner    138.000000000000
yllcorner    -29.000000000000
cellsize     0.041666666667
NODATA_value -9999
[rows 441 to 461 of 480, columns 0 to 46 of 384]
0.046401962637901306152 0.026057109236717224121 0.052021920680999755859 0.050994995981454849243 0.0098618380725383758545 0.034767638891935348511 0.0420073680579662323 0.04197077825665473938 0.025824906304478645325 0.011658439412713050842 0.0069516138173639774323 0.0054405177943408489227 0.031484529376029968262 0.13812586665153503418 0.14152206480503082275 0.084585711359977722168 0.033421352505683898926 0.0079644080251455307007 0.018718361854553222656 0.04475751146674156189 0.12728478014469146729 0.19240152835845947266 0.17686349153518676758 0.11127279698848724365 0.17095868289470672607 0.15127111971378326416 0.034767638891935348511 0.1568476557731628418 0.16226063668727874756 0.10641073435544967651 0.063715241849422454834 0.12688177824020385742 0.16064378619194030762 0.1750097125768661499 0.10432042926549911499 0.052506566047668457031 0.033922597765922546387 0.036792714148759841919 0.021996904164552688599 0.0079644080251455307007 0.016469394788146018982 0.021370170637965202332 0.046120014041662216187 0.072845883667469024658 0.057668175548315048218 0.018539911136031150818 0.026300160214304924011
0.063607454299926757813 0.06301072239875793457 0.046881914138793945313 0.0098647112026810646057 0.030788084492087364197 0.023900350555777549744 0.012268768623471260071 0.021375475451350212097 0.0099540371447801589966 0.0046643479727208614349 0.0088306767866015434265 0.0046643479727208614349 0.054982725530862808228 0.13574957847595214844 0.1076439395546913147 0.081265285611152648926 0.056612629443407058716 0.034198921173810958862 0.03279323875904083252 0.031089929863810539246 0.073920555412769317627 0.099698580801486968994 0.10949409008026123047 0.15723972022533416748 0.25179186463356018066 0.1272888481616973877 0.12165040522813796997 0.15204314887523651123 0.12285332381725311279 0.067942149937152862549 0.10315023362636566162 0.018464043736457824707 0.16042943298816680908 0.19373503327369689941 0.13495621085166931152 0.044006273150444030762 0.03118446841835975647 0.051578983664512634277 0.013993044383823871613 0.022654619067907333374 0.018542908132076263428 0.030147584155201911926 0.038096748292446136475 0.011634163558483123779 0.013032818213105201721 0.013993044383823871613 0.021093050017952919006
0.084673464298248291016 0.10175453126430511475 0.059726942330598831177 0.065999142825603485107 0.030571108683943748474 0.02958659641444683075 0.027858767658472061157 0.0069979839026927947998 0.0099544934928417205811 0.0062179863452911376953 0.0076199360191822052002 0.0069979839026927947998 0.055002588778734207153 0.11348098516464233398 0.083482638001441955566 0.060306008905172348022 0.05565565451979637146 0.032709546387195587158 0.029863478615880012512 0.060687359422445297241 0.077491551637649536133 0.05479787290096282959 0.04027273133397102356 0.12994854152202606201 0.23802545666694641113 0.23219929635524749756 0.15288834273815155029 0.16541755199432373047 0.10261102020740509033 0.065288826823234558105 0.15126410126686096191 0.1647761911153793335 0.1878954768180847168 0.16320011019706726074 0.11703382432460784912 0.052268810570240020752 0.037654805928468704224 0.044018771499395370483 0.0023326613008975982666 0.024546613916754722595 0.019691491499543190002 0.01854591071605682373 0.042007420212030410767 0.060650289058685302734 0.062981829047203063965 0.015544965863227844238 0.033372420817613601685
0.086228393018245697021 0.089255131781101226807 0.021762952208518981934 0.062712207436561584473 0.057597305625677108765 0.016332048922777175903 0.016338467597961425781 0.012913633137941360474 0.017031734809279441833 0.014932427555322647095 0.015544965863227844238 0.018724918365478515625 0.052564982324838638306 0.1045767664909362793 0.082178853452205657959 0.038744993507862091064 0.047832872718572616577 0.094175323843955993652 0.13077409565448760986 0.14690463244915008545 0.12169910967350006104 0.09352900087833404541 0.08712126314640045166 0.064946725964546203613 0.096827305853366851807 0.1530218273401260376 0.14987903833389282227 0.13701397180557250977 0.09482739865779876709 0.047677908092737197876 0.066339448094367980957 0.086500242352485656738 0.12986588478088378906 0.1335932612419128418 0.093963854014873504639 0.059222847223281860352 0.036952730268239974976 0.023093998432159423828 0.012277855537831783295 0.024555709213018417358 0.0069594578817486763 0.019909903407096862793 0.014932427555322647095 0.0093325991183519363403 0.053958177566528320313 0.014932427555322647095 0.03188401833176612854
0.069201320409774780273 0.067675508558750152588 0.073577776551246643066 0.069626577198505401611 0.051130000501871109009 0.030337309464812278748 0.030337309464812278748 0.026937361806631088257 0.033059388399124145508 0.026937361806631088257 0.011668196879327297211 0.038755636662244796753 0.060770493000745773315 0.088888913393020629883 0.072924576699733734131 0.08240664750337600708 0.11045916378498077393 0.15773352980613708496 0.13927610218524932861 0.049006413668394088745 0.044005312025547027588 0.057677723467350006104 0.080210000276565551758 0.071515709161758422852 0.012913987040519714355 0.053923476487398147583 0.067046955227851867676 0.08626155555248260498 0.088343560695648193359 0.059611350297927856445 0.054656270891427993774 0.065905183553695678711 0.11962673068046569824 0.12662659585475921631 0.083309717476367950439 0.051098413765430450439 0.025512965396046638489 0.0088403495028614997864 0.011668196879327297211 0.026154048740863800049 0.0093345576897263526917 0.013045664876699447632 0.014267033897340297699 0.0088403495028614997864 0.031893189996480941772 0.027980936691164970398 0.025568811222910881042
0.056130189448595046997 0.05067330971360206604 0.022881384938955307007 0.038376249372959136963 0.031256388872861862183 0.025517454370856285095 0.017492268234491348267 0.0071267220191657543182 0.012914341874420642853 0.01867303997278213501 0.035840529948472976685 0.068368203938007354736 0.053684975951910018921 0.055466219782829284668 0.027980936691164970398 0.10375221073627471924 0.13988621532917022705 0.2269839942455291748 0.22739304602146148682 0.16402651369571685791 0.089397490024566650391 0.059225708246231079102 0.058011792600154876709 0.01768717542290687561 0.04825471341609954834 0.011640437878668308258 0.02910172194242477417 0.069975174963474273682 0.058662679046392440796 0.04898038133978843689 0.073578163981437683105 0.084429323673248291016 0.093430511653423309326 0.080094173550605773926 0.035919047892093658447 0.019712539389729499817 0.024889675900340080261 0.022003959864377975464 0.015254257246851921082 0.015930246561765670776 0.023382367566227912903 0.010447072796523571014 0.011670649982988834381 0.0031089931726455688477 0.013935534283518791199 0.012070287950336933136 0.014004779979586601257
0.047179751098155975342 0.050041746348142623901 0.044234156608581542969 0.012291559949517250061 0.009879176504909992218 0.021132009103894233704 0.0054518305696547031403 0.032641548663377761841 0.057682536542415618896 0.071687370538711547852 0.059737972915172576904 0.063823163509368896484 0.089779198169708251953 0.11019297689199447632 0.10673846304416656494 0.10692833364009857178 0.026108551770448684692 0.13998040556907653809 0.16996119916439056396 0.17084607481956481934 0.16041445732116699219 0.15121062099933624268 0.14864726364612579346 0.064604230225086212158 0.066103562712669372559 0.040378026664257049561 0.036989904940128326416 0.058777406811714172363 0.041513755917549133301 0.05474730953574180603 0.074296116828918457031 0.077766746282577514648 0.069070287048816680908 0.052617397159337997437 0.039162822067737579346 0.036989904940128326416 0.0070038656704127788544 0.013934704475104808807 0.016244303435087203979 0.023601856082677841187 0.01855799555778503418 0.027373660355806350708 0.015544965863227844238 0.009879176504909992218 0.011642016470432281494 0.020876348018646240234 0.038165975362062454224
0.049181602895259857178 0.040824193507432937622 0.034988373517990112305 0.015263901092112064362 0.016246855258941650391 0.015759343281388282776 0.026624578982591629028 0.064778007566928863525 0.097577512264251708984 0.11039883643388748169 0.096742033958435058594 0.050676986575126647949 0.11222635209560394287 0.085265181958675384521 0.11278368532657623291 0.15139879286289215088 0.034848775714635848999 0.073448583483695983887 0.074622839689254760742 0.11612480878829956055 0.13150866329669952393 0.12825988233089447021 0.19152426719665527344 0.15452226996421813965 0.024394981563091278076 0.070075690746307373047 0.050747185945510864258 0.059570346027612686157 0.052508722990751266479 0.066466704010963439941 0.080538541078567504883 0.061054293066263198853 0.057753421366214752197 0.035761334002017974854 0.041801799088716506958 0.036492899060249328613 0.014010689221322536469 0.010907460935413837433 0.0093668680638074874878 0.0071280128322541713715 0.014282478019595146179 0.019087875261902809143 0.011643597856163978577 0.022705757990479469299 0.014282478019595146179 0.016361191868782043457 0.029663236811757087708
0.050655402243137359619 0.056678865104913711548 0.039507173001766204834 0.027883453294634819031 0.021385978907346725464 0.029408784583210945129 0.058071225881576538086 0.085651740431785583496 0.10112181305885314941 0.069871068000793457031 0.082454398274421691895 0.085185579955577850342 0.066725142300128936768 0.082882404327392578125 0.078689850866794586182 0.13466350734233856201 0.023290367797017097473 0.049010910093784332275 0.019237678498029708862 0.046997372061014175415 0.035376686602830886841 0.064274750649929046631 0.16745859384536743164 0.19662497937679290771 0.035001564770936965942 0.085725821554660797119 0.05854443088173866272 0.0749719962477684021 0.054060328751802444458 0.057545293122529983521 0.078457593917846679688 0.050766307860612869263 0.0093424366787075996399 0.016483278945088386536 0.038189437240362167358 0.031568411737680435181 0.021385978907346725464 0.025691699236631393433 7.3514548533945914266e-15 0.012072863057255744934 0.018564080819487571716 0.016483278945088386536 0.014013654552400112152 0.015765273943543434143 0.021822538226842880249 0.015765273943543434143 0.022714346647262573242
0.041800644248723983765 0.054463148117065429688 0.0093690883368253707886 0.028942476958036422729 0.023144422098994255066 0.065432623028755187988 0.065432623028755187988 0.071930676698684692383 0.080313473939895629883 0.047313641756772994995 0.041773911565542221069 0.088458240032196044922 0.085940696299076080322 0.033446323126554489136 0.066748879849910736084 0.089598193764686584473 0.026319358497858047485 0.053397875279188156128 0.060368604958057403564 0.085079528391361236572 0.079472184181213378906 0.088406145572662353516 0.15273551642894744873 0.21115626394748687744 0.066108658909797668457 0.09739574044942855835 0.075386159121990203857 0.076728232204914093018 0.054080888628959655762 0.07428887486457824707 0.075202994048595428467 0.041557848453521728516 0.031579002737998962402 0.026939285919070243835 0.023361042141914367676 0.026569832116365432739 0.012073725461959838867 0.021830171346664428711 0.016372628509998321533 0.020886959508061408997 0.014936584047973155975 5.1723922928482816974e-15 0.0093690883368253707886 0.014292829670011997223 0.028585657477378845215 0.010915085673332214355 0.021155586466193199158
0.035978849977254867554 0.014259919524192810059 0.012916129082441329956 0.031948648393154144287 0.016785712912678718567 0.049728203564882278442 0.076937258243560791016 0.085832558572292327881 0.065012373030185699463 0.036667242646217346191 0.063108667731285095215 0.056394435465335845947 0.098320856690406799316 0.11948754638433456421 0.13697771728038787842 0.11607033759355545044 0.061842955648899078369 0.062706381082534790039 0.085884518921375274658 0.1098771318793296814 0.10659160465002059937 0.12290599942207336426 0.18752136826515197754 0.17419505119323730469 0.012074589729309082031 0.099456332623958587646 0.080786682665348052979 0.063108667731285095215 0.073268517851829528809 0.10497800260782241821 0.071509473025798797607 0.032527089118957519531 0.034885775297880172729 0.0049790944904088973999 0.0099581889808177947998 0.017518967390060424805 0.010466936975717544556 0.0088598839938640594482 0.019102597609162330627 0.025702606886625289917 0.017188219353556632996 0.0079658478498458862305 0.0076392237097024917603 0.023973310366272926331 0.037039849907159805298 0.0093464031815528869629 0.016785712912678718567
0.020479846745729446411 0.039213478565216064453 0.050833985209465026855 0.026323681697249412537 0.063101634383201599121 0.088810324668884277344 0.08434180915355682373 0.090479522943496704102 0.050823919475078582764 0.025161631405353546143 0.06679649651050567627 0.11718333512544631958 0.099856317043304443359 0.12556403875350952148 0.16103193163871765137 0.16157728433609008789 0.11535405367612838745 0.080542936921119689941 0.09611816704273223877 0.12215557694435119629 0.11041083931922912598 0.14261195063591003418 0.1752818375825881958 0.060404881834983825684 0.067785896360874176025 0.088265024125576019287 0.05120287090539932251 0.058112256228923797607 0.10700908303260803223 0.10979576408863067627 0.059265129268169403076 0.030382277444005012512 0.0232181549072265625 0.014261224307119846344 0.017040394246578216553 0.016488555818796157837 0.018742637708783149719 0.016257118433713912964 0.011649963445961475372 0.021391836926341056824 0.018742637708783149719 0.025211006402969360352 0.030383720993995666504 0.030383720993995666504 0.035988658666610717773 0.018742637708783149719 0.01718828640878200531
0.031444951891899108887 0.0079661402851343154907 0.018977928906679153442 0.068488158285617828369 0.10046982765197753906 0.078985519707202911377 0.078859336674213409424 0.060775097459554672241 0.020717322826385498047 0.024638472124934196472 0.061123579740524291992 0.13012260198593139648 0.12269765138626098633 0.02787790447473526001 0.11428990215063095093 0.21247382462024688721 0.25838983058929443359 0.2379967421293258667 0.22454334795475006104 0.23857221007347106934 0.20942682027816772461 0.16808821260929107666 0.084351882338523864746 0.063221804797649383545 0.086898215115070343018 0.040453866124153137207 0.028105663135647773743 0.089262023568153381348 0.13518297672271728516 0.081753656268119812012 0.055952787399291992188 0.041602227836847305298 0.022855905815958976746 0.015932280570268630981 0.0049795620143413543701 0.0049795620143413543701 0.01395005546510219574 0.02375982329249382019 0.017883587628602981567 0.017188353464007377625 0.0191124696284532547 0.035054612904787063599 0.022748881950974464417 0.0098967496305704116821 0.026160677894949913025 0.0070127914659678936005 0.02330312877893447876
0.035895057022571563721 0.047155238687992095947 0.055808581411838531494 0.077157154679298400879 0.074241146445274353027 0.052486937493085861206 0.030690880492329597473 0.013084716163575649261 0.0023380971979349851608 0.042374521493911743164 0.055223941802978515625 0.083234131336212158203 0.13018934428691864014 0.10803608596324920654 0.093065895140171051025 0.12947449088096618652 0.17265836894512176514 0.18304079771041870117 0.20126228034496307373 0.24108156561851501465 0.19636350870132446289 0.13502566516399383545 0.072026774287223815918 0.11469802260398864746 0.056433182209730148315 0.012077196501195430756 0.060246437788009643555 0.13128584623336791992 0.12434469163417816162 0.056341081857681274414 0.055757977068424224854 0.05233885347843170166 0.019200196489691734314 0.01626228727400302887 0.0088697476312518119812 0.0093523878604173660278 0.014028582721948623657 0.027431733906269073486 0.030391402542591094971 0.031285535544157028198 0.022041484713554382324 0.023997951298952102661 0.013952149078249931335 0.02102030627429485321 0.027326086536049842834 0.012077196501195430756 0.039254143834114074707
0.05597721785306930542 0.052563797682523727417 0.068721778690814971924 0.064663723111152648926 0.050476491451263427734 0.022041697055101394653 0.069811366498470306396 0.074051745235919952393 0.037787344306707382202 0.070162586867809295654 0.047809436917304992676 0.036985620856285095215 0.090829804539680480957 0.13641983270645141602 0.14032405614852905273 0.10932025313377380371 0.065382272005081176758 0.014099142514169216156 0.11780177056789398193 0.15473970770835876465 0.062555491924285888672 0.16308699548244476318 0.14342804253101348877 0.11146426945924758911 0.039486356079578399658 0.042870886623859405518 0.10082092136144638062 0.12558443844318389893 0.09489682316780090332 0.060941811650991439819 0.061523180454969406128 0.037761081010103225708 0.0046771964989602565765 0.023385981097817420959 0.018582511693239212036 0.011654778383672237396 0.012188366614282131195 0.024657083675265312195 0.020730987191200256348 0.017043687403202056885 0.011020848527550697327 0.016401439905166625977 0.0023385982494801282883 0.020730987191200256348 0.028637809678912162781 0.0046771964989602565765 0.027440104633569717407
0.044371433556079864502 0.068212620913982391357 0.040413357317447662354 0.089233271777629852295 0.10921266674995422363 0.12453170120716094971 0.13697397708892822266 0.14177836477756500244 0.076509393751621246338 0.094587661325931549072 0.058696027845144271851 0.032747402787208557129 0.061666026711463928223 0.10098938643932342529 0.11503724753856658936 0.10033515840768814087 0.065808758139610290527 0.099371738731861114502 0.17229156196117401123 0.10513769835233688354 0.081207193434238433838 0.18214048445224761963 0.1499338299036026001 0.10213431715965270996 0.057979714125394821167 0.071332342922687530518 0.084512442350387573242 0.087334237992763519287 0.095198817551136016846 0.080085188150405883789 0.048903349786996841431 0.0071332375518977642059 0.035934057086706161499 0.024901337921619415283 0.014266475103795528412 0.0099605359137058258057 0.0093564018607139587402 0.015807146206498146057 0.01718855835497379303 0.02511639520525932312 0.0210257750004529953 0.02295435778796672821 0.017752714455127716064 0.019811250269412994385 0.012191835790872573853 0.012191835790872573853 0.01871280185878276825
0.042123537510633468628 0.012337887659668922424 0.032540168613195419312 0.0070188110694289207458 0.063541829586029052734 0.10487495362758636475 0.061845064163208007813 0.15990620851516723633 0.12239549309015274048 0.095690518617630004883 0.078489132225513458252 0.04913166537880897522 0.06527633965015411377 0.076201014220714569092 0.077854327857494354248 0.094262927770614624023 0.13115200400352478027 0.21742330491542816162 0.16543661057949066162 0.037364039570093154907 0.13590437173843383789 0.15609458088874816895 0.13580039143562316895 0.10372228920459747314 0.077534891664981842041 0.07018616795539855957 0.062736012041568756104 0.067249812185764312744 0.10988397896289825439 0.085423871874809265137 0.020912012085318565369 0.026639020070433616638 0.035518690943717956543 0.015933457762002944946 0.017045894637703895569 0.011698018759489059448 0.0049805045127868652344 0.01165800727903842926 0.0070188110694289207458 0.0093769431114196777344 0.02611312083899974823 0.02611312083899974823 0.021884068846702575684 0.01398807670921087265 0.012195312418043613434 0.02611312083899974823 0.032826103270053863525
0.041578508913516998291 0.045820105820894241333 0.049160912632942199707 0.047750111669301986694 0.084084711968898773193 0.11934535205364227295 0.10667081177234649658 0.16748623549938201904 0.14354601502418518066 0.082094334065914154053 0.070036396384239196777 0.054424878209829330444 0.062180954962968826294 0.075626552104949951172 0.084084711968898773193 0.11389826983213424683 0.16924805939197540283 0.17747588455677032471 0.046585302799940109253 0.14040927588939666748 0.145028725266456604 0.12829458713531494141 0.13648079335689544678 0.11073834449052810669 0.078511163592338562012 0.076563782989978790283 0.066235981881618499756 0.083710104227066040039 0.11076982319355010986 0.055828887969255447388 0.019206320866942405701 0.044248264282941818237 0.012080701068043708801 0.011659626848995685577 0.014502903446555137634 0.014040649868547916412 0.011021168902516365051 0.011021168902516365051 0.014334687031805515289 0.0191373433917760849 0.026698566973209381104 0.016816955059766769409 0.010945918969810009003 0.010945918969810009003 0.010495108552277088165 0.016418877989053726196 0.030735148116946220398
0.0438690185546875 0.066577538847923278809 0.042068049311637878418 0.035962529480457305908 0.059576436877250671387 0.028843110427260398865 0.099806874990463256836 0.12809607386589050293 0.10925726592540740967 0.057766322046518325806 0.047300584614276885986 0.067917868494987487793 0.083306431770324707031 0.096966192126274108887 0.093067690730094909668 0.086430847644805908203 0.14204086363315582275 0.14106477797031402588 0.13166579604148864746 0.16506966948509216309 0.13720998167991638184 0.12702964246273040771 0.13572517037391662598 0.10598441958427429199 0.07325824350118637085 0.073213696479797363281 0.079316429793834686279 0.098611019551753997803 0.075594283640384674072 0.009326979517936706543 0.012347273528575897217 0.030427979305386543274 0.012435972690582275391 0.012919035740196704865 0.030410770326852798462 0.0251169595867395401 0.014270446263253688812 0.0049809790216386318207 0.029510473832488059998 0.024404577910900115967 0.019829118624329566956 0.0076588555239140987396 0.0069994446821510791779 0.0049809790216386318207 0.0049809790216386318207 0.021899620071053504944 0.012202288955450057983
0.034558426588773727417 0.019209405407309532166 0.041005752980709075928 0.026132693514227867126 0.059264179319143295288 0.053845766931772232056 0.041934497654438018799 0.051833562552928924561 0.057788684964179992676 0.045049324631690979004 0.038294740021228790283 0.055864579975605010986 0.079825781285762786865 0.11146140098571777344 0.12642005085945129395 0.069953545928001403809 0.09299027174711227417 0.13466806709766387939 0.11344967037439346313 0.13484752178192138672 0.12799221277236938477 0.12088494747877120972 0.11434974521398544312 0.0930539742112159729 0.06441914290189743042 0.07717990875244140625 0.10791607201099395752 0.092877343297004699707 0.01859807036817073822 0.027482235804200172424 0.015831355005502700806 0.023383066058158874512 0.037457928061485290527 0.022117806598544120789 0.021907420828938484192 0.0070021566934883594513 0.017049226909875869751 0.025117149576544761658 0.021473055705428123474 0.014510908164083957672 0.02092287503182888031 0.013964820653200149536 0.010953711345791816711 0.0031089931726455688477 0.0070233629085123538971 0.02123529091477394104 0.011021384038031101227
0.063694082200527191162 0.017888333648443222046 0.058155074715614318848 0.0099205495789647102356 0.054310012608766555786 0.02147859521210193634 0.037291087210178375244 0.045961521565914154053 0.030133759602904319763 0.037166647613048553467 0.041021097451448440552 0.041021097451448440552 0.059523276984691619873 0.10330254584550857544 0.15108530223369598389 0.095231167972087860107 0.042819324880838394165 0.069155864417552947998 0.10335806012153625488 0.13044278323650360107 0.11396384984254837036 0.095366306602954864502 0.084608249366283416748 0.076290793716907501221 0.08126017451286315918 0.11738202720880508423 0.10771480947732925415 0.03959828987717628479 0.027394047006964683533 0.031343482434749603271 0.032588139176368713379 0.034908946603536605835 0.030252939090132713318 0.01751218549907207489 0.019152404740452766418 0.021409664303064346313 0.01860120333731174469 0.0076638176105916500092 0.0031089931726455688477 0.011021492071449756622 0.022862508893013000488 0.030806757509708404541 0.017573263496160507202 0.0076638176105916500092 0.0099205495789647102356 0.0035024371463805437088 0.0079673249274492263794
