data/slope.asc
ncols        384
nrows        480
xllcorner    138.000000000000
yllcorner    -29.000000000000
cellsize     0.041666666667
NODATA_value -9999
[rows 0 to 20 of 480, columns 235 to 281 of 384]
4.8616738319396972656 4.9204015731811523438 5.8756604194641113281 6.9554262161254882813 6.859241485595703125 5.643177032470703125 4.400180816650390625 4.3518500328063964844 4.24359130859375 2.9153249263763427734 1.8122522830963134766 1.7294907569885253906 2.6625864505767822266 3.1895995140075683594 3.2169666290283203125 3.1739265918731689453 3.0423848628997802734 2.9847006797790527344 2.597774505615234375 2.397857666015625 1.9636442661285400391 0.71746826171875 0.053739964962005615234 0.057467915117740631104 0.14318692684173583984 0.2671439051628112793 0.40711903572082519531 0.55474060773849487305 0.97401714324951171875 1.6414039134979248047 2.5625412464141845703 2.8083899021148681641 2.7442393302917480469 2.4577798843383789063 1.9929232597351074219 1.6493403911590576172 1.4138200283050537109 1.4706631898880004883 1.4801371097564697266 -9999 -9999 -9999 -9999 -9999 -9999 -9999 -9999
4.4311304092407226563 5.1759500503540039063 5.1541247367858886719 7.2969059944152832031 8.4152479171752929688 4.8655710220336914063 3.648712158203125 4.6862597465515136719 4.7205781936645507813 3.3239362239837646484 0.70146018266677856445 1.4113603830337524414 3.0756518840789794922 3.5007469654083251953 2.9923999309539794922 3.1577532291412353516 3.3716268539428710938 2.597774505615234375 2.6321539878845214844 1.9636442661285400391 0.80114114284515380859 0.058841660618782043457 0.046245999634265899658 0.056132230907678604126 0.070025518536567687988 0.17944605648517608643 0.2671439051628112793 0.54709422588348388672 0.84998369216918945313 1.5249733924865722656 2.5492548942565917969 3.3675470352172851563 2.8083899021148681641 2.6800887584686279297 1.8848608732223510742 1.4138200283050537109 1.5275063514709472656 1.4896109104156494141 1.5085586309432983398 -9999 -9999 -9999 -9999 -9999 -9999 -9999 -9999
3.4412348270416259766 3.2960741519927978516 4.5025954246520996094 6.0021495819091796875 7.9513845443725585938 5.6136889457702636719 1.5520738363265991211 2.3647594451904296875 1.8426573276519775391 3.4108712673187255859 2.0386815071105957031 1.4431803226470947266 1.5785888433456420898 1.2299680709838867188 0.31108462810516357422 1.7064280509948730469 2.9293351173400878906 3.3350429534912109375 1.9636442661285400391 1.1054795980453491211 0.10067013651132583618 0.034770503640174865723 0.041084345430135726929 0.062883153557777404785 0.064429193735122680664 0.082764208316802978516 0.30344688892364501953 0.2671439051628112793 0.82704448699951171875 1.4557627439498901367 2.2921130657196044922 3.8998885154724121094 4.4697966575622558594 4.3171644210815429688 2.6354851722717285156 1.6411927938461303711 1.5275063514709472656 1.565401911735534668 1.5464541912078857422 -9999 -9999 -9999 -9999 -9999 -9999 -9999 -9999
4.0092859268188476563 1.6723122596740722656 3.6433587074279785156 4.0006608963012695313 6.0931916236877441406 6.5181660652160644531 1.7632794380187988281 2.1277253627777099609 0.56714445352554321289 2.9143450260162353516 3.1551167964935302734 1.9523702859878540039 1.2678005695343017578 0.79556316137313842773 1.2346018552780151367 0.76757901906967163086 2.1565392017364501953 3.1986422538757324219 2.1653425693511962891 0.24591363966464996338 0.047018114477396011353 0.0090786498039960861206 0.048214752227067947388 0.065959632396697998047 0.074475072324275970459 0.052852869033813476563 0.1209646761417388916 0.77282613515853881836 1.9886955022811889648 3.9497346878051757813 4.7475914955139160156 3.9266726970672607422 1.9736560583114624023 3.5213623046875 3.8734323978424072266 2.7167034149169921875 1.6411927938461303711 1.5843496322631835938 1.5969814062118530273 -9999 -9999 -9999 -9999 -9999 -9999 -9999 -9999
4.740337371826171875 1.6548099517822265625 3.5618505477905273438 2.5109937191009521484 4.8718972206115722656 7.2749285697937011719 5.4638676643371582031 1.4362847805023193359 0.78464019298553466797 2.5045566558837890625 3.1989603042602539063 2.1246290206909179688 1.4218710660934448242 0.66139739751815795898 1.2859628200531005859 1.1907933950424194336 3.1427414417266845703 2.8303768634796142578 1.4257498979568481445 0.46580109000205993652 0.051722105592489242554 0.065690152347087860107 0.087058737874031066895 0.09332215040922164917 0.068309366703033447266 0.04434949532151222229 0.20269852876663208008 1.1354429721832275391 2.7591845989227294922 4.9551882743835449219 3.1896336078643798828 1.2533985376358032227 3.2645807266235351563 4.9806575775146484375 3.9766776561737060547 3.8734323978424072266 2.7437763214111328125 1.6411927938461303711 1.612771153450012207 -9999 -9999 -9999 -9999 -9999 -9999 -9999 -9999
3.7745587825775146484 2.3343923091888427734 2.1989204883575439453 2.6875636577606201172 4.9215993881225585938 7.4260854721069335938 6.7894988059997558594 4.3383007049560546875 2.2648079395294189453 2.5943825244903564453 2.4790511131286621094 1.6907939910888671875 1.3914015293121337891 2.008575439453125 2.3733537197113037109 1.9542833566665649414 2.8409800529479980469 1.7398630380630493164 2.0106306076049804688 1.2846686840057373047 0.048552230000495910645 0.11614004522562026978 0.092698641121387481689 0.073211848735809326172 0.06100516393780708313 0.080404072999954223633 0.20169183611869812012 1.2113245725631713867 2.92261505126953125 4.6293878555297851563 2.8531918525695800781 4.4861321449279785156 3.8056504726409912109 3.5312583446502685547 3.3093216419219970703 3.4082713127136230469 3.8734323978424072266 2.7528004646301269531 1.6411927938461303711 -9999 -9999 -9999 -9999 -9999 -9999 -9999 -9999
5.4704799652099609375 5.4500069618225097656 2.6309804916381835938 2.0090150833129882813 0.57956945896148681641 5.6227407455444335938 6.0790553092956542969 6.3623585700988769531 3.2232050895690917969 1.6428935527801513672 1.3141145706176757813 1.5073658227920532227 4.6889867782592773438 6.5650248527526855469 5.5303940773010253906 4.5264387130737304688 3.4410252571105957031 2.8677387237548828125 2.9589149951934814453 2.2394788265228271484 0.21593207120895385742 0.1367381662130355835 0.090434111654758453369 0.066861629486083984375 0.077234342694282531738 0.11990541219711303711 0.092989996075630187988 0.9578501582145690918 2.4086639881134033203 3.7704894542694091797 3.9101409912109375 3.83429718017578125 2.562164306640625 1.4160487651824951172 2.4736535549163818359 2.3996746540069580078 2.9065573215484619141 3.8734323978424072266 -9999 -9999 -9999 -9999 -9999 -9999 -9999 -9999 -9999
6.9373545646667480469 6.9195780754089355469 6.1967134475708007813 5.8192567825317382813 3.9167952537536621094 5.7851548194885253906 4.6018629074096679688 5.1836018562316894531 5.1719679832458496094 2.5484821796417236328 0.57772642374038696289 4.0647459030151367188 4.9203200340270996094 3.5042085647583007813 3.9741861820220947266 4.1245732307434082031 2.3779940605163574219 1.8083127737045288086 2.8609731197357177734 2.6147596836090087891 0.61001449823379516602 0.13906706869602203369 0.082136645913124084473 0.0546094551682472229 0.10738845914602279663 0.12239258736371994019 0.024686586111783981323 0.46475526690483093262 1.3454948663711547852 2.0676777362823486328 2.2297742366790771484 2.1277816295623779297 1.4918138980865478516 1.5087094306945800781 1.4160487651824951172 1.9448511600494384766 1.9201915264129638672 -9999 -9999 -9999 -9999 -9999 -9999 -9999 -9999 -9999 -9999
5.1964020729064941406 5.3365230560302734375 5.8997406959533691406 6.3196573257446289063 4.6110210418701171875 2.9298274517059326172 3.3672604560852050781 4.6623620986938476563 4.7210855484008789063 3.4642903804779052734 1.0423898696899414063 4.0317378044128417969 3.6790249347686767578 4.6153130531311035156 5.0227694511413574219 3.6156649589538574219 2.5745632648468017578 2.1437447071075439453 2.0549197196960449219 2.2665688991546630859 1.2124816179275512695 0.3948605954647064209 0.11804082989692687988 0.066848747432231903076 0.13684839010238647461 0.093664333224296569824 0.10124415159225463867 0.12758748233318328857 0.4074306488037109375 0.80540680885314941406 0.96993345022201538086 0.88547080755233764648 0.56481099128723144531 0.74959468841552734375 1.0202490091323852539 1.4160487651824951172 1.6804499626159667969 -9999 -9999 -9999 -9999 -9999 -9999 -9999 -9999 -9999 -9999
3.7970182895660400391 4.0107827186584472656 5.4706082344055175781 6.6156935691833496094 6.7262043952941894531 4.0149326324462890625 2.0130281448364257813 5.7880692481994628906 4.7583837509155273438 4.4992513656616210938 2.2354900836944580078 3.0995683670043945313 5.7725415229797363281 5.7713670730590820313 4.126270294189453125 2.7253906726837158203 2.5586848258972167969 1.5216239690780639648 0.89025652408599853516 1.6597226858139038086 1.7598743438720703125 0.99153560400009155273 0.18405313789844512939 0.059549208730459213257 0.11182170361280441284 0.10444467514753341675 0.1854028850793838501 0.23498246073722839355 0.16649729013442993164 0.046837449073791503906 0.08075367659330368042 0.18801262974739074707 0.19215926527976989746 0.40664321184158325195 0.55423110723495483398 0.99940383434295654297 1.3135430812835693359 -9999 -9999 -9999 -9999 -9999 -9999 -9999 -9999 -9999 -9999
2.6667177677154541016 3.4051547050476074219 4.2165203094482421875 4.5263199806213378906 4.2204504013061523438 5.8967685699462890625 1.7672308683395385742 5.3038177490234375 4.9431715011596679688 4.6676006317138671875 4.2110958099365234375 2.7428383827209472656 2.3860580921173095703 2.9993822574615478516 2.8772656917572021484 2.8318712711334228516 2.6418247222900390625 1.4168095588684082031 0.51053178310394287109 0.79745215177536010742 1.7610425949096679688 1.499420166015625 0.72244775295257568359 0.61742705106735229492 0.88366240262985229492 1.0248310565948486328 0.92522770166397094727 0.6519559025764465332 0.40702095627784729004 0.32934045791625976563 0.37001800537109375 0.44807302951812744141 0.46295937895774841309 0.50645542144775390625 0.79545283317565917969 1.2110375165939331055 0.72334921360015869141 0.35431146621704101563 0.30467835068702697754 0.2677580416202545166 -9999 -9999 -9999 -9999 -9999 -9999 -9999
1.2394951581954956055 1.5189638137817382813 2.5526828765869140625 4.5279555320739746094 6.0854663848876953125 6.497821807861328125 0.58757174015045166016 4.4727315902709960938 4.6262645721435546875 4.2197308540344238281 3.0529270172119140625 3.9953808784484863281 3.3282859325408935547 1.165187835693359375 1.207011103630065918 1.8637100458145141602 1.6106021404266357422 1.1613727807998657227 1.4133561849594116211 0.85607248544692993164 0.92146635055541992188 1.5864291191101074219 2.3458859920501708984 3.1797926425933837891 4.1407866477966308594 5.087810516357421875 4.9374861717224121094 3.4409899711608886719 1.7876043319702148438 1.3962092399597167969 1.2075761556625366211 1.0345978736877441406 0.86424767971038818359 1.0576751232147216797 1.2110375165939331055 0.88718295097351074219 0.4535776972770690918 0.34159865975379943848 0.2677580416202545166 0.3197899162769317627 0.34257659316062927246 0.34162029623985290527 -9999 -9999 -9999 -9999 -9999
1.5609437227249145508 1.205407261848449707 3.2455468177795410156 4.3846106529235839844 6.4486851692199707031 5.6383070945739746094 2.8333837985992431641 5.5735583305358886719 4.8192338943481445313 3.9964752197265625 2.6691379547119140625 1.6766209602355957031 2.7147297859191894531 3.4536471366882324219 2.1348476409912109375 1.077925562858581543 0.68167465925216674805 0.35237076878547668457 0.79775482416152954102 1.4993194341659545898 0.87504464387893676758 0.63467550277709960938 1.6181604862213134766 2.0141210556030273438 2.4287939071655273438 3.0983378887176513672 3.8639855384826660156 5.2292938232421875 6.0609197616577148438 6.0277390480041503906 4.4917430877685546875 2.6903924942016601563 1.6924561262130737305 1.2110375165939331055 1.2447192668914794922 0.67753583192825317383 0.41543924808502197266 0.2677580416202545166 0.32624843716621398926 0.34353289008140563965 0.34162029623985290527 0.52784341573715209961 0.52007824182510375977 0.46244198083877563477 0.45852273702621459961 0.50651907920837402344 0.57421594858169555664
1.9482117891311645508 1.9301239252090454102 3.0057885646820068359 4.114837646484375 6.7335925102233886719 7.6044626235961914063 4.510700225830078125 3.6340708732604980469 3.4714460372924804688 3.1674478054046630859 2.3909480571746826172 1.0744240283966064453 0.85134547948837280273 1.9669781923294067383 3.1028795242309570313 2.5557200908660888672 1.5494289398193359375 1.1443504095077514648 0.75517505407333374023 0.30429315567016601563 1.2009919881820678711 1.7942881584167480469 1.977787017822265625 2.1636154651641845703 2.7332279682159423828 3.1080472469329833984 1.4032720327377319336 5.1406741142272949219 9.133136749267578125 10.023380279541015625 8.8591766357421875 6.1436743736267089844 3.5393056869506835938 2.0029900074005126953 1.2017289400100708008 0.56312048435211181641 0.2677580416202545166 0.35016986727714538574 0.34544548392295837402 0.34162029623985290527 0.6492932438850402832 0.61135190725326538086 0.50910836458206176758 0.43977442383766174316 0.43844318389892578125 0.4973506629467010498 0.58376330137252807617
1.8726810216903686523 2.1702780723571777344 2.4397280216217041016 3.1014392375946044922 4.4111104011535644531 5.9513483047485351563 6.4905896186828613281 3.1421856880187988281 1.5008435249328613281 3.5224373340606689453 4.9401783943176269531 3.2929301261901855469 0.92726743221282958984 0.66823613643646240234 2.1236488819122314453 2.6167483329772949219 1.8737882375717163086 1.5857392549514770508 1.5594230890274047852 1.1898897886276245117 0.38081845641136169434 0.65376454591751098633 1.3754374980926513672 1.5383750200271606445 2.0648736953735351563 2.9146063327789306641 4.6405463218688964844 7.3169832229614257813 8.4266557693481445313 9.09051513671875 10.279157638549804688 9.079837799072265625 6.6095805168151855469 3.2862513065338134766 1.7357993125915527344 0.84099155664443969727 0.44203048944473266602 0.34927067160606384277 0.34162029623985290527 0.91609388589859008789 0.72980654239654541016 0.60965228080749511719 0.49459680914878845215 0.42307594418525695801 0.40165048837661743164 0.49060308933258056641 0.59979838132858276367
1.0907629728317260742 1.5445512533187866211 2.0616364479064941406 2.8007645606994628906 3.5732445716857910156 3.7155635356903076172 5.0490808486938476563 4.8579740524291992188 3.8860476016998291016 1.3644782304763793945 3.0256025791168212891 4.6124148368835449219 3.1057491302490234375 2.2606453895568847656 2.4872210025787353516 2.5367169380187988281 2.0271432399749755859 1.8618361949920654297 2.1777143478393554688 1.8731588125228881836 1.6128190755844116211 1.9157921075820922852 1.5370883941650390625 1.3216506242752075195 2.6339063644409179688 3.9170191287994384766 7.6505479812622070313 9.8251581192016601563 8.2661199569702148438 5.8873929977416992188 8.3885812759399414063 8.172100067138671875 8.4871578216552734375 6.6782326698303222656 4.8706598281860351563 3.6788699626922607422 3.4018175601959228516 2.8566968441009521484 1.7221262454986572266 0.86748421192169189453 0.73314470052719116211 0.58879065513610839844 0.50702154636383056641 0.3879782557487487793 0.37422800064086914063 0.4427452385425567627 0.65483605861663818359
0.6226444244384765625 0.35457691550254821777 1.2652385234832763672 2.0881931781768798828 2.9578676223754882813 3.2226350307464599609 3.7188746929168701172 3.3525149822235107422 4.5243077278137207031 5.5430002212524414063 2.5178568363189697266 2.1526234149932861328 2.7447757720947265625 2.6348493099212646484 3.3310642242431640625 3.5269258022308349609 2.7743914127349853516 1.9591463804244995117 1.9954504966735839844 1.6564649343490600586 3.0623059272766113281 3.5051264762878417969 3.3926107883453369141 3.6024060249328613281 3.7354435920715332031 4.9105811119079589844 9.313495635986328125 10.226407051086425781 5.2118048667907714844 2.9254360198974609375 6.3090734481811523438 5.3235354423522949219 6.7216291427612304688 7.8949127197265625 8.1146955490112304688 8.6359128952026367188 9.21887969970703125 8.3673601150512695313 5.7162919044494628906 2.2649958133697509766 0.67901778221130371094 0.33589926362037658691 0.23697832226753234863 0.14004462957382202148 0.10371778160333633423 0.22888043522834777832 0.18815913796424865723
1.017670750617980957 0.4569155275821685791 0.54842412471771240234 1.1356548070907592773 1.7103713750839233398 2.5429086685180664063 2.8909699916839599609 2.3136122226715087891 2.4195067882537841797 4.1361932754516601563 4.1342415809631347656 2.2242445945739746094 1.3877680301666259766 1.0145227909088134766 1.465073704719543457 1.5893297195434570313 2.3975999355316162109 2.0803301334381103516 1.9230663776397705078 1.1696126461029052734 3.3659753799438476563 2.7616589069366455078 1.9482023715972900391 3.8103363513946533203 4.7213897705078125 5.1575336456298828125 8.7738237380981445313 8.8722352981567382813 2.1173002719879150391 5.3829965591430664063 4.2925410270690917969 2.5880119800567626953 3.7506392002105712891 4.8545017242431640625 6.2426476478576660156 8.0164031982421875 9.0190839767456054688 9.94071197509765625 9.4935388565063476563 5.4766645431518554688 1.8183151483535766602 0.5031153559684753418 0.16727614402770996094 0.17009858787059783936 0.17861063778400421143 0.07810853421688079834 0.39828500151634216309
1.2245700359344482422 0.45749059319496154785 0.49916851520538330078 0.38651779294013977051 0.60297435522079467773 2.0283169746398925781 2.0639781951904296875 1.7154997587203979492 1.7266553640365600586 2.8433437347412109375 3.9913895130157470703 3.7259879112243652344 4.3699183464050292969 4.6297945976257324219 4.1372561454772949219 2.4154729843139648438 0.61812376976013183594 3.2060475349426269531 2.3889167308807373047 1.5901405811309814453 3.3485934734344482422 1.8265547752380371094 1.1238589286804199219 3.4739763736724853516 2.0747156143188476563 3.1758153438568115234 7.0818920135498046875 6.3541812896728515625 5.2311038970947265625 7.0784258842468261719 5.4634752273559570313 4.3745083808898925781 2.2770991325378417969 0.95549142360687255859 4.0949730873107910156 5.5556330680847167969 4.7305445671081542969 6.3148722648620605469 9.1234884262084960938 7.5359888076782226563 3.5252237319946289063 2.2210752964019775391 1.4629219770431518555 0.96873563528060913086 0.68418282270431518555 0.55303585529327392578 0.68026846647262573242
1.565077662467956543 1.0952337980270385742 0.22782549262046813965 0.74721044301986694336 0.17125235497951507568 1.5301439762115478516 1.8697216510772705078 1.5704618692398071289 1.5906783342361450195 2.2525172233581542969 3.3399155139923095703 2.9944002628326416016 3.2175402641296386719 3.2308309078216552734 3.05074310302734375 3.8636732101440429688 2.7042660713195800781 1.4622428417205810547 3.204914093017578125 1.7976572513580322266 2.5505464076995849609 1.4583243131637573242 0.46267849206924438477 3.0181589126586914063 2.4991917610168457031 2.7683072090148925781 5.1489429473876953125 5.2038655281066894531 6.6292901039123535156 7.5196328163146972656 7.6729588508605957031 7.8441233634948730469 6.8074517250061035156 4.9843430519104003906 4.1125555038452148438 2.3715939521789550781 1.2307529449462890625 4.7400364875793457031 8.0045328140258789063 7.0509190559387207031 3.1075067520141601563 2.5081768035888671875 2.7361741065979003906 3.2291319370269775391 2.941547393798828125 1.9703867435455322266 2.2828474044799804688
1.266804814338684082 1.7388443946838378906 1.3041657209396362305 0.89851957559585571289 0.6531270146369934082 0.94715523719787597656 1.3921407461166381836 1.0594637393951416016 1.4474585056304931641 2.0198605060577392578 2.9263126850128173828 3.3746869564056396484 2.9606299400329589844 2.2178006172180175781 2.1361215114593505859 3.1940011978149414063 3.9479351043701171875 2.1704611778259277344 1.2679332494735717773 3.2811946868896484375 2.5326189994812011719 1.9253402948379516602 0.99070030450820922852 2.8639316558837890625 3.4770345687866210938 3.3750538825988769531 5.2569317817687988281 6.3418812751770019531 5.3196239471435546875 4.7328677177429199219 4.9259443283081054688 4.4628100395202636719 6.2489404678344726563 7.6893329620361328125 8.8814725875854492188 7.9855036735534667969 6.1516327857971191406 5.4758915901184082031 6.3521208763122558594 5.2880334854125976563 3.908329010009765625 4.2222847938537597656 5.1847577095031738281 6.3509397506713867188 6.337249755859375 4.3251199722290039063 4.200794219970703125
