data/slope.asc
ncols        384
nrows        480
xllcorner    138.000000000000
yllcorner    -29.000000000000
cellsize     0.041666666667
NODATA_value -9999
[rows 315 to 335 of 480, columns 47 to 93 of 384]
0.073534794151782989502 0.094955876469612121582 0.11236925423145294189 0.14601892232894897461 0.18510968983173370361 0.073021858930587768555 0.065373830497264862061 0.088029965758323669434 0.12436578422784805298 0.084315739572048187256 0.088925853371620178223 0.083270117640495300293 0.14452950656414031982 0.16842159628868103027 0.14938013255596160889 0.13412590324878692627 0.14438842236995697021 0.10728581249713897705 0.099373653531074523926 0.090185113251209259033 0.062452606856822967529 0.037607911974191665649 0.068244010210037231445 0.13255448639392852783 0.1669432520866394043 0.14612236618995666504 0.097025729715824127197 0.039802301675081253052 0.12244029343128204346 0.22649377584457397461 0.14025814831256866455 0.28369843959808349609 0.26537302136421203613 0.25665101408958435059 0.22893050312995910645 0.24381722509860992432 0.10758322477340698242 0.26598882675170898438 0.27080866694450378418 0.28624647855758666992 0.28006923198699951172 0.23296338319778442383 0.17275033891201019287 0.1004314124584197998 0.12965545058250427246 0.19147628545761108398 0.17719703912734985352
0.054432891309261322021 0.045111194252967834473 0.04165711626410484314 0.11623722314834594727 0.25634288787841796875 0.16894923150539398193 0.039810523390769958496 0.060831207782030105591 0.12992219626903533936 0.14986060559749603271 0.17507269978523254395 0.023950757458806037903 0.2159602046012878418 0.26799261569976806641 0.17328473925590515137 0.16845662891864776611 0.18022629618644714355 0.1321792900562286377 0.092987015843391418457 0.075217925012111663818 0.04790150374174118042 0.042387999594211578369 0.029425408691167831421 0.032010201364755630493 0.047749701887369155884 0.041118580847978591919 0.051526397466659545898 0.10359699279069900513 0.15308867394924163818 0.19126446545124053955 0.046561647206544876099 0.29944273829460144043 0.29118314385414123535 0.12954945862293243408 0.13549748063087463379 0.15502178668975830078 0.097871698439121246338 0.1601133495569229126 0.16818274557590484619 0.12983542680740356445 0.11716943234205245972 0.160329475998878479 0.15104469656944274902 0.11661835014820098877 0.081371717154979705811 0.15144856274127960205 0.082492657005786895752
0.031089929863810539246 0.030997389927506446838 0.036438547074794769287 0.055097535252571105957 0.20278599858283996582 0.23747466504573822021 0.13683608174324035645 0.10198410600423812866 0.11893013864755630493 0.19685105979442596436 0.20512568950653076172 0.043632041662931442261 0.28308948874473571777 0.30561992526054382324 0.20006768405437469482 0.17363822460174560547 0.17903812229633331299 0.13263365626335144043 0.087442159652709960938 0.052957955747842788696 0.059756770730018615723 0.086173705756664276123 0.088685996830463409424 0.11283001303672790527 0.12906467914581298828 0.12718848884105682373 0.12612566351890563965 0.13467027246952056885 0.17178972065448760986 0.15575167536735534668 0.095431379973888397217 0.32328531146049499512 0.25333288311958312988 0.090887553989887237549 0.10522653907537460327 0.095760583877563476563 0.11933127045631408691 0.079296804964542388916 0.10093980282545089722 0.060741860419511795044 0.05018894001841545105 0.053679507225751876831 0.022016929462552070618 0.098443314433097839355 0.094956032931804656982 0.16110134124755859375 0.092353902757167816162
0.045357190072536468506 0.055645760148763656616 0.054480034857988357544 0.047513537108898162842 0.13523176312446594238 0.1937894970178604126 0.13567486405372619629 0.049356184899806976318 0.13828401267528533936 0.23078554868698120117 0.16202470660209655762 0.14361058175563812256 0.35276007652282714844 0.31039205193519592285 0.18991728127002716064 0.12508441507816314697 0.10528348386287689209 0.081108577549457550049 0.057417005300521850586 0.046063896268606185913 0.0995446816086769104 0.14844280481338500977 0.15022079646587371826 0.13951170444488525391 0.12470418959856033325 0.11924078315496444702 0.1233549267053604126 0.095518834888935089111 0.11516959220170974731 0.10453037172555923462 0.31842023134231567383 0.28270345926284790039 0.13699480891227722168 0.14836716651916503906 0.061405416578054428101 0.092355184257030487061 0.12482216209173202515 0.071741193532943725586 0.10890960693359375 0.16116602718830108643 0.089322611689567565918 0.13839051127433776855 0.11627721786499023438 0.13927137851715087891 0.056715451180934906006 0.14386957883834838867 0.16653956472873687744
0.074588082730770111084 0.078010708093643188477 0.062536880373954772949 0.044015463441610336304 0.091996602714061737061 0.11853751540184020996 0.11010451614856719971 0.12075604498386383057 0.14560933411121368408 0.16866862773895263672 0.13734424114227294922 0.25572702288627624512 0.38743099570274353027 0.27276462316513061523 0.16382744908332824707 0.11852157860994338989 0.07978449016809463501 0.047908920794725418091 0.054813418537378311157 0.068557105958461761475 0.12027482688426971436 0.14346939325332641602 0.10765530169010162354 0.073585636913776397705 0.091730393469333648682 0.095644965767860412598 0.088430963456630706787 0.0250720195472240448 0.13716115057468414307 0.26859673857688903809 0.36628082394599914551 0.22694005072116851807 0.12903378903865814209 0.10838533192873001099 0.11637237668037414551 0.085497647523880004883 0.11613246053457260132 0.077556014060974121094 0.13885582983493804932 0.21302469074726104736 0.14329214394092559814 0.078185655176639556885 0.052406139671802520752 0.11898121237754821777 0.1741791069507598877 0.095710866153240203857 0.096870779991149902344
0.061471521854400634766 0.056850504130125045776 0.055113740265369415283 0.053718253970146179199 0.11697756499052047729 0.10874660313129425049 0.081935018301010131836 0.15280047059059143066 0.18892878293991088867 0.18532046675682067871 0.17122326791286468506 0.2438122183084487915 0.37184351682662963867 0.22901235520839691162 0.14210647344589233398 0.10286740213632583618 0.056358542293310165405 0.055138953030109405518 0.067042946815490722656 0.068247132003307342529 0.13424487411975860596 0.18256296217441558838 0.19263008236885070801 0.18844005465507507324 0.13863572478294372559 0.14677667617797851563 0.16353893280029296875 0.098485760390758514404 0.21159386634826660156 0.23271413147449493408 0.24309547245502471924 0.14664922654628753662 0.1643654555082321167 0.097016111016273498535 0.10847962647676467896 0.13893258571624755859 0.080992706120014190674 0.057099051773548126221 0.11303837597370147705 0.2187681049108505249 0.25834006071090698242 0.25662589073181152344 0.20845098793506622314 0.1120424419641494751 0.1398169398307800293 0.19367386400699615479 0.083437338471412658691
0.044022835791110992432 0.038055274635553359985 0.050181392580270767212 0.072971455752849578857 0.13221222162246704102 0.10921354591846466064 0.091747939586639404297 0.12058296054601669312 0.13593046367168426514 0.10654341429471969604 0.050744175910949707031 0.23100347816944122314 0.37888753414154052734 0.21698749065399169922 0.11443584412336349487 0.067362375557422637939 0.048444177955389022827 0.069150410592555999756 0.052606843411922454834 0.08705174177885055542 0.13106663525104522705 0.15718194842338562012 0.14131356775760650635 0.099991030991077423096 0.12927751243114471436 0.19288405776023864746 0.16323509812355041504 0.093507625162601470947 0.29138496518135070801 0.22535222768783569336 0.16165651381015777588 0.11929237842559814453 0.10301023721694946289 0.15476983785629272461 0.065681137144565582275 0.13079340755939483643 0.099694833159446716309 0.071360193192958831787 0.047154705971479415894 0.089088231325149536133 0.14851859211921691895 0.17262125015258789063 0.19416569173336029053 0.17451599240303039551 0.20692254602909088135 0.19616290926933288574 0.12545330822467803955
0.038782730698585510254 0.037107288837432861328 0.034672979265451431274 0.053397543728351593018 0.11703512072563171387 0.090133354067802429199 0.095562346279621124268 0.17733323574066162109 0.18599002063274383545 0.098528333008289337158 0.054860904812812805176 0.3008797764778137207 0.3858127892017364502 0.19674299657344818115 0.080625720322132110596 0.049533993005752563477 0.055660922080278396606 0.073671177029609680176 0.047110736370086669922 0.06559527665376663208 0.078024022281169891357 0.10327956080436706543 0.11949883401393890381 0.1362441331148147583 0.14335930347442626953 0.1459652334451675415 0.14800608158111572266 0.12075554579496383667 0.22032576799392700195 0.30899715423583984375 0.20521356165409088135 0.12319202721118927002 0.09209442138671875 0.15726546943187713623 0.10294362157583236694 0.094625048339366912842 0.065582141280174255371 0.073201008141040802002 0.10480322688817977905 0.06500158458948135376 0.066428817808628082275 0.10281383246183395386 0.16792321205139160156 0.083852030336856842041 0.14367046952247619629 0.12491764873266220093 0.12687800824642181396
0.052350234240293502808 0.057936992496252059937 0.040996931493282318115 0.04451681673526763916 0.12830147147178649902 0.15164190530776977539 0.21284314990043640137 0.21921779215335845947 0.042049333453178405762 0.13340319693088531494 0.17920632660388946533 0.30916726589202880859 0.35449779033660888672 0.16948494315147399902 0.047255251556634902954 0.040970318019390106201 0.055130075663328170776 0.091760203242301940918 0.088998921215534210205 0.054432995617389678955 0.094356559216976165771 0.13087083399295806885 0.12025722861289978027 0.11775463074445724487 0.12093956023454666138 0.10954113304615020752 0.12815795838832855225 0.075494043529033660889 0.17926205694675445557 0.3809006810188293457 0.25013750791549682617 0.11834468692541122437 0.070449046790599822998 0.13103771209716796875 0.055485829710960388184 0.12979561090469360352 0.084999568760395050049 0.058968789875507354736 0.13389016687870025635 0.18232572078704833984 0.14110490679740905762 0.073170326650142669678 0.15082579851150512695 0.14620995521545410156 0.16782131791114807129 0.10814461112022399902 0.12093956023454666138
0.074306026101112365723 0.0797367095947265625 0.067333556711673736572 0.069691531360149383545 0.17129716277122497559 0.19294083118438720703 0.27486249804496765137 0.12367380410432815552 0.19578069448471069336 0.15528029203414916992 0.072745248675346374512 0.28057059645652770996 0.32933571934700012207 0.13849742710590362549 0.03730791434645652771 0.040976211428642272949 0.050190791487693786621 0.078865647315979003906 0.075337305665016174316 0.059378772974014282227 0.11534222215414047241 0.13571019470691680908 0.11967141181230545044 0.13466010987758636475 0.10731445252895355225 0.091229416429996490479 0.13102315366268157959 0.12712834775447845459 0.23189879953861236572 0.42327448725700378418 0.23116703331470489502 0.10744551569223403931 0.066331155598163604736 0.14785546064376831055 0.075803458690643310547 0.16552166640758514404 0.1257152557373046875 0.17112185060977935791 0.057705316692590713501 0.17055326700210571289 0.24017888307571411133 0.22692944109439849854 0.013718272559344768524 0.15313827991485595703 0.18165883421897888184 0.10263318568468093872 0.11321613937616348267
0.062538161873817443848 0.076625242829322814941 0.078357331454753875732 0.079718440771102905273 0.1690801084041595459 0.23232574760913848877 0.36539176106452941895 0.21171118319034576416 0.25304529070854187012 0.078011736273765563965 0.091093644499778747559 0.27660930156707763672 0.32792881131172180176 0.13687054812908172607 0.037457343190908432007 0.052175197750329971313 0.056475434452295303345 0.047111585736274719238 0.054660879075527191162 0.061860080808401107788 0.1038665473461151123 0.11334549635648727417 0.10386382788419723511 0.12316453456878662109 0.11485841870307922363 0.12175499647855758667 0.20139724016189575195 0.12302198261022567749 0.28779131174087524414 0.37188813090324401855 0.23196759819984436035 0.11146824806928634644 0.071389541029930114746 0.14797846972942352295 0.15639606118202209473 0.16653068363666534424 0.13518795371055603027 0.22800843417644500732 0.18702808022499084473 0.10416456311941146851 0.1238140985369682312 0.18154825270175933838 0.15714277327060699463 0.053021851927042007446 0.08847071230411529541 0.044585153460502624512 0.082623176276683807373
0.040966350585222244263 0.060384549200534820557 0.076627552509307861328 0.0828111991286277771 0.12124122679233551025 0.17990876734256744385 0.32761242985725402832 0.28277042508125305176 0.21175897121429443359 0.07528696209192276001 0.093408592045307159424 0.28379270434379577637 0.29750144481658935547 0.14087748527526855469 0.041673257946968078613 0.05869474261999130249 0.048908945173025131226 0.030937002971768379211 0.040242180228233337402 0.054302856326103210449 0.090237408876419067383 0.088363751769065856934 0.1206979602575302124 0.15082624554634094238 0.15101732313632965088 0.14919318258762359619 0.23193630576133728027 0.13084052503108978271 0.24603939056396484375 0.29629567265510559082 0.2282021641731262207 0.11907156556844711304 0.057537749409675598145 0.11511489748954772949 0.13409152626991271973 0.10864669829607009888 0.10249587148427963257 0.15716446936130523682 0.21286468207836151123 0.21618063747882843018 0.18098825216293334961 0.070924378931522369385 0.08908863365650177002 0.17541129887104034424 0.14609937369823455811 0.053856018930673599243 0.065486170351505279541
0.036920629441738128662 0.039633966982364654541 0.059165455400943756104 0.065630584955215454102 0.090738795697689056396 0.13667622208595275879 0.24608415365219116211 0.30202382802963256836 0.24270750582218170166 0.1650622934103012085 0.17056217789649963379 0.32244580984115600586 0.23962534964084625244 0.11071997135877609253 0.045558817684650421143 0.04535867646336555481 0.045663457363843917847 0.053511988371610641479 0.022233828902244567871 0.04892514646053314209 0.084477350115776062012 0.10295831412076950073 0.13562700152397155762 0.14257872104644775391 0.11878760159015655518 0.14678107202053070068 0.20071049034595489502 0.11571342498064041138 0.18496964871883392334 0.28051814436912536621 0.18156321346759796143 0.11106678098440170288 0.070851065218448638916 0.065487213432788848877 0.10079403966665267944 0.08254537731409072876 0.10484503209590911865 0.13409718871116638184 0.15592062473297119141 0.13671895861625671387 0.13884425163269042969 0.16586701571941375732 0.13323941826820373535 0.09556900709867477417 0.14190419018268585205 0.1203551068902015686 0.078810296952724456787
0.061911437660455703735 0.056685384362936019897 0.047527763992547988892 0.05596186220645904541 0.074316211044788360596 0.11064483225345611572 0.15302985906600952148 0.17059187591075897217 0.15366743505001068115 0.18119092285633087158 0.2442699819803237915 0.27114316821098327637 0.15714155137538909912 0.076229132711887359619 0.04591509699821472168 0.038070686161518096924 0.067073002457618713379 0.075828067958354949951 0.054638303816318511963 0.064851216971874237061 0.076833859086036682129 0.0745962485671043396 0.071421802043914794922 0.071617834270000457764 0.071383364498615264893 0.11901950836181640625 0.13905580341815948486 0.070270672440528869629 0.19400182366371154785 0.2641207575798034668 0.12518134713172912598 0.1011327207088470459 0.09616902470588684082 0.053031407296657562256 0.050415147095918655396 0.039949100464582443237 0.076188653707504272461 0.12044026702642440796 0.14623969793319702148 0.13072222471237182617 0.10727318376302719116 0.10047579556703567505 0.10719809681177139282 0.11688257008790969849 0.11417701095342636108 0.13164873421192169189 0.13087554275989532471
0.085488386452198028564 0.083391435444355010986 0.051596481353044509888 0.05019213259220123291 0.05685527995228767395 0.077653482556343078613 0.098208211362361907959 0.11490245163440704346 0.10399311035871505737 0.12063967436552047729 0.15848113596439361572 0.14712393283843994141 0.086788669228553771973 0.049545865505933761597 0.043743643909692764282 0.042368054389953613281 0.061883412301540374756 0.082599394023418426514 0.062467720359563827515 0.053773242980241775513 0.04794805869460105896 0.037671081721782684326 0.056975755840539932251 0.076585434377193450928 0.11374192684888839722 0.15924778580665588379 0.12257664650678634644 0.044426545500755310059 0.20840409398078918457 0.18320757150650024414 0.089347876608371734619 0.090494580566883087158 0.097791098058223724365 0.0523393973708152771 0.058483257889747619629 0.084079436957836151123 0.048549462109804153442 0.030697505921125411987 0.094546534121036529541 0.12654663622379302979 0.11983502656221389771 0.12603311240673065186 0.093154266476631164551 0.1029642447829246521 0.086717434227466583252 0.098113350570201873779 0.12223689258098602295
0.10296721756458282471 0.090264938771724700928 0.055439841002225875854 0.042797617614269256592 0.040967673063278198242 0.061507549136877059937 0.082013793289661407471 0.11325576901435852051 0.13755162060260772705 0.13826209306716918945 0.10809192061424255371 0.08795035630464553833 0.060752905905246734619 0.040215525776147842407 0.042577251791954040527 0.040890470147132873535 0.041033741086721420288 0.051737289875745773315 0.041278284043073654175 0.03695392608642578125 0.038778115063905715942 0.057820629328489303589 0.075993269681930541992 0.096848793327808380127 0.1438846290111541748 0.16281041502952575684 0.055749006569385528564 0.10239520668983459473 0.15680098533630371094 0.15188196301460266113 0.12301495671272277832 0.12057130038738250732 0.12526972591876983643 0.067597277462482452393 0.060285717248916625977 0.082987144589424133301 0.05766738206148147583 0.038866180926561355591 0.052191060036420822144 0.091730490326881408691 0.13606210052967071533 0.17438445985317230225 0.16425682604312896729 0.13214257359504699707 0.091730490326881408691 0.075403839349746704102 0.094615519046783447266
0.080472066998481750488 0.061200592666864395142 0.045111473649740219116 0.037457887083292007446 0.036104511469602584839 0.054340936243534088135 0.076845824718475341797 0.09845056384801864624 0.11970777809619903564 0.11547039449214935303 0.094226561486721038818 0.090768098831176757813 0.074464477598667144775 0.058599509298801422119 0.045359350740909576416 0.019038690254092216492 0.040016263723373413086 0.040971063077449798584 0.049758423119783401489 0.051477041095495223999 0.054595272988080978394 0.086244292557239532471 0.10245661437511444092 0.088400445878505706787 0.094580590724945068359 0.15554301440715789795 0.079748615622520446777 0.057836662977933883667 0.12151075154542922974 0.15325798094272613525 0.14011135697364807129 0.14339546859264373779 0.13918195664882659912 0.09422222524881362915 0.058620307594537734985 0.044301416724920272827 0.066101573407649993896 0.074033610522747039795 0.086135342717170715332 0.062123529613018035889 0.066451184451580047607 0.10653223097324371338 0.11932204663753509521 0.12606030702590942383 0.11932204663753509521 0.12773913145065307617 0.12342616170644760132
0.066649422049522399902 0.048911549150943756104 0.039754364639520645142 0.034198921173810958862 0.038898479193449020386 0.052958905696868896484 0.069697745144367218018 0.071819931268692016602 0.062269993126392364502 0.061499275267124176025 0.073441907763481140137 0.099477834999561309814 0.084422864019870758057 0.061200942844152450562 0.040220655500888824463 0.047304477542638778687 0.055802099406719207764 0.048975110054016113281 0.060778163373470306396 0.07710246741771697998 0.1163887903094291687 0.13955956697463989258 0.10759198665618896484 0.012879171408712863922 0.091703042387962341309 0.19532296061515808105 0.21953085064888000488 0.1541341245174407959 0.081184379756450653076 0.089859440922737121582 0.14906384050846099854 0.15279324352741241455 0.11997070908546447754 0.11724593490362167358 0.1078688204288482666 0.14707900583744049072 0.17914389073848724365 0.15812496840953826904 0.14858791232109069824 0.12919241189956665039 0.039185851812362670898 0.061499275267124176025 0.071585215628147125244 0.081789232790470123291 0.084209650754928588867 0.097398817539215087891 0.062986582517623901367
0.050749305635690689087 0.040896732360124588013 0.037627536803483963013 0.038898501545190811157 0.044671490788459777832 0.048911985009908676147 0.052958969026803970337 0.055656857788562774658 0.047705881297588348389 0.050749305635690689087 0.077153943479061126709 0.078880712389945983887 0.047113891690969467163 0.027767606079578399658 0.039307955652475357056 0.060630403459072113037 0.062471412122249603271 0.064340926706790924072 0.078256748616695404053 0.11531396210193634033 0.1820850074291229248 0.18473476171493530273 0.12064196169376373291 0.12230646610260009766 0.1464541703462600708 0.15850709378719329834 0.23380270600318908691 0.25894793868064880371 0.20799715816974639893 0.05006556585431098938 0.13515450060367584229 0.18005388975143432617 0.16501100361347198486 0.1460424959659576416 0.13716425001621246338 0.15529619157314300537 0.12562388181686401367 0.14902357757091522217 0.20709307491779327393 0.15079115331172943115 0.044671490788459777832 0.04059324413537979126 0.027767606079578399658 0.029710285365581512451 0.044597476720809936523 0.040896732360124588013 0.032765876501798629761
0.032220583409070968628 0.035960171371698379517 0.042271427810192108154 0.046755172312259674072 0.044672183692455291748 0.037905327975749969482 0.035792671144008636475 0.042799614369869232178 0.05262254178524017334 0.066058546304702758789 0.074979104101657867432 0.03180435672402381897 0.040050197392702102661 0.050167560577392578125 0.050167560577392578125 0.050494633615016937256 0.064360186457633972168 0.084708295762538909912 0.10114430636167526245 0.1317262500524520874 0.18935424089431762695 0.11661627888679504395 0.11734776198863983154 0.23871169984340667725 0.1741883009672164917 0.11926618218421936035 0.14799383282661437988 0.16992990672588348389 0.2207635343074798584 0.19774486124515533447 0.12856537103652954102 0.20626398921012878418 0.20450559258460998535 0.1869058459997177124 0.1139751821756362915 0.067151054739952087402 0.25023922324180603027 0.23522785305976867676 0.2020616680383682251 0.10842414945363998413 0.023377589881420135498 0.022857820615172386169 0.029973402619361877441 0.032687410712242126465 0.039673253893852233887 0.020868336781859397888 0.047025568783283233643
0.038639910519123077393 0.045852951705455780029 0.043654825538396835327 0.03730791434645652771 0.033029519021511077881 0.031270176172256469727 0.033029519021511077881 0.044039353728294372559 0.063932433724403381348 0.071560747921466827393 0.047114476561546325684 0.040061563253402709961 0.068831242620944976807 0.06361655890941619873 0.059987306594848632813 0.062589526176452636719 0.09449672698974609375 0.14728504419326782227 0.19151526689529418945 0.21220478415489196777 0.1807924807071685791 0.016003109514713287354 0.24883688986301422119 0.27022367715835571289 0.16526104509830474854 0.099489696323871612549 0.077267177402973175049 0.11289295554161071777 0.22299872338771820068 0.28668692708015441895 0.030807843431830406189 0.12786808609962463379 0.085506588220596313477 0.13741345703601837158 0.055400058627128601074 0.19266928732395172119 0.31278213858604431152 0.19698549807071685791 0.12846481800079345703 0.064232490956783294678 0.016309039667248725891 0.020530218258500099182 0.035792693495750427246 0.034689355641603469849 0.045951914042234420776 0.10759522020816802979 0.1090235784649848938
