data/tempwetq.asc
ncols        384
nrows        480
xllcorner    138.000000000000
yllcorner    -29.000000000000
cellsize     0.041666666667
NODATA_value -9999
[rows 396 to 417 of 480, columns 245 to 293 of 384]
25.320667266845703125 25.4073333740234375 25.294000625610351563 25.012666702270507813 24.892665863037109375 24.874666213989257813 24.979999542236328125 24.989332199096679688 24.96866607666015625 25.05266571044921875 25.142665863037109375 25.24466705322265625 25.10666656494140625 24.997333526611328125 24.8040008544921875 25.0540008544921875 25.3040008544921875 25.053333282470703125 25.037332534790039063 24.864000320434570313 24.92133331298828125 25.194000244140625 25.2519989013671875 25.2413330078125 25.52466583251953125 25.824666976928710938 25.79399871826171875 25.736665725708007813 25.85866546630859375 25.94733428955078125 26.263332366943359375 26.399333953857421875 26.499332427978515625 26.556665420532226563 26.560667037963867188 26.52266693115234375 26.588001251220703125 26.594667434692382813 26.30066680908203125 26.118000030517578125 26.191999435424804688 26.463998794555664063 26.502000808715820313 26.422000885009765625 26.366001129150390625 26.21666717529296875 26.242666244506835938 26.056667327880859375 25.88800048828125
25.314666748046875 25.46666717529296875 25.36199951171875 25.222667694091796875 25.126667022705078125 24.993999481201171875 25.052000045776367188 25.095333099365234375 25.109333038330078125 25.163333892822265625 25.203998565673828125 25.196666717529296875 25.27066802978515625 25.165332794189453125 25.165332794189453125 24.947999954223632813 25.031999588012695313 25.129999160766601563 25.225999832153320313 25.114665985107421875 24.99666595458984375 25.048000335693359375 25.461999893188476563 25.385334014892578125 25.619998931884765625 25.7693328857421875 25.723333358764648438 25.6746673583984375 25.661998748779296875 25.917333602905273438 26.14533233642578125 26.198667526245117188 26.267999649047851563 26.339334487915039063 26.249334335327148438 26.337999343872070313 26.406667709350585938 26.527332305908203125 26.588001251220703125 26.467332839965820313 26.405332565307617188 26.406000137329101563 26.476667404174804688 26.324666976928710938 26.32666778564453125 26.181333541870117188 26.040666580200195313 25.883333206176757813 25.925998687744140625
25.423999786376953125 25.482666015625 25.413331985473632813 25.368665695190429688 25.214000701904296875 25.021333694458007813 25.053333282470703125 25.05266571044921875 25.04000091552734375 25.091333389282226563 25.154666900634765625 25.144666671752929688 25.270000457763671875 25.36533355712890625 25.490667343139648438 25.493999481201171875 25.364000320434570313 25.277332305908203125 25.375333786010742188 25.402666091918945313 25.271331787109375 25.085332870483398438 25.534000396728515625 25.689332962036132813 25.68000030517578125 25.834667205810546875 25.70999908447265625 25.712667465209960938 25.843332290649414063 25.9373321533203125 26.15399932861328125 26.369333267211914063 26.369333267211914063 26.348667144775390625 26.3813323974609375 26.185333251953125 26.107999801635742188 26.55933380126953125 26.039333343505859375 26.013332366943359375 26.531999588012695313 26.307332992553710938 26.346666336059570313 26.348667144775390625 26.211999893188476563 26.270000457763671875 26.185333251953125 25.970666885375976563 25.780000686645507813
25.587999343872070313 25.528667449951171875 25.39333343505859375 25.55066680908203125 25.514667510986328125 25.23400115966796875 25.256666183471679688 25.219999313354492188 25.119998931884765625 25.072000503540039063 25.209333419799804688 25.294666290283203125 25.201333999633789063 25.312665939331054688 25.425333023071289063 25.417999267578125 25.363332748413085938 25.326000213623046875 25.232666015625 25.345333099365234375 25.549333572387695313 25.341999053955078125 25.745332717895507813 26.004667282104492188 25.86199951171875 25.808666229248046875 25.782667160034179688 25.890666961669921875 26.126667022705078125 26.060667037963867188 26.187999725341796875 26.4333343505859375 26.568666458129882813 26.591333389282226563 26.490667343139648438 26.453998565673828125 26.471332550048828125 25.964666366577148438 26.628667831420898438 26.530000686645507813 26.422666549682617188 26.24466705322265625 26.118000030517578125 26.20133209228515625 26.01200103759765625 26.108667373657226563 26.300001144409179688 26.092000961303710938 25.913333892822265625
25.598667144775390625 25.154666900634765625 25 25.461999893188476563 25.740665435791015625 25.6660003662109375 25.588666915893554688 25.542667388916015625 25.44066619873046875 25.369998931884765625 25.461999893188476563 25.5366668701171875 25.167999267578125 25.381999969482421875 25.595333099365234375 25.687999725341796875 25.652667999267578125 25.850667953491210938 25.747333526611328125 25.591999053955078125 25.832000732421875 25.78133392333984375 26.150667190551757813 26.20133209228515625 26.067333221435546875 25.892000198364257813 26.006000518798828125 26.250667572021484375 26.356000900268554688 26.383333206176757813 26.30066680908203125 26.408000946044921875 26.58066558837890625 26.726667404174804688 26.746000289916992188 26.679332733154296875 26.746667861938476563 26.714000701904296875 26.648000717163085938 26.451999664306640625 26.247333526611328125 26.1186676025390625 26.12599945068359375 26.041332244873046875 25.847333908081054688 25.944665908813476563 26.292667388916015625 26.318666458129882813 26.280666351318359375
24.880001068115234375 24.119333267211914063 24.30266571044921875 25.312000274658203125 25.721332550048828125 25.767999649047851563 25.684000015258789063 25.708667755126953125 25.793333053588867188 25.672000885009765625 25.67800140380859375 25.663333892822265625 25.42133331298828125 25.4546661376953125 25.489332199096679688 25.700666427612304688 25.869998931884765625 25.832000732421875 25.764665603637695313 25.92133331298828125 26.002000808715820313 26.100000381469726563 26.0753326416015625 26.1013336181640625 25.892665863037109375 26.007333755493164063 26.33733367919921875 26.4633331298828125 26.5 26.475999832153320313 26.516666412353515625 26.51200103759765625 26.6833343505859375 26.747331619262695313 26.773332595825195313 26.714666366577148438 26.749332427978515625 26.661333084106445313 26.629999160766601563 26.562000274658203125 26.436666488647460938 26.180665969848632813 26.136667251586914063 26.093999862670898438 25.834667205810546875 25.950000762939453125 26.138666152954101563 26.27266693115234375 26.37933349609375
25.04000091552734375 24.409332275390625 25.038000106811523438 25.672666549682617188 25.784666061401367188 25.692667007446289063 25.686666488647460938 25.765333175659179688 25.83733367919921875 25.810001373291015625 25.801334381103515625 25.843999862670898438 25.8600006103515625 25.885999679565429688 25.790666580200195313 25.7586669921875 25.8513336181640625 25.743999481201171875 25.584667205810546875 25.574665069580078125 25.675333023071289063 25.845333099365234375 25.926666259765625 26.01200103759765625 25.726667404174804688 26.025333404541015625 26.391332626342773438 26.6013336181640625 26.571332931518554688 26.56999969482421875 26.645999908447265625 26.704000473022460938 26.7413330078125 26.755998611450195313 26.7433319091796875 26.656000137329101563 26.549333572387695313 26.513332366943359375 26.593999862670898438 26.647333145141601563 25.840667724609375 26.318666458129882813 26.173999786376953125 26.065999984741210938 25.815332412719726563 25.826000213623046875 25.915332794189453125 26.107334136962890625 26.204668045043945313
25.42333221435546875 24.8986663818359375 25.156000137329101563 25.299333572387695313 25.430667877197265625 25.4459991455078125 25.637334823608398438 25.777332305908203125 26.021999359130859375 26.087999343872070313 26.024000167846679688 26.06133270263671875 26.135999679565429688 26.191333770751953125 25.879999160766601563 26.00533294677734375 26.040666580200195313 25.793333053588867188 25.621999740600585938 25.492666244506835938 25.6226654052734375 25.659999847412109375 25.7413330078125 25.855333328247070313 25.630666732788085938 25.95999908447265625 26.313333511352539063 26.555999755859375 26.674665451049804688 26.618665695190429688 26.70133209228515625 26.822000503540039063 26.747333526611328125 26.705333709716796875 26.542667388916015625 26.584665298461914063 26.373332977294921875 26.487333297729492188 26.634000778198242188 26.63266754150390625 26.637332916259765625 26.499334335327148438 26.36333465576171875 26.228000640869140625 25.986667633056640625 25.781999588012695313 25.71666717529296875 25.921998977661132813 25.98799896240234375
25.467332839965820313 24.285999298095703125 24.310667037963867188 24.175333023071289063 24.873332977294921875 25.534000396728515625 25.846666336059570313 26.000667572021484375 26.118000030517578125 26.110668182373046875 26.1226654052734375 26.184665679931640625 26.271999359130859375 26.333333969116210938 26.043333053588867188 26.069332122802734375 25.992666244506835938 25.55266571044921875 25.301334381103515625 25.586666107177734375 25.80066680908203125 25.857334136962890625 25.95600128173828125 26.08066558837890625 25.817333221435546875 25.956666946411132813 26.271999359130859375 26.62400054931640625 26.64533233642578125 26.61733245849609375 26.75533294677734375 26.84466552734375 26.656000137329101563 26.61533355712890625 26.529333114624023438 26.460666656494140625 26.493999481201171875 26.667999267578125 26.64133453369140625 26.5839996337890625 26.476665496826171875 26.4546661376953125 26.451999664306640625 26.370000839233398438 26.15399932861328125 25.978000640869140625 25.725999832153320313 25.693332672119140625 25.697332382202148438
25.406000137329101563 24.145334243774414063 24.832666397094726563 25.444000244140625 25.5493316650390625 25.869998931884765625 25.988666534423828125 26.056667327880859375 26.135334014892578125 25.9806671142578125 26.0666656494140625 26.137332916259765625 26.251333236694335938 26.2693328857421875 26.133333206176757813 26.064666748046875 25.826000213623046875 25.492000579833984375 25.55933380126953125 25.716665267944335938 25.734666824340820313 25.70800018310546875 25.7393341064453125 25.70800018310546875 25.7480010986328125 26.027334213256835938 26.366664886474609375 26.509332656860351563 26.669332504272460938 26.760000228881835938 26.817333221435546875 26.775333404541015625 26.627332687377929688 26.496667861938476563 26.470001220703125 26.469333648681640625 26.6486663818359375 26.74466705322265625 26.581333160400390625 26.4806671142578125 26.375333786010742188 26.27466583251953125 26.264667510986328125 26.31800079345703125 26.138666152954101563 25.897333145141601563 25.779333114624023438 25.622667312622070313 25.501333236694335938
25.336666107177734375 24.313999176025390625 25.191999435424804688 25.8899993896484375 26.009334564208984375 26.058666229248046875 26.073333740234375 26.120000839233398438 26.093999862670898438 25.925333023071289063 25.959333419799804688 26.116666793823242188 26.24466705322265625 26.1273345947265625 25.940000534057617188 25.883333206176757813 25.788000106811523438 25.72733306884765625 25.888666152954101563 25.955333709716796875 25.871334075927734375 25.780666351318359375 25.747333526611328125 25.761333465576171875 25.858667373657226563 26.12400054931640625 26.4160003662109375 26.663999557495117188 26.763332366943359375 26.711999893188476563 26.618665695190429688 26.705999374389648438 26.574666976928710938 26.47733306884765625 26.628665924072265625 26.663333892822265625 26.7239990234375 26.657999038696289063 26.637332916259765625 26.57666778564453125 26.52266693115234375 26.461999893188476563 26.29000091552734375 26.21666717529296875 26.077333450317382813 25.947332382202148438 25.9720001220703125 25.815332412719726563 25.709333419799804688
24.94933319091796875 24.978000640869140625 25.608667373657226563 25.950666427612304688 25.944000244140625 25.922666549682617188 26 26.071332931518554688 26.0260009765625 25.937334060668945313 26.016000747680664063 26.140666961669921875 26.094667434692382813 26.16066741943359375 26.032667160034179688 25.895999908447265625 25.90399932861328125 25.866001129150390625 26.13666534423828125 26.308666229248046875 26.276666641235351563 26.110666275024414063 26.02066802978515625 26.128000259399414063 26.26599884033203125 26.516000747680664063 26.729999542236328125 26.78133392333984375 26.67133331298828125 26.677999496459960938 26.48799896240234375 26.4373321533203125 26.39133453369140625 26.475999832153320313 26.605998992919921875 26.577999114990234375 26.576000213623046875 26.40200042724609375 26.503999710083007813 26.558666229248046875 26.478000640869140625 26.51399993896484375 26.417331695556640625 26.2046661376953125 26.030000686645507813 25.955333709716796875 25.920000076293945313 25.583332061767578125 25.625333786010742188
24.909999847412109375 25.149999618530273438 25.545999526977539063 25.779333114624023438 25.850000381469726563 25.85466766357421875 25.850666046142578125 25.970001220703125 26.034000396728515625 26.050001144409179688 26.096668243408203125 26 26.006000518798828125 26.144666671752929688 26.256666183471679688 26.191333770751953125 26.128665924072265625 26.004667282104492188 26.247333526611328125 26.525333404541015625 26.563999176025390625 26.444000244140625 26.35466766357421875 26.52266693115234375 26.588666915893554688 26.684000015258789063 26.6746673583984375 26.75533294677734375 26.593999862670898438 26.729333877563476563 26.650665283203125 26.406665802001953125 26.341333389282226563 26.4806671142578125 26.512666702270507813 26.3986663818359375 26.430665969848632813 26.380001068115234375 26.427999496459960938 26.50533294677734375 26.499334335327148438 26.417333602905273438 26.426000595092773438 26.387332916259765625 26.279333114624023438 26.185998916625976563 25.973333358764648438 25.559999465942382813 25.295999526977539063
24.845333099365234375 25.07666778564453125 25.481332778930664063 25.808666229248046875 26.017333984375 26.057332992553710938 25.932666778564453125 25.934665679931640625 26.175333023071289063 26.21533203125 26.195333480834960938 26.05066680908203125 25.982000350952148438 26.1573333740234375 26.341333389282226563 26.431333541870117188 26.348667144775390625 26.153333663940429688 26.280000686645507813 26.439332962036132813 26.513332366943359375 26.38266754150390625 26.439998626708984375 26.60666656494140625 26.50533294677734375 26.58933258056640625 26.540666580200195313 26.668666839599609375 26.507999420166015625 26.655332565307617188 26.621999740600585938 26.442667007446289063 26.392000198364257813 26.492666244506835938 26.4739990234375 26.432001113891601563 26.45800018310546875 26.450000762939453125 26.381999969482421875 26.529333114624023438 26.539333343505859375 26.468000411987304688 26.373332977294921875 26.274667739868164063 26.225332260131835938 26.184000015258789063 26.142665863037109375 25.84799957275390625 25.413333892822265625
25.03333282470703125 25.235332489013671875 25.50133514404296875 25.857999801635742188 26.107999801635742188 26.18000030517578125 26.006000518798828125 25.971332550048828125 26.113332748413085938 26.261999130249023438 26.333333969116210938 26.159332275390625 26.028667449951171875 26.128000259399414063 26.2413330078125 26.3339996337890625 26.429332733154296875 26.315332412719726563 26.151332855224609375 26.260000228881835938 26.422666549682617188 26.320667266845703125 26.37933349609375 26.493333816528320313 26.45800018310546875 26.5753326416015625 26.526666641235351563 26.658666610717773438 26.601999282836914063 26.654001235961914063 26.579999923706054688 26.376667022705078125 26.428667068481445313 26.47733306884765625 26.336000442504882813 26.236665725708007813 26.33066558837890625 26.397998809814453125 26.431333541870117188 26.484666824340820313 26.446666717529296875 26.4806671142578125 26.43000030517578125 26.312000274658203125 26.210666656494140625 26.091999053955078125 25.310667037963867188 25.142000198364257813 25.58933258056640625
25.203332901000976563 25.243999481201171875 25.280666351318359375 25.686666488647460938 26.052667617797851563 26.185333251953125 26.126667022705078125 25.967332839965820313 25.925333023071289063 26.193332672119140625 26.31999969482421875 26.06800079345703125 26.1013336181640625 26.086666107177734375 26.086000442504882813 26.215999603271484375 26.382665634155273438 26.343334197998046875 26.173999786376953125 26.11533355712890625 26.29199981689453125 26.324666976928710938 26.413333892822265625 26.420000076293945313 26.540666580200195313 26.55066680908203125 26.4459991455078125 26.593334197998046875 26.584667205810546875 26.5106658935546875 26.334667205810546875 26.138668060302734375 26.349332809448242188 26.322666168212890625 25.922666549682617188 25.767999649047851563 26.049999237060546875 26.1746673583984375 26.350666046142578125 26.431333541870117188 26.380001068115234375 26.392000198364257813 26.36199951171875 26.294000625610351563 26.114665985107421875 26.034666061401367188 25.899332046508789063 25.684667587280273438 25.5260009765625
25.4160003662109375 25.184665679931640625 25.153333663940429688 25.67133331298828125 25.955999374389648438 26.161333084106445313 26.09799957275390625 26.024000167846679688 25.961332321166992188 26.070667266845703125 26.269998550415039063 26.29199981689453125 26.249334335327148438 26.02266693115234375 25.832000732421875 25.844667434692382813 26.085332870483398438 26.14333343505859375 26.0666656494140625 26.097333908081054688 26.170665740966796875 26.322666168212890625 26.343999862670898438 26.35866546630859375 26.385334014892578125 26.379999160766601563 26.266000747680664063 26.3726654052734375 26.417333602905273438 26.1660003662109375 25.943332672119140625 25.9720001220703125 26.105333328247070313 26.14666748046875 25.979333877563476563 25.927999496459960938 26.057332992553710938 26.133998870849609375 26.289333343505859375 26.32199859619140625 26.2393341064453125 26.232666015625 26.27266693115234375 26.296667098999023438 26.201333999633789063 26.0066680908203125 25.701333999633789063 25.536001205444335938 25.399999618530273438
25.503999710083007813 25.294666290283203125 25.450000762939453125 25.673334121704101563 25.91066741943359375 26.134000778198242188 26.18866729736328125 26.154666900634765625 26.099332809448242188 26.109333038330078125 26.193332672119140625 26.334667205810546875 26.220666885375976563 25.88466644287109375 25.81999969482421875 25.788000106811523438 25.845333099365234375 25.869333267211914063 25.797332763671875 25.861333847045898438 26.003999710083007813 26.058666229248046875 26.135334014892578125 26.090667724609375 26.055332183837890625 25.942667007446289063 25.936000823974609375 26.152666091918945313 25.435333251953125 26.0086669921875 25.743999481201171875 25.7866668701171875 25.940000534057617188 26.10666656494140625 26.100000381469726563 26.016666412353515625 26.182666778564453125 26.116666793823242188 26.237333297729492188 26.208667755126953125 26.012666702270507813 25.975999832153320313 26.024667739868164063 26.130666732788085938 26.095333099365234375 26.014667510986328125 25.844667434692382813 25.462665557861328125 25.281999588012695313
25.8426666259765625 25.7519989013671875 25.77466583251953125 25.835332870483398438 25.982666015625 26.093999862670898438 26.232000350952148438 26.265333175659179688 26.239999771118164063 26.302000045776367188 26.264667510986328125 26.354000091552734375 26.239999771118164063 26.092000961303710938 26.068666458129882813 26.0366668701171875 26.007999420166015625 25.881999969482421875 25.594667434692382813 25.578001022338867188 25.549999237060546875 25.52466583251953125 25.751333236694335938 25.771999359130859375 25.722665786743164063 25.728000640869140625 25.882665634155273438 26.068666458129882813 25.993999481201171875 25.89666748046875 25.660665512084960938 25.73799896240234375 25.992666244506835938 25.9073333740234375 25.901332855224609375 25.685998916625976563 25.831333160400390625 25.985332489013671875 26.1186676025390625 26.196666717529296875 26.056667327880859375 25.805332183837890625 25.593332290649414063 25.847332000732421875 25.972667694091796875 25.779998779296875 25.791332244873046875 25.456666946411132813 25.10666656494140625
26.13266754150390625 26.169332504272460938 26.09799957275390625 25.930665969848632813 25.959333419799804688 26.085332870483398438 26.081333160400390625 26.112667083740234375 26.29399871826171875 26.336666107177734375 26.281999588012695313 26.364665985107421875 26.453998565673828125 26.404666900634765625 26.308000564575195313 26.252666473388671875 26.079334259033203125 25.759332656860351563 25.369998931884765625 25.404666900634765625 25.49466705322265625 25.524000167846679688 25.694667816162109375 25.761333465576171875 25.8253326416015625 25.841333389282226563 25.915332794189453125 25.9246673583984375 25.965999603271484375 25.8426666259765625 25.739999771118164063 25.7586669921875 25.693332672119140625 25.506000518798828125 25.534000396728515625 25.520666122436523438 25.418666839599609375 25.682666778564453125 26.013332366943359375 26.014667510986328125 25.817333221435546875 25.815999984741210938 25.667333602905273438 25.619333267211914063 25.749332427978515625 25.586666107177734375 25.387332916259765625 25.278667449951171875 25.070667266845703125
26.2953338623046875 26.3126678466796875 26.291334152221679688 26.06999969482421875 25.922000885009765625 26.039333343505859375 26.0453338623046875 26.149333953857421875 26.284000396728515625 26.372667312622070313 26.416666030883789063 26.315999984741210938 26.430665969848632813 26.378000259399414063 26.271333694458007813 26.274000167846679688 26.01200103759765625 25.62066650390625 25.405332565307617188 25.70800018310546875 25.90000152587890625 25.9980010986328125 26.023334503173828125 25.931333541870117188 25.878665924072265625 25.88466644287109375 25.7693328857421875 25.636667251586914063 25.017999649047851563 25.821332931518554688 24.984666824340820313 25.653333663940429688 25.469333648681640625 25.360666275024414063 25.31800079345703125 25.498666763305664063 25.61533355712890625 25.687999725341796875 25.684000015258789063 25.583333969116210938 25.409334182739257813 25.278667449951171875 25.451999664306640625 25.558000564575195313 25.54399871826171875 25.233333587646484375 25.12400054931640625 25.200666427612304688 25.052000045776367188
26.456666946411132813 26.425998687744140625 26.313333511352539063 26.193332672119140625 26.049999237060546875 26.135999679565429688 26.099332809448242188 26.1100006103515625 26.227998733520507813 26.329332351684570313 26.411998748779296875 26.331333160400390625 26.396665573120117188 26.495334625244140625 26.442667007446289063 26.289333343505859375 25.8773345947265625 25.610666275024414063 25.808666229248046875 25.85466766357421875 25.984666824340820313 26.1833343505859375 26.053333282470703125 25.936000823974609375 25.938001632690429688 25.68866729736328125 25.676666259765625 24.81999969482421875 24.841333389282226563 25.8426666259765625 25.08933258056640625 25.0366668701171875 25.837999343872070313 25.823999404907226563 25.55266571044921875 25.604000091552734375 25.586666107177734375 25.33066558837890625 25.21866607666015625 25.11533355712890625 24.94066619873046875 24.780000686645507813 24.973333358764648438 25.246667861938476563 25.1746673583984375 25.00533294677734375 25.093999862670898438 25.153333663940429688 25.108667373657226563
