data/tempdryq.asc
ncols        384
nrows        480
xllcorner    138.000000000000
yllcorner    -29.000000000000
cellsize     0.041666666667
NODATA_value -9999
[rows 110 to 131 of 480, columns 98 to 146 of 384]
23.555332183837890625 24.317333221435546875 23.74666595458984375 23.6873321533203125 24.197999954223632813 24.1746673583984375 24.218000411987304688 24.24666595458984375 24.2220001220703125 24.236665725708007813 24.31133270263671875 24.222667694091796875 24.105998992919921875 24.001333236694335938 23.926666259765625 24.079334259033203125 24.2239990234375 24.293333053588867188 24.079334259033203125 23.87933349609375 23.59799957275390625 23.49466705322265625 23.65533447265625 23.776666641235351563 23.809999465942382813 23.733999252319335938 23.676666259765625 23.37933349609375 22.7133331298828125 21.640666961669921875 21.90200042724609375 23.951999664306640625 24.104000091552734375 23.436666488647460938 23.69733428955078125 23.8791656494140625 -9999 -9999 -9999 -9999 -9999 -9999 -9999 -9999 -9999 -9999 -9999 -9999 -9999
24.246000289916992188 23.64133453369140625 23.6746673583984375 23.630001068115234375 24.224000930786132813 24.2693328857421875 24.309999465942382813 24.340000152587890625 24.299333572387695313 24.228666305541992188 24.156665802001953125 24.12400054931640625 24.059999465942382813 24.043333053588867188 24.000667572021484375 24.077999114990234375 24.180665969848632813 24.243333816528320313 23.9913330078125 23.81999969482421875 23.579334259033203125 23.549999237060546875 23.70800018310546875 23.848667144775390625 23.9246673583984375 23.86199951171875 23.730665206909179688 23.368000030517578125 22.09600067138671875 21.417333602905273438 21.385999679565429688 22.166666030883789063 22.266666412353515625 23.478000640869140625 23.92333221435546875 24.016666412353515625 -9999 -9999 -9999 25.28333282470703125 -9999 -9999 -9999 -9999 -9999 -9999 -9999 -9999 -9999
23.596666336059570313 24.252666473388671875 24.22533416748046875 23.64333343505859375 23.656000137329101563 23.654666900634765625 24.29000091552734375 24.273332595825195313 24.219999313354492188 24.135334014892578125 23.332000732421875 23.967332839965820313 24.123332977294921875 24.16933441162109375 24.15533447265625 24.12933349609375 24.086666107177734375 24.167333602905273438 23.941999435424804688 23.736665725708007813 23.648000717163085938 23.691333770751953125 23.778665542602539063 23.878665924072265625 24.011333465576171875 23.970666885375976563 23.805999755859375 23.46666717529296875 22.571332931518554688 21.573333740234375 21.095333099365234375 21.5279998779296875 22.378665924072265625 23.465999603271484375 23.873332977294921875 23.97222137451171875 -9999 -9999 -9999 -9999 -9999 -9999 -9999 -9999 -9999 -9999 -9999 -9999 -9999
23.662000656127929688 23.645334243774414063 23.628665924072265625 23.661998748779296875 23.66066741943359375 24.291332244873046875 24.2393341064453125 24.215999603271484375 24.173999786376953125 24.124666213989257813 23.974666595458984375 24.007333755493164063 24.139333724975585938 24.197999954223632813 24.161333084106445313 24.098667144775390625 24.060667037963867188 24.068666458129882813 23.959333419799804688 23.897333145141601563 23.859333038330078125 23.831333160400390625 23.843334197998046875 23.849332809448242188 23.971332550048828125 23.94933319091796875 23.748666763305664063 23.186666488647460938 22.426666259765625 21.03133392333984375 20.64666748046875 21.112667083740234375 22.048000335693359375 23.280000686645507813 23.765216827392578125 -9999 -9999 -9999 -9999 -9999 -9999 -9999 -9999 -9999 -9999 -9999 -9999 -9999 -9999
24.23600006103515625 23.638666152954101563 23.63266754150390625 23.6186676025390625 24.312665939331054688 24.2866668701171875 24.289333343505859375 24.259332656860351563 24.219999313354492188 24.130666732788085938 24.0753326416015625 24.066667556762695313 24.1013336181640625 24.130666732788085938 24.107999801635742188 24.0086669921875 24.080667495727539063 24.006666183471679688 24.01399993896484375 24.011333465576171875 23.943332672119140625 23.901332855224609375 23.841999053955078125 23.805999755859375 23.83066558837890625 23.579334259033203125 22.64666748046875 21.729333877563476563 20.734666824340820313 19.8040008544921875 20.034666061401367188 20.808666229248046875 22.177333831787109375 23.177333831787109375 23.600725173950195313 -9999 -9999 -9999 -9999 -9999 -9999 -9999 -9999 -9999 -9999 -9999 -9999 -9999 -9999
24.010000228881835938 24.011333465576171875 23.85666656494140625 23.9546661376953125 24.096666336059570313 24.053333282470703125 24.01599884033203125 24.104000091552734375 24.135334014892578125 24.110666275024414063 24.093999862670898438 24.079999923706054688 24.066667556762695313 24.060001373291015625 24.097333908081054688 24.039333343505859375 24.045331954956054688 24.034000396728515625 24.0279998779296875 23.935333251953125 23.9246673583984375 23.920000076293945313 23.88266754150390625 23.7953338623046875 23.710666656494140625 23.312000274658203125 22.145999908447265625 21.169332504272460938 20.297332763671875 19.644001007080078125 20.232000350952148438 21.0540008544921875 22.383333206176757813 24.340665817260742188 23.5839996337890625 23.909259796142578125 -9999 -9999 -9999 -9999 -9999 -9999 -9999 -9999 -9999 -9999 -9999 -9999 -9999
23.9633331298828125 23.246000289916992188 23.763334274291992188 23.761999130249023438 23.825334548950195313 23.71666717529296875 23.559999465942382813 23.53333282470703125 23.701333999633789063 23.616666793823242188 23.83066558837890625 23.950000762939453125 23.951999664306640625 23.98600006103515625 24.0453338623046875 23.93866729736328125 23.965999603271484375 23.9633331298828125 23.923999786376953125 23.864000320434570313 23.88266754150390625 23.88266754150390625 23.87599945068359375 23.7866668701171875 23.496000289916992188 23.144666671752929688 22.680667877197265625 21.568666458129882813 20.459333419799804688 19.70999908447265625 20.47533416748046875 22.176000595092773438 23.892000198364257813 23.337999343872070313 23.667999267578125 24.137500762939453125 24.3111114501953125 -9999 -9999 23.799999237060546875 -9999 -9999 -9999 -9999 -9999 -9999 -9999 -9999 -9999
23.976665496826171875 23.88466644287109375 23.79000091552734375 23.821332931518554688 23.827333450317382813 23.649999618530273438 23.435333251953125 23.40200042724609375 23.492666244506835938 23.28133392333984375 23.319332122802734375 23.49666595458984375 23.693332672119140625 23.87933349609375 24.010000228881835938 24.010000228881835938 23.93866729736328125 23.945333480834960938 23.90200042724609375 23.82866668701171875 23.826000213623046875 23.835332870483398438 23.832666397094726563 23.803333282470703125 23.59600067138671875 22.766666412353515625 22.631999969482421875 22.006000518798828125 20.678667068481445313 21.418001174926757813 21.181333541870117188 24.191999435424804688 23.182001113891601563 23.549999237060546875 23.78133392333984375 24.10666656494140625 24.219696044921875 -9999 -9999 -9999 -9999 -9999 -9999 -9999 -9999 -9999 -9999 -9999 -9999
23.9893341064453125 23.852666854858398438 23.7866668701171875 23.851999282836914063 23.789333343505859375 23.55266571044921875 23.446666717529296875 23.532667160034179688 23.45133209228515625 23.292667388916015625 23.4073333740234375 23.565334320068359375 23.677333831787109375 23.85666656494140625 23.94066619873046875 23.728666305541992188 23.673999786376953125 23.807332992553710938 23.854000091552734375 23.82866668701171875 23.887332916259765625 23.929332733154296875 23.940000534057617188 23.788000106811523438 23.586666107177734375 23.278667449951171875 23.062665939331054688 22.305334091186523438 21.562665939331054688 20.385999679565429688 22.378000259399414063 23.004667282104492188 22.705333709716796875 23.461999893188476563 23.79199981689453125 24.13466644287109375 24.30648040771484375 -9999 -9999 -9999 23.933332443237304688 -9999 -9999 -9999 -9999 -9999 -9999 -9999 -9999
23.969333648681640625 23.873332977294921875 23.880001068115234375 23.797332763671875 23.6100006103515625 23.538665771484375 23.493333816528320313 23.56800079345703125 23.425998687744140625 23.32866668701171875 23.534666061401367188 23.649333953857421875 23.673334121704101563 23.79000091552734375 23.805334091186523438 23.636667251586914063 23.470666885375976563 23.597333908081054688 23.703332901000976563 23.757333755493164063 23.868000030517578125 23.927333831787109375 23.979999542236328125 23.846666336059570313 23.462665557861328125 23.23799896240234375 22.946666717529296875 22.586666107177734375 22.024000167846679688 21.55266571044921875 23.284666061401367188 22.539333343505859375 23.324666976928710938 23.51399993896484375 23.80933380126953125 24.113332748413085938 24.226665496826171875 24.2145843505859375 -9999 -9999 -9999 -9999 -9999 -9999 -9999 -9999 -9999 -9999 -9999
24.007999420166015625 23.94933319091796875 23.86733245849609375 23.7433319091796875 23.625333786010742188 23.544000625610351563 23.570667266845703125 23.503332138061523438 23.511333465576171875 23.493999481201171875 23.6399993896484375 23.714000701904296875 23.628000259399414063 23.72933197021484375 23.845333099365234375 23.728000640869140625 23.636667251586914063 23.686000823974609375 23.614000320434570313 23.69733428955078125 23.748666763305664063 23.81133270263671875 23.878000259399414063 23.814666748046875 23.45800018310546875 22.881999969482421875 22.836666107177734375 22.750667572021484375 22.712667465209960938 22.220666885375976563 22.035999298095703125 22.894666671752929688 23.42333221435546875 23.651332855224609375 23.917333602905273438 24.107999801635742188 24.21666717529296875 24.30266571044921875 24.328571319580078125 -9999 -9999 -9999 -9999 -9999 -9999 -9999 -9999 -9999 -9999
24.0279998779296875 23.940000534057617188 23.864665985107421875 23.74466705322265625 23.649333953857421875 23.590000152587890625 23.602666854858398438 23.560667037963867188 23.667333602905273438 23.672666549682617188 23.735332489013671875 23.7586669921875 23.687334060668945313 23.789333343505859375 23.895334243774414063 23.832000732421875 23.808000564575195313 23.798000335693359375 23.72533416748046875 23.69733428955078125 23.656000137329101563 23.614665985107421875 23.631999969482421875 23.647333145141601563 23.461999893188476563 22.970666885375976563 22.644001007080078125 22.76399993896484375 22.886667251586914063 22.845333099365234375 22.549333572387695313 23.034000396728515625 23.506000518798828125 23.760000228881835938 24.003999710083007813 24.1313323974609375 24.281999588012695313 24.413333892822265625 24.426923751831054688 -9999 -9999 -9999 -9999 -9999 -9999 -9999 -9999 -9999 -9999
24.05066680908203125 23.942667007446289063 23.838666915893554688 23.773332595825195313 23.725999832153320313 23.756000518798828125 23.724666595458984375 23.729333877563476563 23.721332550048828125 23.653333663940429688 23.63266754150390625 23.676666259765625 23.806667327880859375 23.86533355712890625 23.89333343505859375 23.8426666259765625 23.838666915893554688 23.847333908081054688 23.747333526611328125 23.6100006103515625 23.552000045776367188 23.504665374755859375 23.416666030883789063 23.378000259399414063 23.368000030517578125 23.12933349609375 22.86733245849609375 22.780666351318359375 22.915332794189453125 23.0279998779296875 22.992666244506835938 23.428667068481445313 23.60466766357421875 23.7866668701171875 23.951333999633789063 24.067333221435546875 24.189332962036132813 24.398000717163085938 24.440196990966796875 -9999 -9999 -9999 -9999 -9999 -9999 -9999 -9999 -9999 -9999
24.079334259033203125 23.964000701904296875 23.883333206176757813 23.86733245849609375 23.970666885375976563 23.95600128173828125 23.87400054931640625 23.777332305908203125 23.67333221435546875 23.58066558837890625 23.4893341064453125 23.68866729736328125 23.86533355712890625 23.869998931884765625 23.83733367919921875 23.897333145141601563 23.988666534423828125 23.418666839599609375 23.343332290649414063 23.063333511352539063 23.389333724975585938 23.315334320068359375 23.315334320068359375 23.30066680908203125 23.31133270263671875 23.220001220703125 23.104000091552734375 22.965333938598632813 22.941333770751953125 23.181333541870117188 23.469999313354492188 23.539333343505859375 23.651332855224609375 23.753332138061523438 23.852666854858398438 23.904666900634765625 24.009332656860351563 24.156000137329101563 24.218332290649414063 -9999 -9999 -9999 -9999 -9999 -9999 -9999 -9999 -9999 -9999
24.009332656860351563 24.009332656860351563 24.0106658935546875 24.095333099365234375 24.117334365844726563 24.021999359130859375 23.833332061767578125 23.765333175659179688 23.7220001220703125 23.638666152954101563 23.555332183837890625 23.67800140380859375 23.898000717163085938 23.8686676025390625 23.862667083740234375 23.956666946411132813 24.048000335693359375 24.077333450317382813 23.338666915893554688 23.595333099365234375 23.25 23.196666717529296875 23.301334381103515625 23.312000274658203125 23.340667724609375 23.287334442138671875 23.266000747680664063 23.109333038330078125 22.936000823974609375 23.10466766357421875 23.389333724975585938 23.611333847045898438 23.68199920654296875 23.69066619873046875 23.71866607666015625 23.709333419799804688 23.840000152587890625 23.814666748046875 23.9116668701171875 -9999 -9999 -9999 -9999 -9999 -9999 -9999 -9999 -9999 -9999
24.108667373657226563 24.130666732788085938 24.187999725341796875 24.243333816528320313 24.204000473022460938 24.10333251953125 23.953998565673828125 23.93000030517578125 23.801332473754882813 23.604000091552734375 23.45999908447265625 23.633333206176757813 23.926000595092773438 23.901332855224609375 23.919332504272460938 23.970001220703125 23.979999542236328125 23.302000045776367188 23.197999954223632813 22.983333587646484375 22.99466705322265625 23.371999740600585938 23.308666229248046875 23.376667022705078125 23.33733367919921875 23.350000381469726563 23.384000778198242188 23.207332611083984375 22.937334060668945313 22.926000595092773438 22.961999893188476563 23.447999954223632813 23.599332809448242188 23.5 23.51399993896484375 23.526666641235351563 23.588666915893554688 23.64333343505859375 23.895833969116210938 24.083332061767578125 -9999 -9999 -9999 -9999 -9999 -9999 -9999 -9999 -9999
24.28133392333984375 24.28133392333984375 24.250667572021484375 24.257333755493164063 24.246000289916992188 24.158666610717773438 24.081333160400390625 23.996000289916992188 23.883333206176757813 23.70999908447265625 23.583333969116210938 23.7133331298828125 23.959333419799804688 24.00533294677734375 23.919332504272460938 23.890666961669921875 23.866666793823242188 23.795999526977539063 23.086666107177734375 23.012666702270507813 23.737333297729492188 23.48799896240234375 23.212667465209960938 23.323333740234375 23.299999237060546875 23.348667144775390625 23.3339996337890625 23.142665863037109375 22.999334335327148438 22.920000076293945313 22.638666152954101563 22.904666900634765625 23.470666885375976563 23.520000457763671875 23.4893341064453125 23.485332489013671875 23.579999923706054688 23.658666610717773438 23.961334228515625 24.161539077758789063 -9999 -9999 -9999 -9999 -9999 -9999 -9999 -9999 -9999
24.224666595458984375 24.242666244506835938 24.261333465576171875 24.270666122436523438 24.26200103759765625 24.194000244140625 24.104000091552734375 24.035333633422851563 23.960666656494140625 23.836000442504882813 23.746000289916992188 23.815999984741210938 23.95999908447265625 23.981332778930664063 23.885334014892578125 23.708667755126953125 23.66466522216796875 23.659332275390625 23.743999481201171875 23.006000518798828125 23.689332962036132813 23.57666778564453125 23.2866668701171875 23.296667098999023438 23.30266571044921875 23.302000045776367188 23.215333938598632813 23.037332534790039063 22.943332672119140625 22.81800079345703125 22.7046661376953125 22.925333023071289063 23.379999160766601563 23.329999923706054688 23.276666641235351563 23.4246673583984375 23.469333648681640625 23.412000656127929688 23.829999923706054688 24.122806549072265625 -9999 -9999 -9999 -9999 -9999 -9999 -9999 -9999 -9999
24.254667282104492188 24.2046661376953125 24.201999664306640625 24.219333648681640625 24.23799896240234375 24.172666549682617188 24.067333221435546875 24.034000396728515625 23.979333877563476563 23.9373321533203125 23.915332794189453125 23.8986663818359375 23.214000701904296875 23.917999267578125 23.8773345947265625 23.765333175659179688 23.65200042724609375 23.736665725708007813 23.788665771484375 22.930667877197265625 23.017999649047851563 23.53333282470703125 23.42133331298828125 23.298000335693359375 23.26200103759765625 23.172666549682617188 23.065999984741210938 22.975999832153320313 23.006666183471679688 22.914667129516601563 22.796667098999023438 22.85666656494140625 23.105333328247070313 22.956666946411132813 23.165332794189453125 23.370000839233398438 23.493333816528320313 23.434000015258789063 23.677333831787109375 24.0086669921875 24.394445419311523438 -9999 -9999 -9999 -9999 -9999 -9999 -9999 -9999
24.11733245849609375 24.159999847412109375 24.187999725341796875 24.18199920654296875 24.186666488647460938 24.194000244140625 24.1660003662109375 24.184665679931640625 24.133333206176757813 24.052000045776367188 24.004667282104492188 23.954000473022460938 23.894666671752929688 23.172666549682617188 23.836666107177734375 23.826000213623046875 23.77266693115234375 23.895999908447265625 23.932666778564453125 23.64333343505859375 23.52266693115234375 23.224666595458984375 22.61733245849609375 23.099332809448242188 23.133998870849609375 23.024000167846679688 23.0106658935546875 23.028665542602539063 23.109333038330078125 22.909999847412109375 22.880666732788085938 22.795999526977539063 22.65200042724609375 22.979333877563476563 23.193332672119140625 23.320667266845703125 23.354000091552734375 23.267333984375 23.691999435424804688 24.08533477783203125 24.367647171020507813 -9999 -9999 -9999 -9999 -9999 -9999 -9999 -9999
24.099332809448242188 24.135334014892578125 24.2133331298828125 24.280666351318359375 24.276666641235351563 24.348667144775390625 24.315999984741210938 24.184000015258789063 24.127332687377929688 24.05933380126953125 24 24.007333755493164063 23.964000701904296875 23.885334014892578125 23.107334136962890625 23.097333908081054688 23.838666915893554688 23.911333084106445313 23.890666961669921875 23.694000244140625 23.521333694458007813 23.020000457763671875 22.887332916259765625 22.13800048828125 22.827333450317382813 22.98600006103515625 23.123332977294921875 23.165332794189453125 23.137332916259765625 23.027332305908203125 22.871999740600585938 22.770666122436523438 22.69733428955078125 23.058666229248046875 23.299999237060546875 23.378000259399414063 23.472665786743164063 23.476665496826171875 23.76399993896484375 24.058000564575195313 24.249334335327148438 24.22360992431640625 -9999 -9999 -9999 -9999 -9999 -9999 24.202220916748046875
24.307332992553710938 24.323999404907226563 24.361333847045898438 24.295999526977539063 24.23600006103515625 24.23400115966796875 24.22733306884765625 24.176000595092773438 24.135999679565429688 24.078001022338867188 24.037334442138671875 24.003999710083007813 23.94933319091796875 23.158666610717773438 23.062665939331054688 23.1660003662109375 23.956666946411132813 23.16266632080078125 23.842000961303710938 23.76200103759765625 23.514667510986328125 23.229999542236328125 22.489999771118164063 22.04199981689453125 22.906665802001953125 23.072666168212890625 23.203332901000976563 23.217332839965820313 23.111333847045898438 22.99666595458984375 22.80066680908203125 22.765333175659179688 22.73600006103515625 23.021999359130859375 23.270000457763671875 23.332666397094726563 23.392665863037109375 23.407999038696289063 23.667999267578125 23.923334121704101563 24.049333572387695313 24.099332809448242188 24.232456207275390625 24.284999847412109375 24.28333282470703125 24.30370330810546875 24.278787612915039063 24.154544830322265625 24.270666122436523438
