data/tempdryq.asc
ncols        384
nrows        480
xllcorner    138.000000000000
yllcorner    -29.000000000000
cellsize     0.041666666667
NODATA_value -9999
[rows 286 to 307 of 480, columns 147 to 195 of 384]
20.004667282104492188 19.815999984741210938 19.731332778930664063 19.738666534423828125 19.813999176025390625 19.564666748046875 19.2606658935546875 19.253999710083007813 19.202667236328125 19.166666030883789063 19.128000259399414063 19.032667160034179688 19.0106658935546875 18.969333648681640625 18.854665756225585938 18.757333755493164063 18.799999237060546875 18.829334259033203125 18.734666824340820313 18.623332977294921875 18.560667037963867188 18.450000762939453125 18.403333663940429688 18.361333847045898438 18.32666778564453125 18.273332595825195313 18.327333450317382813 18.193332672119140625 18.023334503173828125 17.917999267578125 18.007999420166015625 18.045999526977539063 18.082666397094726563 18.178667068481445313 18.045999526977539063 18.024000167846679688 18.11533355712890625 18.23600006103515625 18.3813323974609375 18.577333450317382813 18.813999176025390625 19.007999420166015625 19.101999282836914063 19.165332794189453125 19.215999603271484375 19.264667510986328125 19.2866668701171875 19.295999526977539063 19.34600067138671875
19.899333953857421875 19.86533355712890625 19.735332489013671875 19.641332626342773438 19.563333511352539063 19.487333297729492188 19.420000076293945313 19.2606658935546875 19.1833343505859375 19.138666152954101563 19.054666519165039063 19.00333404541015625 18.978666305541992188 18.979333877563476563 18.9160003662109375 18.832666397094726563 18.877332687377929688 18.909999847412109375 18.820667266845703125 18.726667404174804688 18.621334075927734375 18.455999374389648438 18.371999740600585938 18.415332794189453125 18.4246673583984375 18.4160003662109375 18.411333084106445313 18.2046661376953125 17.959333419799804688 17.83733367919921875 17.93000030517578125 17.955999374389648438 18.0666656494140625 18.215333938598632813 18.260000228881835938 18.13466644287109375 18.173334121704101563 18.287332534790039063 18.418666839599609375 18.532667160034179688 18.726667404174804688 18.914667129516601563 18.989999771118164063 19.012666702270507813 19.044000625610351563 19.159999847412109375 19.252000808715820313 19.2306671142578125 19.228666305541992188
19.773332595825195313 19.752000808715820313 19.687334060668945313 19.686000823974609375 19.639333724975585938 19.509334564208984375 19.34799957275390625 19.149333953857421875 19.068666458129882813 19.105333328247070313 19.05066680908203125 18.986665725708007813 18.955333709716796875 18.969333648681640625 18.956666946411132813 18.922000885009765625 18.9459991455078125 18.955333709716796875 18.891332626342773438 18.7779998779296875 18.652666091918945313 18.482000350952148438 18.3426666259765625 18.409999847412109375 18.45999908447265625 18.5019989013671875 18.411333084106445313 18.159999847412109375 17.908666610717773438 17.795999526977539063 17.770000457763671875 17.985332489013671875 18.0926666259765625 18.215333938598632813 18.329332351684570313 18.329332351684570313 18.310667037963867188 18.37400054931640625 18.502666473388671875 18.579999923706054688 18.73600006103515625 18.855333328247070313 18.8686676025390625 18.880001068115234375 18.960666656494140625 19.065999984741210938 19.12066650390625 19.126667022705078125 19.196666717529296875
19.7693328857421875 19.77266693115234375 19.693332672119140625 19.732000350952148438 19.701333999633789063 19.261999130249023438 19.082000732421875 19.025333404541015625 19.034666061401367188 19.09600067138671875 19.095333099365234375 19.044000625610351563 18.996000289916992188 19.007333755493164063 19.030666351318359375 18.974666595458984375 18.955333709716796875 18.947999954223632813 18.87599945068359375 18.764667510986328125 18.639333724975585938 18.486667633056640625 18.35666656494140625 18.391332626342773438 18.455999374389648438 18.546667098999023438 18.493999481201171875 18.233333587646484375 18.030000686645507813 17.848667144775390625 17.774000167846679688 17.875333786010742188 18.028667449951171875 18.220666885375976563 18.29000091552734375 18.36733245849609375 18.450666427612304688 18.541334152221679688 18.670000076293945313 18.701999664306640625 18.8339996337890625 18.905332565307617188 18.852666854858398438 18.84799957275390625 18.969999313354492188 19.006666183471679688 18.94933319091796875 19.05933380126953125 19.27466583251953125
19.719333648681640625 19.728000640869140625 19.682666778564453125 19.672666549682617188 19.534666061401367188 19.167999267578125 19.021999359130859375 18.9980010986328125 19.082000732421875 19.14333343505859375 19.142665863037109375 19.112667083740234375 19.073999404907226563 19.063999176025390625 19.091333389282226563 19.016666412353515625 18.952667236328125 18.906000137329101563 18.855998992919921875 18.712667465209960938 18.5453338623046875 18.447332382202148438 18.381999969482421875 18.399999618530273438 18.42133331298828125 18.4893341064453125 18.530666351318359375 18.386667251586914063 18.22533416748046875 18.068666458129882813 17.992666244506835938 18.049999237060546875 18.121999740600585938 18.224666595458984375 18.285333633422851563 18.394666671752929688 18.545999526977539063 18.649333953857421875 18.732000350952148438 18.681333541870117188 18.794666290283203125 18.873332977294921875 18.837999343872070313 18.826000213623046875 18.871332168579101563 18.843999862670898438 18.779333114624023438 18.930667877197265625 19.233333587646484375
19.493999481201171875 19.544000625610351563 19.5366668701171875 19.520666122436523438 19.488666534423828125 19.328001022338867188 19.149333953857421875 19.031999588012695313 19.056667327880859375 19.105998992919921875 19.138666152954101563 19.142665863037109375 19.1100006103515625 19.056667327880859375 19.111333847045898438 19.059999465942382813 18.951333999633789063 18.891332626342773438 18.841999053955078125 18.69066619873046875 18.506000518798828125 18.450666427612304688 18.397333145141601563 18.350000381469726563 18.389333724975585938 18.447999954223632813 18.571332931518554688 18.572000503540039063 18.408666610717773438 18.274000167846679688 18.171998977661132813 18.204000473022460938 18.291334152221679688 18.408000946044921875 18.44933319091796875 18.541332244873046875 18.592000961303710938 18.590000152587890625 18.46666717529296875 18.50333404541015625 18.649333953857421875 18.70999908447265625 18.708665847778320313 18.749334335327148438 18.78133392333984375 18.773334503173828125 18.792667388916015625 18.947999954223632813 19.226667404174804688
19.299333572387695313 19.318666458129882813 19.295999526977539063 19.331998825073242188 19.427999496459960938 19.489999771118164063 19.520666122436523438 19.328001022338867188 19.110666275024414063 19.074666976928710938 19.15399932861328125 19.149333953857421875 19.105333328247070313 19.060667037963867188 19.08933258056640625 19.076665878295898438 18.959333419799804688 18.827333450317382813 18.827333450317382813 18.788665771484375 18.621334075927734375 18.535999298095703125 18.426666259765625 18.302000045776367188 18.4160003662109375 18.510667800903320313 18.633998870849609375 18.594667434692382813 18.540666580200195313 18.483999252319335938 18.387332916259765625 18.452667236328125 18.548000335693359375 18.53333282470703125 18.488000869750976563 18.541332244873046875 18.54399871826171875 18.490667343139648438 18.345333099365234375 18.371334075927734375 18.511999130249023438 18.588666915893554688 18.60333251953125 18.694667816162109375 18.762666702270507813 18.835332870483398438 18.941333770751953125 19.063333511352539063 19.203332901000976563
19.170665740966796875 19.254667282104492188 19.253999710083007813 19.298000335693359375 19.434000015258789063 19.547332763671875 19.521999359130859375 19.403333663940429688 19.281999588012695313 19.096666336059570313 19.104000091552734375 19.108667373657226563 19.11533355712890625 19.086000442504882813 19.048000335693359375 19.034666061401367188 18.976667404174804688 18.86533355712890625 18.85466766357421875 18.859333038330078125 18.715999603271484375 18.642665863037109375 18.581333160400390625 18.532667160034179688 18.527332305908203125 18.599332809448242188 18.711334228515625 18.65399932861328125 18.60333251953125 18.607999801635742188 18.534000396728515625 18.649999618530273438 18.667999267578125 18.435333251953125 18.299999237060546875 18.314666748046875 18.417333602905273438 18.530666351318359375 18.492000579833984375 18.400667190551757813 18.38800048828125 18.493999481201171875 18.555334091186523438 18.624666213989257813 18.682666778564453125 18.785333633422851563 18.926666259765625 19.015333175659179688 19.07666778564453125
19.143999099731445313 19.228000640869140625 19.245332717895507813 19.343999862670898438 19.455999374389648438 19.502666473388671875 19.532667160034179688 19.54199981689453125 19.501333236694335938 19.12933349609375 19.044000625610351563 19.068666458129882813 19.13466644287109375 19.081998825073242188 19.04199981689453125 18.981332778930664063 18.968000411987304688 18.927333831787109375 18.913333892822265625 18.892665863037109375 18.771999359130859375 18.719999313354492188 18.766000747680664063 18.751333236694335938 18.686000823974609375 18.65200042724609375 18.728000640869140625 18.74666595458984375 18.656665802001953125 18.6660003662109375 18.670665740966796875 18.676000595092773438 18.481332778930664063 18.21666717529296875 18.149333953857421875 18.06999969482421875 18.211999893188476563 18.375333786010742188 18.426666259765625 18.454000473022460938 18.381999969482421875 18.313999176025390625 18.435333251953125 18.5193328857421875 18.586666107177734375 18.667999267578125 18.798666000366210938 18.922666549682617188 19.01200103759765625
19.12933349609375 19.21866607666015625 19.256666183471679688 19.31800079345703125 19.4333343505859375 19.57866668701171875 19.60666656494140625 19.558666229248046875 19.4739990234375 19.185333251953125 19.080667495727539063 19.08733367919921875 19.11199951171875 19.10866546630859375 19.006000518798828125 18.932666778564453125 18.944665908813476563 18.960666656494140625 18.936000823974609375 18.88666534423828125 18.798000335693359375 18.799999237060546875 18.815332412719726563 18.743333816528320313 18.69066619873046875 18.670000076293945313 18.757999420166015625 18.766000747680664063 18.664667129516601563 18.56999969482421875 18.535333633422851563 18.478666305541992188 18.3339996337890625 18.149999618530273438 18.0260009765625 17.940000534057617188 18.09799957275390625 18.278667449951171875 18.326000213623046875 18.38800048828125 18.423999786376953125 18.323333740234375 18.19933319091796875 18.29199981689453125 18.469999313354492188 18.596666336059570313 18.672666549682617188 18.795999526977539063 18.923334121704101563
19.161333084106445313 19.245332717895507813 19.322666168212890625 19.378665924072265625 19.446666717529296875 19.549333572387695313 19.618000030517578125 19.4806671142578125 19.360666275024414063 19.184665679931640625 19.144666671752929688 19.091333389282226563 19.0713348388671875 19.079332351684570313 19.065999984741210938 18.986667633056640625 18.992666244506835938 18.947999954223632813 18.87066650390625 18.815999984741210938 18.796667098999023438 18.816667556762695313 18.8253326416015625 18.754667282104492188 18.677331924438476563 18.603334426879882813 18.680665969848632813 18.76399993896484375 18.6959991455078125 18.566667556762695313 18.50533294677734375 18.366001129150390625 18.251333236694335938 18.172666549682617188 18.14333343505859375 17.979333877563476563 18.018667221069335938 18.192667007446289063 18.3339996337890625 18.376667022705078125 18.460666656494140625 18.409334182739257813 18.225999832153320313 18.15200042724609375 18.348667144775390625 18.50533294677734375 18.605333328247070313 18.682666778564453125 18.802000045776367188
19.12933349609375 19.173999786376953125 19.27466583251953125 19.397998809814453125 19.511333465576171875 19.579999923706054688 19.604000091552734375 19.4893341064453125 19.423999786376953125 19.237333297729492188 19.172666549682617188 19.13800048828125 19.102001190185546875 19.104000091552734375 19.1100006103515625 19.058000564575195313 19.0106658935546875 18.944665908813476563 18.936666488647460938 18.933332443237304688 18.841999053955078125 18.794000625610351563 18.823999404907226563 18.757333755493164063 18.718000411987304688 18.650667190551757813 18.644001007080078125 18.802000045776367188 18.756666183471679688 18.644001007080078125 18.508001327514648438 18.407999038696289063 18.257333755493164063 18.113332748413085938 18.084667205810546875 17.998666763305664063 17.9633331298828125 18.063999176025390625 18.249334335327148438 18.380001068115234375 18.455333709716796875 18.406665802001953125 18.317333221435546875 18.209333419799804688 18.194000244140625 18.285999298095703125 18.493999481201171875 18.6573333740234375 18.719999313354492188
19.159999847412109375 19.224666595458984375 19.21866607666015625 19.313999176025390625 19.428667068481445313 19.43000030517578125 19.44933319091796875 19.468000411987304688 19.320667266845703125 19.2586669921875 19.19066619873046875 19.177999496459960938 19.13466644287109375 19.118000030517578125 19.107332229614257813 19.085332870483398438 19.028667449951171875 18.934665679931640625 18.935333251953125 18.95800018310546875 18.906000137329101563 18.81999969482421875 18.888666152954101563 18.883333206176757813 18.844667434692382813 18.720666885375976563 18.664667129516601563 18.797332763671875 18.836666107177734375 18.762666702270507813 18.598667144775390625 18.474666595458984375 18.29000091552734375 18.178667068481445313 18.035333633422851563 17.864665985107421875 17.909999847412109375 18.03333282470703125 18.184665679931640625 18.308666229248046875 18.364000320434570313 18.39333343505859375 18.429332733154296875 18.384000778198242188 18.292667388916015625 18.177333831787109375 18.289999008178710938 18.53333282470703125 18.385334014892578125
19.256666183471679688 19.267333984375 19.19066619873046875 19.185333251953125 19.329332351684570313 19.378000259399414063 19.457332611083984375 19.452667236328125 19.327333450317382813 19.231998443603515625 19.208667755126953125 19.176000595092773438 19.130666732788085938 19.09600067138671875 19.100666046142578125 19.093999862670898438 19.072000503540039063 19.00533294677734375 18.962665557861328125 18.923999786376953125 18.903333663940429688 18.865999221801757813 18.972667694091796875 18.996000289916992188 18.906665802001953125 18.848667144775390625 18.750667572021484375 18.747999191284179688 18.8600006103515625 18.854000091552734375 18.717332839965820313 18.544666290283203125 18.355333328247070313 18.218000411987304688 18.049999237060546875 17.93199920654296875 18.00333404541015625 18.08733367919921875 18.228000640869140625 18.294000625610351563 18.3813323974609375 18.5106658935546875 18.586666107177734375 18.510000228881835938 18.40200042724609375 18.2693328857421875 18.154666900634765625 18.186666488647460938 18.116666793823242188
19.254667282104492188 19.200666427612304688 19.144666671752929688 19.205333709716796875 19.358667373657226563 19.420000076293945313 19.451999664306640625 19.431333541870117188 19.32866668701171875 19.228000640869140625 19.189332962036132813 19.136667251586914063 19.121334075927734375 19.10666656494140625 19.096666336059570313 19.102666854858398438 19.096666336059570313 19.0279998779296875 18.937334060668945313 18.91066741943359375 18.863332748413085938 18.88800048828125 18.98799896240234375 19.004667282104492188 18.950666427612304688 18.883333206176757813 18.812000274658203125 18.637332916259765625 18.715333938598632813 18.880666732788085938 18.841999053955078125 18.670665740966796875 18.4739990234375 18.278667449951171875 18.106000900268554688 18.097333908081054688 18.175333023071289063 18.242666244506835938 18.289333343505859375 18.350666046142578125 18.484666824340820313 18.691333770751953125 18.656000137329101563 18.551332473754882813 18.42333221435546875 18.219333648681640625 17.922000885009765625 17.719333648681640625 17.770000457763671875
19.15200042724609375 19.08733367919921875 19.082666397094726563 19.119998931884765625 19.2480010986328125 19.40200042724609375 19.481332778930664063 19.492666244506835938 19.37933349609375 19.209333419799804688 19.15399932861328125 19.090667724609375 19.100000381469726563 19.079334259033203125 19.073333740234375 19.085332870483398438 19.073999404907226563 19.0453338623046875 18.993333816528320313 18.9333343505859375 18.923334121704101563 18.978000640869140625 19.042667388916015625 19.03133392333984375 18.983999252319335938 18.895334243774414063 18.803333282470703125 18.627332687377929688 18.677999496459960938 18.837999343872070313 18.87599945068359375 18.788000106811523438 18.548666000366210938 18.307332992553710938 18.243333816528320313 18.343334197998046875 18.363332748413085938 18.378000259399414063 18.376667022705078125 18.403333663940429688 18.579999923706054688 18.775333404541015625 18.651332855224609375 18.535333633422851563 18.39333343505859375 18.185333251953125 17.838666915893554688 17.511333465576171875 17.62933349609375
19.1486663818359375 19.072000503540039063 19.055334091186523438 19.062665939331054688 19.14333343505859375 19.308666229248046875 19.455999374389648438 19.482666015625 19.35666656494140625 19.192667007446289063 19.129999160766601563 19.062000274658203125 19.078001022338867188 19.072666168212890625 19.095333099365234375 19.118000030517578125 19.090667724609375 19.04000091552734375 19.00533294677734375 18.9913330078125 18.9893341064453125 19.021333694458007813 19.052000045776367188 19.046667098999023438 19.040666580200195313 18.975999832153320313 18.91266632080078125 18.823333740234375 18.812665939331054688 18.79199981689453125 18.808666229248046875 18.79199981689453125 18.588666915893554688 18.4073333740234375 18.44933319091796875 18.552667617797851563 18.577999114990234375 18.493333816528320313 18.5366668701171875 18.540666580200195313 18.612667083740234375 18.69733428955078125 18.639333724975585938 18.499332427978515625 18.349332809448242188 18.178667068481445313 17.785333633422851563 17.341333389282226563 17.441999435424804688
19.194667816162109375 19.149333953857421875 19.097333908081054688 19.121999740600585938 19.183332443237304688 19.27266693115234375 19.413999557495117188 19.451999664306640625 19.292667388916015625 19.153333663940429688 19.10466766357421875 19.054666519165039063 19.070667266845703125 19.090000152587890625 19.139333724975585938 19.165332794189453125 19.13466644287109375 19.042667388916015625 18.986667633056640625 19.01399993896484375 19.023334503173828125 19.018667221069335938 19.0279998779296875 19.062000274658203125 19.058666229248046875 19.03133392333984375 19.04199981689453125 19.006666183471679688 18.929332733154296875 18.771333694458007813 18.775333404541015625 18.774000167846679688 18.605998992919921875 18.502666473388671875 18.564666748046875 18.47733306884765625 18.517999649047851563 18.41066741943359375 18.429332733154296875 18.473333358764648438 18.54000091552734375 18.527334213256835938 18.521999359130859375 18.420000076293945313 18.312665939331054688 18.184667587280273438 17.827333450317382813 17.504667282104492188 17.549999237060546875
19.125333786010742188 19.164667129516601563 19.163333892822265625 19.170665740966796875 19.198665618896484375 19.281999588012695313 19.392665863037109375 19.403333663940429688 19.284666061401367188 19.138666152954101563 19.104000091552734375 19.050001144409179688 19.049999237060546875 19.086000442504882813 19.136667251586914063 19.163999557495117188 19.134000778198242188 19.065334320068359375 19.017333984375 19.004667282104492188 19.016666412353515625 19.023332595825195313 19.043333053588867188 19.068666458129882813 19.053333282470703125 18.985332489013671875 19.034000396728515625 19.02466583251953125 18.936000823974609375 18.831333160400390625 18.848667144775390625 18.805999755859375 18.66066741943359375 18.604665756225585938 18.52466583251953125 18.392665863037109375 18.28333282470703125 18.13800048828125 18.078001022338867188 18.149333953857421875 18.336666107177734375 18.392665863037109375 18.354000091552734375 18.330667495727539063 18.323999404907226563 18.2239990234375 17.8513336181640625 17.576000213623046875 17.609333038330078125
19.062665939331054688 19.088666915893554688 19.167333602905273438 19.158666610717773438 19.155332565307617188 19.228666305541992188 19.306667327880859375 19.292667388916015625 19.197999954223632813 19.12599945068359375 19.107334136962890625 19.061334609985351563 19.062000274658203125 19.0926666259765625 19.12933349609375 19.14333343505859375 19.121999740600585938 19.097333908081054688 19.042667388916015625 19.0086669921875 19.007333755493164063 19.042667388916015625 19.060667037963867188 19.067333221435546875 19.047332763671875 18.96666717529296875 19.015333175659179688 19.02466583251953125 18.941999435424804688 18.912000656127929688 18.889333724975585938 18.828001022338867188 18.666666030883789063 18.493333816528320313 18.3339996337890625 18.200666427612304688 18.22533416748046875 17.968000411987304688 17.812000274658203125 17.893999099731445313 18.153333663940429688 18.284666061401367188 18.284666061401367188 18.280666351318359375 18.30066680908203125 18.231332778930664063 17.823999404907226563 17.420667648315429688 17.639333724975585938
19.00533294677734375 19.054666519165039063 19.1226654052734375 19.132665634155273438 19.1186676025390625 19.181333541870117188 19.228666305541992188 19.191999435424804688 19.087999343872070313 19.085332870483398438 19.079999923706054688 19.05066680908203125 19.076665878295898438 19.071332931518554688 19.080667495727539063 19.08933258056640625 19.093999862670898438 19.093334197998046875 19.04199981689453125 19.020000457763671875 19.02466583251953125 19.0540008544921875 19.057332992553710938 19.065999984741210938 19.024667739868164063 18.979333877563476563 19.011333465576171875 19.003999710083007813 18.9913330078125 18.936666488647460938 18.87599945068359375 18.815334320068359375 18.648000717163085938 18.483333587646484375 18.37599945068359375 18.29000091552734375 18.23600006103515625 18.076665878295898438 17.875333786010742188 17.836000442504882813 17.961999893188476563 18.138666152954101563 18.139333724975585938 18.1660003662109375 18.212665557861328125 18.173999786376953125 17.88800048828125 17.46666717529296875 17.678667068481445313
18.96866607666015625 19.02266693115234375 19.086000442504882813 19.10333251953125 19.074666976928710938 19.069332122802734375 19.145334243774414063 19.1746673583984375 19.16066741943359375 19.084667205810546875 19.041334152221679688 19.024000167846679688 19.035333633422851563 19.016666412353515625 19.011333465576171875 18.998666763305664063 19.04000091552734375 19.045999526977539063 19.021999359130859375 19.0106658935546875 19.021333694458007813 19.025333404541015625 19.015333175659179688 19.017333984375 19.03133392333984375 19.01200103759765625 19.010667800903320313 19 18.93000030517578125 18.93000030517578125 18.93866729736328125 18.866666793823242188 18.692667007446289063 18.496000289916992188 18.331333160400390625 18.2220001220703125 18.24466705322265625 18.062000274658203125 17.88266754150390625 17.752000808715820313 17.850666046142578125 18.00533294677734375 18.035999298095703125 18.072666168212890625 18.176666259765625 18.194665908813476563 18.009332656860351563 17.645999908447265625 17.585332870483398438
