data/tempcoldq.asc
ncols        384
nrows        480
xllcorner    138.000000000000
yllcorner    -29.000000000000
cellsize     0.041666666667
NODATA_value -9999
[rows 374 to 395 of 480, columns 294 to 342 of 384]
14.69933319091796875 14.53133392333984375 13.88800048828125 13.988666534423828125 14.475999832153320313 14.292666435241699219 14.413333892822265625 14.546000480651855469 14.268666267395019531 14.293334007263183594 14.072666168212890625 14.192667007446289063 14.395999908447265625 14.178667068481445313 13.616666793823242188 13.463999748229980469 13.503999710083007813 13.863332748413085938 13.633333206176757813 13.53333282470703125 13.737333297729492188 13.354666709899902344 13.065999984741210938 13.743333816528320313 14.0839996337890625 14.607333183288574219 14.502666473388671875 14.546667098999023438 14.49466705322265625 14.489999771118164063 13.654000282287597656 14.670000076293945313 15.539999961853027344 15.87599945068359375 15.897999763488769531 15.815333366394042969 16.052667617797851563 16.296667098999023438 16.482000350952148438 16.631999969482421875 16.670000076293945313 16.5279998779296875 16.40399932861328125 16.573333740234375 16.865909576416015625 16.861110687255859375 -9999 -9999 -9999
14.653333663940429688 14.528666496276855469 13.922666549682617188 13.557999610900878906 14.235333442687988281 14.322000503540039063 14.213999748229980469 14.409999847412109375 14.010666847229003906 13.863333702087402344 13.887332916259765625 13.821333885192871094 13.863332748413085938 13.794000625610351563 13.052666664123535156 12.6660003662109375 13.5279998779296875 13.859333038330078125 13.532667160034179688 13.819333076477050781 13.776000022888183594 13.891333580017089844 13.314000129699707031 13.639333724975585938 14.00333404541015625 13.891333580017089844 13.710666656494140625 14.220000267028808594 14.439332962036132813 14.341333389282226563 13.942667007446289063 14.793333053588867188 15.431333541870117188 15.757332801818847656 15.794667243957519531 15.196666717529296875 15.939999580383300781 16.121999740600585938 16.307332992553710938 16.457332611083984375 16.581998825073242188 16.423999786376953125 16.402666091918945313 16.513332366943359375 16.658000946044921875 16.703622817993164063 16.9116668701171875 17 -9999
14.737999916076660156 14.586000442504882813 14.067333221435546875 13.550000190734863281 13.889333724975585938 14.27266693115234375 14.043333053588867188 13.979333877563476563 13.701999664306640625 13.5366668701171875 13.672666549682617188 13.688666343688964844 13.613333702087402344 13.594666481018066406 13.253999710083007813 12.866666793823242188 13.124667167663574219 13.488666534423828125 13.702666282653808594 13.732666969299316406 13.684000015258789063 13.997333526611328125 13.725333213806152344 13.703332901000976563 13.585332870483398438 13.7220001220703125 13.675333023071289063 14.194000244140625 14.65200042724609375 14.473999977111816406 14.079999923706054688 14.981333732604980469 15.1660003662109375 15.612667083740234375 15.74466705322265625 15.603333473205566406 15.705999374389648438 16.001333236694335938 16.137332916259765625 16.185333251953125 16.191999435424804688 16.209333419799804688 16.394666671752929688 16.462667465209960938 16.590667724609375 16.579334259033203125 16.827333450317382813 16.924560546875 16.991666793823242188
14.68000030517578125 14.596667289733886719 14.302000045776367188 13.733333587646484375 13.822667121887207031 14.142000198364257813 13.956000328063964844 13.754666328430175781 13.551333427429199219 13.517999649047851563 13.635333061218261719 13.604666709899902344 13.469999313354492188 13.588000297546386719 13.489333152770996094 13.380000114440917969 13.0926666259765625 13.509332656860351563 13.949999809265136719 13.753333091735839844 13.635999679565429688 14.007999420166015625 13.852000236511230469 13.909333229064941406 13.852000236511230469 13.605999946594238281 13.562000274658203125 14.079999923706054688 14.5926666259765625 14.7586669921875 14.886666297912597656 15.114000320434570313 15.073332786560058594 15.406666755676269531 15.520667076110839844 15.75 15.721332550048828125 15.864665985107421875 16.006666183471679688 15.871999740600585938 15.908666610717773438 15.984000205993652344 16.308000564575195313 16.35466766357421875 16.531999588012695313 16.614000320434570313 16.69733428955078125 16.738000869750976563 16.85724639892578125
14.68000030517578125 14.475333213806152344 14.371333122253417969 13.674666404724121094 13.811333656311035156 14.05066680908203125 14.030667304992675781 13.822666168212890625 13.636666297912597656 13.636000633239746094 13.729332923889160156 13.70800018310546875 13.664667129516601563 13.665333747863769531 13.810667037963867188 13.635999679565429688 13.0926666259765625 13.324666976928710938 13.881999969482421875 14.026666641235351563 13.989999771118164063 14.0926666259765625 13.960666656494140625 14.007333755493164063 13.998666763305664063 13.774666786193847656 13.564666748046875 13.504666328430175781 14.204000473022460938 14.727999687194824219 14.967999458312988281 15.279999732971191406 15.362667083740234375 15.435333251953125 15.455333709716796875 15.785333633422851563 15.868000030517578125 15.829999923706054688 15.773333549499511719 15.82866668701171875 15.899999618530273438 16.031999588012695313 16.177999496459960938 16.305334091186523438 16.399999618530273438 16.532001495361328125 16.640666961669921875 16.6186676025390625 16.687999725341796875
14.609999656677246094 14.51399993896484375 14.636667251586914063 14.160666465759277344 14.022000312805175781 13.925999641418457031 13.899333000183105469 13.811333656311035156 13.621333122253417969 13.706666946411132813 13.798000335693359375 13.871999740600585938 13.761333465576171875 13.681333541870117188 13.831333160400390625 13.418666839599609375 12.892666816711425781 12.990666389465332031 13.752666473388671875 14.065333366394042969 14.127333641052246094 14.154666900634765625 13.883333206176757813 14.116000175476074219 14.116666793823242188 14.015333175659179688 13.573333740234375 13.376667022705078125 13.930666923522949219 14.482666969299316406 14.489333152770996094 15.071332931518554688 15.373999595642089844 15.57866668701171875 15.689332962036132813 15.825333595275878906 16.0839996337890625 16.119333267211914063 15.68866729736328125 15.890000343322753906 15.969333648681640625 15.959333419799804688 16.10333251953125 16.267999649047851563 16.321332931518554688 16.4893341064453125 16.538000106811523438 16.4913330078125 16.566667556762695313
14.7693328857421875 14.673999786376953125 14.579333305358886719 14.275333404541015625 14.038666725158691406 13.886666297912597656 13.793333053588867188 13.724666595458984375 13.520000457763671875 13.640000343322753906 13.77266693115234375 13.717332839965820313 13.670000076293945313 13.748000144958496094 13.770000457763671875 13.376667022705078125 12.887332916259765625 12.9633331298828125 13.626000404357910156 13.946000099182128906 14.150667190551757813 14.100000381469726563 13.8513336181640625 14.058667182922363281 14.175333023071289063 13.817333221435546875 13.526666641235351563 13.541333198547363281 13.73600006103515625 13.842000007629394531 13.7046661376953125 14.266000747680664063 14.956000328063964844 15.481333732604980469 15.656000137329101563 15.759999275207519531 16.118665695190429688 16.173334121704101563 15.87599945068359375 15.985333442687988281 15.992667198181152344 16.035333633422851563 16.114665985107421875 16.251333236694335938 16.327333450317382813 16.386667251586914063 16.427999496459960938 16.434000015258789063 16.56800079345703125
14.645333290100097656 14.420000076293945313 14.169333457946777344 13.945333480834960938 13.832666397094726563 13.716666221618652344 13.603333473205566406 13.420666694641113281 13.369333267211914063 13.487333297729492188 13.688666343688964844 13.616666793823242188 13.605999946594238281 13.751999855041503906 13.55066680908203125 13.28133392333984375 13.00533294677734375 12.91266632080078125 13.482666969299316406 13.802666664123535156 14.147333145141601563 14.174666404724121094 14.0453338623046875 14.20800018310546875 14.05066680908203125 13.600666999816894531 13.418666839599609375 13.642666816711425781 13.830666542053222656 13.656000137329101563 13.584666252136230469 13.644666671752929688 14.30933380126953125 15.082666397094726563 15.553999900817871094 15.670666694641113281 15.813333511352539063 15.894000053405761719 15.85666656494140625 16.013332366943359375 16.070667266845703125 16.14333343505859375 16.198665618896484375 16.228666305541992188 16.236667633056640625 16.238000869750976563 16.292667388916015625 16.432666778564453125 16.618000030517578125
14.417333602905273438 14.245332717895507813 14.093999862670898438 13.869999885559082031 13.596666336059570313 13.45800018310546875 13.400667190551757813 13.303333282470703125 13.483333587646484375 13.530666351318359375 13.616666793823242188 13.69066619873046875 13.656666755676269531 13.798000335693359375 13.741333961486816406 13.534667015075683594 13.257333755493164063 12.992666244506835938 13.340000152587890625 13.788000106811523438 14.145999908447265625 14.194666862487792969 14.174666404724121094 14.258000373840332031 13.830666542053222656 13.647333145141601563 13.75533294677734375 13.947332382202148438 13.700666427612304688 13.36533355712890625 13.284000396728515625 13.453332901000976563 14.430666923522949219 14.852000236511230469 15.228666305541992188 15.563333511352539063 15.465332984924316406 15.593333244323730469 15.70999908447265625 15.841333389282226563 15.960666656494140625 16.091333389282226563 16.196666717529296875 16.1100006103515625 16.168001174926757813 16.177333831787109375 16.3166656494140625 16.479999542236328125 16.520666122436523438
14.020667076110839844 13.860666275024414063 13.916666030883789063 13.783333778381347656 13.423333168029785156 13.387999534606933594 13.277333259582519531 13.2413330078125 13.427333831787109375 13.516666412353515625 13.616666793823242188 13.730000495910644531 13.766666412353515625 13.849333763122558594 13.843999862670898438 13.840000152587890625 13.504667282104492188 13.164667129516601563 13.35666656494140625 13.876000404357910156 14.159999847412109375 14.267333030700683594 14.197333335876464844 14.304666519165039063 14.073999404907226563 13.831999778747558594 14.159333229064941406 13.927332878112792969 13.533333778381347656 13.221333503723144531 13.328000068664550781 13.992667198181152344 14.600000381469726563 14.866000175476074219 15.136666297912597656 15.452667236328125 15.543333053588867188 15.59799957275390625 15.711333274841308594 15.826000213623046875 15.94733428955078125 15.996666908264160156 16.088666915893554688 16.102666854858398438 16.209333419799804688 16.279333114624023438 16.344667434692382813 16.28133392333984375 16.285333633422851563
14.039333343505859375 13.951333045959472656 13.85666656494140625 13.773333549499511719 13.513333320617675781 13.372667312622070313 13.241999626159667969 13.239333152770996094 13.418666839599609375 13.552666664123535156 13.668666839599609375 13.668000221252441406 13.784000396728515625 13.871999740600585938 13.876667022705078125 13.9633331298828125 13.640000343322753906 13.474666595458984375 13.515999794006347656 13.970000267028808594 14.179332733154296875 14.2586669921875 14.140000343322753906 14.259333610534667969 14.228000640869140625 14.029333114624023438 14.252667427062988281 14.0086669921875 13.610667228698730469 13.327333450317382813 13.312666893005371094 13.7586669921875 14.48600006103515625 14.711333274841308594 14.918000221252441406 15.499333381652832031 15.489999771118164063 15.461999893188476563 15.550000190734863281 15.720666885375976563 15.81133270263671875 15.88800048828125 15.999333381652832031 16.048666000366210938 16.16066741943359375 16.198667526245117188 16.161333084106445313 16.10666656494140625 16.088001251220703125
14.346666336059570313 14.147333145141601563 13.812000274658203125 13.573333740234375 13.518666267395019531 13.479333877563476563 13.236666679382324219 13.107999801635742188 13.357999801635742188 13.418666839599609375 13.459333419799804688 13.475999832153320313 13.700666427612304688 13.812666893005371094 13.949999809265136719 14.079333305358886719 13.997333526611328125 13.941333770751953125 13.765999794006347656 13.987999916076660156 14.296667098999023438 14.317999839782714844 14.350666999816894531 14.417333602905273438 14.145333290100097656 14.179332733154296875 14.227999687194824219 14.102666854858398438 13.804666519165039063 13.464000701904296875 13.331999778747558594 13.482666969299316406 14.145999908447265625 14.777333259582519531 14.614000320434570313 15.077332496643066406 15.057999610900878906 14.951999664306640625 15.260000228881835938 15.668000221252441406 15.890666961669921875 15.975999832153320313 16.092000961303710938 16 15.991333961486816406 15.999333381652832031 15.859333992004394531 15.88466644287109375 15.993999481201171875
14.483333587646484375 14.211333274841308594 13.966666221618652344 13.795999526977539063 13.723333358764648438 13.507333755493164063 13.315999984741210938 13.079333305358886719 13.251333236694335938 13.5193328857421875 13.534000396728515625 13.543333053588867188 13.725333213806152344 13.937333106994628906 14.075333595275878906 14.0839996337890625 14.19933319091796875 14.194665908813476563 14.071999549865722656 14.009333610534667969 14.307332992553710938 14.27266693115234375 14.372666358947753906 14.456000328063964844 14.189999580383300781 14.296666145324707031 14.274000167846679688 14.010666847229003906 13.656666755676269531 13.561333656311035156 13.604666709899902344 13.748000144958496094 14.461333274841308594 14.612667083740234375 14.214666366577148438 14.091333389282226563 14.401333808898925781 14.968667030334472656 15.268666267395019531 15.559332847595214844 15.738666534423828125 15.932666778564453125 15.950666427612304688 15.802666664123535156 15.700666427612304688 15.644666671752929688 15.690667152404785156 15.824000358581542969 15.926000595092773438
14.704667091369628906 14.33733367919921875 14.076666831970214844 13.770000457763671875 13.626667022705078125 13.375333786010742188 13.19933319091796875 13.008000373840332031 13.215332984924316406 13.434000015258789063 13.487333297729492188 13.642000198364257813 13.689332962036132813 13.896666526794433594 13.998666763305664063 14.008000373840332031 14.131999969482421875 14.387999534606933594 14.223333358764648438 14.16266632080078125 14.247333526611328125 14.443333625793457031 14.431333541870117188 14.415333747863769531 14.314000129699707031 14.156666755676269531 14.088665962219238281 13.911999702453613281 13.766666412353515625 13.68000030517578125 13.984000205993652344 14.017333030700683594 14.366666793823242188 14.797333717346191406 14.0926666259765625 14.079999923706054688 14.369333267211914063 14.713999748229980469 15.01399993896484375 15.507333755493164063 15.614666938781738281 15.855333328247070313 15.758000373840332031 15.694665908813476563 15.553999900817871094 15.56133270263671875 15.657999992370605469 15.802666664123535156 15.92133331298828125
14.372666358947753906 13.937999725341796875 13.759333610534667969 13.46666717529296875 13.425333023071289063 13.171999931335449219 13.100000381469726563 12.973999977111816406 13.072666168212890625 13.145999908447265625 13.327333450317382813 13.426000595092773438 13.423333168029785156 13.524000167846679688 13.624667167663574219 13.660666465759277344 13.925999641418457031 14.428000450134277344 14.386666297912597656 14.253999710083007813 14.215999603271484375 14.308666229248046875 14.44066619873046875 14.412000656127929688 14.2133331298828125 14.164667129516601563 14.144000053405761719 14.116000175476074219 13.840666770935058594 13.6100006103515625 14.085332870483398438 14.394666671752929688 14.260666847229003906 14.792000770568847656 14.357333183288574219 14.823332786560058594 14.665333747863769531 14.240667343139648438 15.172666549682617188 15.522000312805175781 15.63800048828125 15.836000442504882813 15.715999603271484375 15.593333244323730469 15.52266693115234375 15.4913330078125 15.586000442504882813 15.684000015258789063 15.93000030517578125
13.617333412170410156 13.529999732971191406 13.406665802001953125 13.299333572387695313 13.313333511352539063 13.026666641235351563 13.04199981689453125 13.05066680908203125 12.986666679382324219 12.983333587646484375 13.209333419799804688 13.277333259582519531 13.461333274841308594 13.526666641235351563 13.654666900634765625 13.803999900817871094 13.864000320434570313 14.145999908447265625 14.363333702087402344 14.395333290100097656 14.236666679382324219 14.394000053405761719 14.442000389099121094 14.368000030517578125 14.345333099365234375 14.215999603271484375 14.055999755859375 13.918666839599609375 13.866000175476074219 14.006000518798828125 14.417333602905273438 14.503333091735839844 14.288000106811523438 14.90399932861328125 14.612666130065917969 14.591333389282226563 15.010666847229003906 15.160666465759277344 15.328000068664550781 15.38800048828125 15.451999664306640625 15.70800018310546875 15.784667015075683594 15.609999656677246094 15.481333732604980469 15.449999809265136719 15.549333572387695313 15.685333251953125 15.812666893005371094
13.729999542236328125 13.626000404357910156 13.644000053405761719 13.383333206176757813 13.100666999816894531 12.8986663818359375 13.004666328430175781 13.112667083740234375 13.011333465576171875 13.015999794006347656 13.093333244323730469 13.096667289733886719 13.35666656494140625 13.51399993896484375 13.745332717895507813 13.892666816711425781 13.899333000183105469 14.100000381469726563 14.337332725524902344 14.408666610717773438 14.4073333740234375 14.418000221252441406 14.298666000366210938 14.059999465942382813 14.147999763488769531 14.133333206176757813 13.968000411987304688 13.9633331298828125 13.984000205993652344 14.367333412170410156 14.628000259399414063 14.61533355712890625 14.322666168212890625 14.855333328247070313 14.759333610534667969 14.496000289916992188 15.182666778564453125 15.248666763305664063 15.355999946594238281 15.154666900634765625 15.318666458129882813 15.706666946411132813 15.78333282470703125 15.647333145141601563 15.470000267028808594 15.455332756042480469 15.521333694458007813 15.635333061218261719 15.757333755493164063
13.673999786376953125 13.698666572570800781 13.526000022888183594 13.224666595458984375 12.949999809265136719 12.862666130065917969 12.982666969299316406 13.189332962036132813 13.092000007629394531 13.052666664123535156 13.010666847229003906 13.17133331298828125 13.407999992370605469 13.588000297546386719 13.7413330078125 13.921999931335449219 14.032666206359863281 14.173333168029785156 14.301333427429199219 14.489333152770996094 14.308666229248046875 14.301333427429199219 14.211999893188476563 13.926666259765625 13.864666938781738281 13.849332809448242188 13.840666770935058594 13.992667198181152344 14.048666954040527344 14.501999855041503906 14.718000411987304688 14.700666427612304688 14.661333084106445313 14.932000160217285156 14.751333236694335938 15.173333168029785156 15.437999725341796875 15.51399993896484375 15.433333396911621094 15.176666259765625 15.543999671936035156 15.69933319091796875 15.735333442687988281 15.5086669921875 15.372000694274902344 15.396666526794433594 15.560666084289550781 15.699999809265136719 15.70800018310546875
13.645999908447265625 13.789333343505859375 13.362667083740234375 13.171999931335449219 12.876666069030761719 12.861333847045898438 12.953999519348144531 13.074000358581542969 13.051333427429199219 13.020666122436523438 13.032666206359863281 13.162000656127929688 13.244000434875488281 13.623332977294921875 13.622666358947753906 13.611333847045898438 13.761333465576171875 14.065999984741210938 14.276000022888183594 14.434000015258789063 14.329333305358886719 14.209333419799804688 14.322667121887207031 14.092000007629394531 13.812666893005371094 13.964666366577148438 13.942666053771972656 14.25333404541015625 14.256666183471679688 14.497333526611328125 14.750666618347167969 14.92133331298828125 15.065333366394042969 15.251999855041503906 15.025333404541015625 15.299333572387695313 15.5839996337890625 15.666666030883789063 15.662667274475097656 15.563333511352539063 15.559332847595214844 15.657999992370605469 15.700666427612304688 15.660666465759277344 15.438666343688964844 15.345333099365234375 15.406000137329101563 15.584666252136230469 15.600666999816894531
13.676666259765625 13.555999755859375 13.265333175659179688 13.104666709899902344 12.922666549682617188 12.88466644287109375 12.964667320251464844 13.070667266845703125 13.049332618713378906 13.037333488464355469 13.131333351135253906 13.205333709716796875 13.423333168029785156 13.674666404724121094 13.802666664123535156 13.625333786010742188 13.721333503723144531 13.902666091918945313 14.281332969665527344 14.444666862487792969 14.406000137329101563 14.350666046142578125 14.227999687194824219 14.105999946594238281 14.004666328430175781 14.036000251770019531 14.091333389282226563 14.429333686828613281 14.407999992370605469 14.556666374206542969 14.846667289733886719 15.011333465576171875 15.096666336059570313 15.147999763488769531 15.473333358764648438 15.430665969848632813 15.565333366394042969 15.298666954040527344 15.359333038330078125 15.383999824523925781 15.4720001220703125 15.656000137329101563 15.672666549682617188 15.645999908447265625 15.203332901000976563 15.264666557312011719 15.262666702270507813 15.43000030517578125 15.489333152770996094
13.420666694641113281 13.451999664306640625 13.338000297546386719 13.131999969482421875 13.024000167846679688 13.009333610534667969 13.060000419616699219 13.123332977294921875 13.12066650390625 13.123999595642089844 13.172666549682617188 13.334666252136230469 13.373332977294921875 13.596666336059570313 13.780666351318359375 13.906666755676269531 13.9720001220703125 14.126000404357910156 14.4913330078125 14.538000106811523438 14.502666473388671875 14.500666618347167969 14.390666961669921875 14.174666404724121094 14.057999610900878906 14.076666831970214844 13.859999656677246094 14.116000175476074219 14.528666496276855469 14.666666030883789063 14.915333747863769531 15.0193328857421875 15.240667343139648438 15.352000236511230469 15.392000198364257813 15.368000030517578125 15.450666427612304688 15.037333488464355469 15.160666465759277344 15.450666427612304688 15.553333282470703125 15.570666313171386719 15.507333755493164063 15.453332901000976563 14.740666389465332031 14.873999595642089844 15.065333366394042969 15.109999656677246094 15.301333427429199219
13.420666694641113281 13.25 13.080666542053222656 12.947999954223632813 12.973333358764648438 13.052666664123535156 13.095334053039550781 13.152667045593261719 13.219333648681640625 13.280666351318359375 13.330666542053222656 13.447999954223632813 13.430665969848632813 13.594666481018066406 13.732666015625 13.944000244140625 14.086667060852050781 14.102666854858398438 14.311333656311035156 14.367333412170410156 14.415333747863769531 14.484666824340820313 14.518666267395019531 14.366000175476074219 14.19933319091796875 14.256667137145996094 13.961333274841308594 13.995332717895507813 14.227999687194824219 14.331333160400390625 14.949999809265136719 15.003333091735839844 15.249333381652832031 15.368666648864746094 15.409333229064941406 15.329333305358886719 15.271333694458007813 15.198666572570800781 15.315333366394042969 15.0279998779296875 15.267333984375 15.552000045776367188 15.536000251770019531 15.455333709716796875 15.066666603088378906 14.866000175476074219 14.899333000183105469 14.863332748413085938 14.949999809265136719
