data/tempwarmq.asc
ncols        384
nrows        480
xllcorner    138.000000000000
yllcorner    -29.000000000000
cellsize     0.041666666667
NODATA_value -9999
[rows 176 to 197 of 480, columns 98 to 146 of 384]
29.790666580200195313 29.82866668701171875 29.840000152587890625 29.87599945068359375 29.899333953857421875 29.891332626342773438 29.871334075927734375 29.8253326416015625 29.852664947509765625 29.866666793823242188 29.855333328247070313 29.819334030151367188 29.804666519165039063 29.805332183837890625 29.796665191650390625 29.737333297729492188 29.721332550048828125 29.717332839965820313 29.693332672119140625 29.645999908447265625 29.612667083740234375 29.591999053955078125 29.563999176025390625 29.540666580200195313 29.535999298095703125 29.556667327880859375 29.60466766357421875 29.598667144775390625 29.577333450317382813 29.558666229248046875 29.463998794555664063 29.327333450317382813 29.203332901000976563 29.067998886108398438 28.921998977661132813 28.939332962036132813 28.902667999267578125 28.944667816162109375 28.937999725341796875 28.79199981689453125 28.805999755859375 28.92800140380859375 29.06800079345703125 29.034000396728515625 28.922666549682617188 28.844667434692382813 28.777332305908203125 28.675333023071289063 28.453334808349609375
29.890666961669921875 29.943332672119140625 29.96866607666015625 29.9893341064453125 29.981332778930664063 29.937999725341796875 29.915332794189453125 29.903333663940429688 29.939998626708984375 29.944000244140625 29.911998748779296875 29.883333206176757813 29.859333038330078125 29.845998764038085938 29.817333221435546875 29.766666412353515625 29.737333297729492188 29.719999313354492188 29.686000823974609375 29.6360015869140625 29.605333328247070313 29.601999282836914063 29.598667144775390625 29.53333282470703125 29.534666061401367188 29.539333343505859375 29.512666702270507813 29.49466705322265625 29.492666244506835938 29.46866607666015625 29.409999847412109375 29.336666107177734375 29.264667510986328125 29.179332733154296875 29.095998764038085938 29.063333511352539063 29.009332656860351563 29.030666351318359375 29.048000335693359375 28.993999481201171875 28.899999618530273438 28.962667465209960938 29.001333236694335938 28.93199920654296875 28.831333160400390625 28.822666168212890625 28.861333847045898438 28.857999801635742188 28.659332275390625
30.011999130249023438 30.04000091552734375 30.05933380126953125 30.067998886108398438 30.046667098999023438 30.026666641235351563 30.00533294677734375 29.971332550048828125 29.9893341064453125 29.992000579833984375 29.989332199096679688 29.953332901000976563 29.914667129516601563 29.895334243774414063 29.857999801635742188 29.8079986572265625 29.740665435791015625 29.701999664306640625 29.6573333740234375 29.625333786010742188 29.65000152587890625 29.655332565307617188 29.65200042724609375 29.596666336059570313 29.5626678466796875 29.514667510986328125 29.465333938598632813 29.447999954223632813 29.439334869384765625 29.380666732788085938 29.323999404907226563 29.315332412719726563 29.316667556762695313 29.3040008544921875 29.259332656860351563 29.18000030517578125 29.120000839233398438 29.11733245849609375 29.10666656494140625 29.074001312255859375 29.01200103759765625 28.950666427612304688 28.88466644287109375 28.881999969482421875 28.831333160400390625 28.7393341064453125 28.826665878295898438 28.945333480834960938 28.826000213623046875
30.062665939331054688 30.065999984741210938 30.0579986572265625 30.070667266845703125 30.095333099365234375 30.090000152587890625 30.08066558837890625 30.023332595825195313 30.009334564208984375 30.016000747680664063 30.039333343505859375 30.011333465576171875 29.95133209228515625 29.937334060668945313 29.892667770385742188 29.872667312622070313 29.818666458129882813 29.756000518798828125 29.70800018310546875 29.686666488647460938 29.70800018310546875 29.721332550048828125 29.70999908447265625 29.684000015258789063 29.640665054321289063 29.582000732421875 29.535333633422851563 29.502666473388671875 29.465999603271484375 29.379999160766601563 29.306665420532226563 29.249334335327148438 29.256666183471679688 29.225332260131835938 29.211332321166992188 29.192667007446289063 29.130666732788085938 29.077999114990234375 29.05933380126953125 29.063333511352539063 29.029333114624023438 28.978668212890625 28.920001983642578125 28.899333953857421875 28.922666549682617188 28.848667144775390625 28.794666290283203125 28.8079986572265625 28.784000396728515625
30.102001190185546875 30.100000381469726563 30.090000152587890625 30.074665069580078125 30.110666275024414063 30.120000839233398438 30.082000732421875 30.037332534790039063 30.002666473388671875 30.00333404541015625 30 29.985332489013671875 29.926666259765625 29.892000198364257813 29.8726654052734375 29.8600006103515625 29.860666275024414063 29.8339996337890625 29.80066680908203125 29.775333404541015625 29.768665313720703125 29.761333465576171875 29.76599884033203125 29.715999603271484375 29.679332733154296875 29.624666213989257813 29.567998886108398438 29.49466705322265625 29.437334060668945313 29.422666549682617188 29.340000152587890625 29.274000167846679688 29.244665145874023438 29.20133209228515625 29.146665573120117188 29.14666748046875 29.100666046142578125 29.056001663208007813 29.051334381103515625 29.069332122802734375 29.067333221435546875 29.007999420166015625 28.93666839599609375 28.870000839233398438 28.920667648315429688 28.8600006103515625 28.798000335693359375 28.415332794189453125 28.362667083740234375
30.170665740966796875 30.15399932861328125 30.148000717163085938 30.137332916259765625 30.111333847045898438 30.082666397094726563 30.055334091186523438 30.033998489379882813 30.00333404541015625 29.988666534423828125 29.96666717529296875 29.954668045043945313 29.934000015258789063 29.913999557495117188 29.892665863037109375 29.85333251953125 29.860666275024414063 29.887332916259765625 29.8899993896484375 29.859333038330078125 29.812665939331054688 29.791334152221679688 29.785333633422851563 29.737333297729492188 29.6660003662109375 29.620000839233398438 29.591999053955078125 29.513332366943359375 29.411998748779296875 29.380666732788085938 29.348667144775390625 29.289333343505859375 29.24666595458984375 29.275999069213867188 29.2779998779296875 29.214666366577148438 29.166667938232421875 29.15200042724609375 29.150667190551757813 29.158666610717773438 29.12066650390625 29.072000503540039063 28.999334335327148438 28.94266510009765625 28.946666717529296875 28.91066741943359375 28.809999465942382813 28.570667266845703125 28.172000885009765625
30.151332855224609375 30.134000778198242188 30.147335052490234375 30.188665390014648438 30.135334014892578125 30.077999114990234375 30.081333160400390625 30.060667037963867188 30.00733184814453125 30.014667510986328125 30.020000457763671875 30.005998611450195313 29.97733306884765625 29.9633331298828125 29.969333648681640625 29.955333709716796875 29.916667938232421875 29.927333831787109375 29.946666717529296875 29.920667648315429688 29.831333160400390625 29.778665542602539063 29.73799896240234375 29.718000411987304688 29.640666961669921875 29.608667373657226563 29.604665756225585938 29.565332412719726563 29.49266815185546875 29.439332962036132813 29.397998809814453125 29.305332183837890625 29.284666061401367188 29.215999603271484375 29.202665328979492188 29.141332626342773438 29.149999618530273438 29.182001113891601563 29.16266632080078125 29.121334075927734375 29.12066650390625 29.121999740600585938 29.034000396728515625 28.961999893188476563 28.941999435424804688 28.929332733154296875 28.869998931884765625 28.788665771484375 28.544668197631835938
30.017333984375 30.026666641235351563 30.067333221435546875 30.0926666259765625 30.0279998779296875 30.012666702270507813 30.053998947143554688 30.00733184814453125 29.923334121704101563 29.929332733154296875 29.952667236328125 29.950666427612304688 29.93866729736328125 29.960666656494140625 30.01200103759765625 29.993333816528320313 29.988666534423828125 29.912000656127929688 29.862667083740234375 29.892665863037109375 29.878667831420898438 29.824666976928710938 29.7413330078125 29.711999893188476563 29.642665863037109375 29.602001190185546875 29.616666793823242188 29.61333465576171875 29.527334213256835938 29.4806671142578125 29.446666717529296875 29.343334197998046875 29.25 29.219999313354492188 29.19933319091796875 29.204000473022460938 29.186666488647460938 29.137332916259765625 29.113332748413085938 29.105333328247070313 29.05066680908203125 29.037334442138671875 29 28.929332733154296875 28.904666900634765625 28.885332107543945313 28.87066650390625 28.829332351684570313 28.58933258056640625
30.001333236694335938 29.97733306884765625 29.9720001220703125 29.979999542236328125 29.960666656494140625 29.927333831787109375 29.99666595458984375 30.006000518798828125 29.958667755126953125 29.9546661376953125 29.970001220703125 29.937999725341796875 29.923999786376953125 29.9739990234375 29.984666824340820313 29.981332778930664063 29.99666595458984375 29.97733306884765625 29.860666275024414063 29.80933380126953125 29.829332351684570313 29.84600067138671875 29.752666473388671875 29.6486663818359375 29.63266754150390625 29.630001068115234375 29.588001251220703125 29.554666519165039063 29.538000106811523438 29.512666702270507813 29.46466827392578125 29.411333084106445313 29.292667388916015625 29.279333114624023438 29.217332839965820313 29.194665908813476563 29.175333023071289063 29.114000320434570313 29.099334716796875 29.063999176025390625 29.055334091186523438 29.032667160034179688 28.975999832153320313 28.93199920654296875 28.894666671752929688 28.866664886474609375 28.844667434692382813 28.784666061401367188 28.586666107177734375
29.96866607666015625 29.993333816528320313 30.0086669921875 29.9546661376953125 29.910665512084960938 29.9073333740234375 29.95999908447265625 30.051334381103515625 30.04199981689453125 30.012666702270507813 29.970666885375976563 29.93000030517578125 29.898000717163085938 29.883333206176757813 29.922666549682617188 29.961334228515625 29.978000640869140625 29.997333526611328125 29.90200042724609375 29.770000457763671875 29.751333236694335938 29.73799896240234375 29.702665328979492188 29.661333084106445313 29.642000198364257813 29.633333206176757813 29.590665817260742188 29.530666351318359375 29.53466796875 29.497333526611328125 29.434000015258789063 29.392000198364257813 29.281999588012695313 29.245332717895507813 29.233999252319335938 29.1873321533203125 29.177999496459960938 29.10666656494140625 29.038665771484375 29.038665771484375 29.048666000366210938 29.058000564575195313 29.044000625610351563 28.952667236328125 28.87066650390625 28.812000274658203125 28.774000167846679688 28.670000076293945313 28.479333877563476563
30.02266693115234375 30.055999755859375 30.120000839233398438 30.088666915893554688 30.063333511352539063 30.02466583251953125 30.032665252685546875 30.01399993896484375 29.971332550048828125 29.973333358764648438 29.991998672485351563 29.96866607666015625 29.929332733154296875 29.906000137329101563 29.880666732788085938 29.889333724975585938 29.9246673583984375 29.954668045043945313 29.91400146484375 29.821332931518554688 29.770000457763671875 29.69066619873046875 29.655332565307617188 29.633333206176757813 29.606000900268554688 29.600666046142578125 29.56999969482421875 29.520666122436523438 29.474666595458984375 29.44733428955078125 29.40533447265625 29.361333847045898438 29.322000503540039063 29.24666595458984375 29.19266510009765625 29.215333938598632813 29.112667083740234375 29.080667495727539063 29.020666122436523438 29.007333755493164063 28.97733306884765625 28.9893341064453125 29.062000274658203125 28.935333251953125 28.849332809448242188 28.78333282470703125 28.719999313354492188 28.577999114990234375 28.3899993896484375
30.055999755859375 30.086666107177734375 30.09466552734375 30.107332229614257813 30.10866546630859375 30.079334259033203125 30.077999114990234375 29.998666763305664063 29.935998916625976563 29.923999786376953125 29.970666885375976563 30.00733184814453125 29.996000289916992188 29.9720001220703125 29.923999786376953125 29.892665863037109375 29.908000946044921875 29.940668106079101563 29.915332794189453125 29.831333160400390625 29.819334030151367188 29.7220001220703125 29.656665802001953125 29.616666793823242188 29.567333221435546875 29.566667556762695313 29.53333282470703125 29.49466705322265625 29.48400115966796875 29.448667526245117188 29.426666259765625 29.370000839233398438 29.336666107177734375 29.295331954956054688 29.212667465209960938 29.176666259765625 29.150665283203125 29.037334442138671875 28.992666244506835938 28.941999435424804688 28.87066650390625 28.959333419799804688 29.020000457763671875 28.91400146484375 28.87933349609375 28.805334091186523438 28.694000244140625 28.53133392333984375 28.4073333740234375
30.032667160034179688 30.046667098999023438 30.063333511352539063 30.099332809448242188 30.083333969116210938 30.063333511352539063 30.097332000732421875 30.049999237060546875 29.988666534423828125 29.936000823974609375 29.957332611083984375 29.999332427978515625 29.993333816528320313 29.970666885375976563 29.93000030517578125 29.923334121704101563 29.951333999633789063 29.951333999633789063 29.9546661376953125 29.874666213989257813 29.81133270263671875 29.775333404541015625 29.68199920654296875 29.623332977294921875 29.584667205810546875 29.568666458129882813 29.565999984741210938 29.509334564208984375 29.500667572021484375 29.507999420166015625 29.460000991821289063 29.385334014892578125 29.343999862670898438 29.288665771484375 29.229999542236328125 29.2046661376953125 29.151332855224609375 29.067333221435546875 28.975999832153320313 28.868000030517578125 28.827333450317382813 28.892667770385742188 29.003999710083007813 28.9459991455078125 28.879999160766601563 28.810001373291015625 28.68000030517578125 28.534000396728515625 28.364665985107421875
30.073333740234375 30.051334381103515625 30.05066680908203125 30.058666229248046875 30.0453338623046875 30.07866668701171875 30.104000091552734375 30.068666458129882813 30.046667098999023438 30.032667160034179688 30.02466583251953125 30.00533294677734375 29.97733306884765625 29.954000473022460938 29.94066619873046875 29.955999374389648438 29.9333343505859375 29.928667068481445313 29.957334518432617188 29.885999679565429688 29.803333282470703125 29.7393341064453125 29.654666900634765625 29.603334426879882813 29.590000152587890625 29.580667495727539063 29.591999053955078125 29.5839996337890625 29.534000396728515625 29.51399993896484375 29.47533416748046875 29.406667709350585938 29.351999282836914063 29.28133392333984375 29.254665374755859375 29.219999313354492188 29.143999099731445313 29.048666000366210938 28.940000534057617188 28.80933380126953125 28.812000274658203125 28.84600067138671875 28.890666961669921875 28.87400054931640625 28.833332061767578125 28.784666061401367188 28.624666213989257813 28.583332061767578125 28.492000579833984375
30.104000091552734375 30.059999465942382813 30.039333343505859375 30.029998779296875 30.021999359130859375 30.060001373291015625 30.105998992919921875 30.0753326416015625 30.077999114990234375 30.083332061767578125 30.09600067138671875 30.02933502197265625 29.993333816528320313 29.973333358764648438 29.945333480834960938 29.9633331298828125 29.917999267578125 29.894666671752929688 29.902666091918945313 29.871999740600585938 29.799333572387695313 29.6959991455078125 29.6186676025390625 29.590667724609375 29.599334716796875 29.588666915893554688 29.539999008178710938 29.554666519165039063 29.56999969482421875 29.546667098999023438 29.497333526611328125 29.416666030883789063 29.377332687377929688 29.28466796875 29.2866668701171875 29.206666946411132813 29.12066650390625 28.987333297729492188 28.911998748779296875 28.812000274658203125 28.805334091186523438 28.83066558837890625 28.796667098999023438 28.7606658935546875 28.760000228881835938 28.754665374755859375 28.694000244140625 28.52466583251953125 28.544666290283203125
30.030666351318359375 30.03133392333984375 30.044666290283203125 30.041332244873046875 30.007999420166015625 29.988666534423828125 30.058666229248046875 30.077333450317382813 30.06333160400390625 30.060667037963867188 30.073999404907226563 30.059999465942382813 30.043333053588867188 30.007999420166015625 29.970666885375976563 29.960666656494140625 29.937999725341796875 29.908666610717773438 29.862667083740234375 29.871332168579101563 29.815999984741210938 29.720666885375976563 29.66400146484375 29.604000091552734375 29.590000152587890625 29.607334136962890625 29.569334030151367188 29.514667510986328125 29.489999771118164063 29.474666595458984375 29.465999603271484375 29.411333084106445313 29.38466644287109375 29.343999862670898438 29.304666519165039063 29.2306671142578125 29.093999862670898438 29.0260009765625 28.95600128173828125 28.916666030883789063 28.826000213623046875 28.795999526977539063 28.763332366943359375 28.808666229248046875 28.827999114990234375 28.71866607666015625 28.66066741943359375 28.70999908447265625 28.694667816162109375
30.015333175659179688 30.016666412353515625 30.023332595825195313 30.030666351318359375 29.98799896240234375 29.965333938598632813 29.9980010986328125 30.05066680908203125 30.063999176025390625 30.042667388916015625 30.063999176025390625 30.113332748413085938 30.099332809448242188 30.048000335693359375 30.010000228881835938 29.975332260131835938 29.940000534057617188 29.926666259765625 29.87599945068359375 29.81800079345703125 29.78333282470703125 29.733333587646484375 29.69066619873046875 29.64133453369140625 29.619333267211914063 29.621334075927734375 29.614665985107421875 29.525333404541015625 29.470001220703125 29.404666900634765625 29.399333953857421875 29.37066650390625 29.378667831420898438 29.392000198364257813 29.2866668701171875 29.193332672119140625 29.060667037963867188 28.996000289916992188 28.927999496459960938 28.923999786376953125 28.85466766357421875 28.81800079345703125 28.81133270263671875 28.860666275024414063 28.89533233642578125 28.69933319091796875 28.656665802001953125 28.77266693115234375 28.7519989013671875
30.063333511352539063 30.058666229248046875 30.014665603637695313 29.990667343139648438 29.960666656494140625 29.939332962036132813 29.944000244140625 29.983333587646484375 30.007999420166015625 30.039333343505859375 30.086000442504882813 30.128665924072265625 30.11533355712890625 30.0540008544921875 30.003999710083007813 29.956666946411132813 29.909334182739257813 29.916666030883789063 29.899333953857421875 29.813999176025390625 29.756666183471679688 29.712665557861328125 29.692667007446289063 29.686000823974609375 29.649999618530273438 29.616666793823242188 29.614665985107421875 29.5366668701171875 29.492666244506835938 29.451999664306640625 29.393999099731445313 29.345333099365234375 29.350666046142578125 29.346666336059570313 29.238666534423828125 29.177999496459960938 29.074001312255859375 29.0260009765625 28.943332672119140625 28.857334136962890625 28.823333740234375 28.800001144409179688 28.7693328857421875 28.827333450317382813 28.841333389282226563 28.68000030517578125 28.650667190551757813 28.7779998779296875 28.677999496459960938
30.025333404541015625 30.062665939331054688 30.065999984741210938 30.018667221069335938 29.97933197021484375 29.95133209228515625 29.941333770751953125 29.90533447265625 29.913333892822265625 29.953332901000976563 29.997333526611328125 30.067333221435546875 30.093334197998046875 30.044000625610351563 29.979333877563476563 29.877332687377929688 29.863332748413085938 29.8986663818359375 29.8813323974609375 29.813333511352539063 29.777332305908203125 29.719333648681640625 29.682666778564453125 29.687334060668945313 29.6920013427734375 29.644001007080078125 29.5926666259765625 29.530000686645507813 29.507333755493164063 29.46866607666015625 29.42800140380859375 29.35333251953125 29.291332244873046875 29.2606658935546875 29.210666656494140625 29.144666671752929688 29.119333267211914063 29.100666046142578125 29.038000106811523438 28.859333038330078125 28.7306671142578125 28.689332962036132813 28.659332275390625 28.633333206176757813 28.695333480834960938 28.642000198364257813 28.684000015258789063 28.6920013427734375 28.661333084106445313
30.011999130249023438 30.02466583251953125 30.0540008544921875 30.04000091552734375 29.986667633056640625 29.997333526611328125 29.973333358764648438 29.920000076293945313 29.894001007080078125 29.89533233642578125 29.905332565307617188 29.9893341064453125 30.064666748046875 30.026666641235351563 29.96866607666015625 29.895999908447265625 29.87066650390625 29.868000030517578125 29.803333282470703125 29.7693328857421875 29.76399993896484375 29.735332489013671875 29.692667007446289063 29.673334121704101563 29.682666778564453125 29.668666839599609375 29.63266754150390625 29.563333511352539063 29.5260009765625 29.48799896240234375 29.443332672119140625 29.366666793823242188 29.25333404541015625 29.229333877563476563 29.260667800903320313 29.16266632080078125 29.10333251953125 29.096666336059570313 29.070667266845703125 28.941999435424804688 28.746000289916992188 28.644666671752929688 28.520000457763671875 28.524000167846679688 28.492666244506835938 28.529333114624023438 28.595333099365234375 28.56800079345703125 28.56133270263671875
30.037332534790039063 29.997333526611328125 29.958665847778320313 29.94066619873046875 29.92133331298828125 29.951333999633789063 29.99466705322265625 29.962665557861328125 29.958667755126953125 29.993999481201171875 29.968667984008789063 29.939332962036132813 29.939334869384765625 29.953998565673828125 29.988666534423828125 29.983333587646484375 29.9633331298828125 29.88800048828125 29.794666290283203125 29.8040008544921875 29.805334091186523438 29.788667678833007813 29.728666305541992188 29.699998855590820313 29.6746673583984375 29.637332916259765625 29.5926666259765625 29.572666168212890625 29.539333343505859375 29.471332550048828125 29.375333786010742188 29.34600067138671875 29.275333404541015625 29.249332427978515625 29.305999755859375 29.200666427612304688 29.091333389282226563 29.0279998779296875 28.939332962036132813 28.874666213989257813 28.759998321533203125 28.610666275024414063 28.416666030883789063 28.399999618530273438 28.429332733154296875 28.361333847045898438 28.426666259765625 28.535333633422851563 28.385334014892578125
30.025999069213867188 29.96533203125 29.930665969848632813 29.922666549682617188 29.901332855224609375 29.925998687744140625 30.000667572021484375 29.995334625244140625 29.937999725341796875 29.924665451049804688 29.971332550048828125 29.955333709716796875 29.916667938232421875 29.93000030517578125 29.983333587646484375 29.98400115966796875 29.9546661376953125 29.876667022705078125 29.806667327880859375 29.823999404907226563 29.8213348388671875 29.78133392333984375 29.717332839965820313 29.667999267578125 29.63800048828125 29.5839996337890625 29.539999008178710938 29.502666473388671875 29.486665725708007813 29.45800018310546875 29.33733367919921875 29.2606658935546875 29.25333404541015625 29.168666839599609375 29.194667816162109375 29.194665908813476563 29.096666336059570313 28.990665435791015625 28.855333328247070313 28.762666702270507813 28.757999420166015625 28.675333023071289063 28.539333343505859375 28.41933441162109375 28.388666152954101563 28.312000274658203125 28.30066680908203125 28.40399932861328125 28.33733367919921875
