data/tempwarmq.asc
ncols        384
nrows        480
xllcorner    138.000000000000
yllcorner    -29.000000000000
cellsize     0.041666666667
NODATA_value -9999
[rows 374 to 395 of 480, columns 196 to 244 of 384]
27.562000274658203125 27.460666656494140625 27.032665252685546875 26.424001693725585938 26.336666107177734375 26.590665817260742188 26.642000198364257813 26.63800048828125 26.532667160034179688 26.516666412353515625 26.2220001220703125 25.7220001220703125 25.742000579833984375 25.909999847412109375 25.720666885375976563 25.511999130249023438 25.299333572387695313 25.833333969116210938 26.397998809814453125 26.563333511352539063 26.73600006103515625 26.883333206176757813 26.796667098999023438 26.726665496826171875 26.774000167846679688 26.831333160400390625 26.810667037963867188 26.89533233642578125 26.899999618530273438 26.959333419799804688 26.685333251953125 26.429332733154296875 26.538667678833007813 26.5839996337890625 26.55066680908203125 26.3513336181640625 25.9333343505859375 24.989999771118164063 24.569334030151367188 24.965999603271484375 25.383998870849609375 24.2393341064453125 24.761333465576171875 24.302000045776367188 24.929332733154296875 24.233333587646484375 24.187999725341796875 24.895999908447265625 26.011333465576171875
27.492666244506835938 27.42800140380859375 27.145334243774414063 26.732000350952148438 26.576665878295898438 26.74466705322265625 26.546667098999023438 26.410665512084960938 26.252000808715820313 26.32199859619140625 26.090665817260742188 25.869333267211914063 25.9073333740234375 25.86199951171875 25.645334243774414063 25.425333023071289063 25.464000701904296875 25.411333084106445313 25.704000473022460938 26.011333465576171875 26.372667312622070313 26.593334197998046875 26.564666748046875 26.635332107543945313 26.75333404541015625 26.76599884033203125 26.667333602905273438 26.688665390014648438 26.698665618896484375 26.771331787109375 26.595333099365234375 26.267999649047851563 26.261333465576171875 26.1660003662109375 26.055999755859375 25.969999313354492188 25.785999298095703125 25.000667572021484375 24.184665679931640625 24.168666839599609375 24.75533294677734375 23.849332809448242188 24.003999710083007813 24.248666763305664063 24.631999969482421875 23.794666290283203125 23.978666305541992188 25.298000335693359375 25.58933258056640625
27.407999038696289063 27.346666336059570313 27.114000320434570313 26.900667190551757813 26.788667678833007813 26.711334228515625 26.613332748413085938 26.389333724975585938 26.141332626342773438 25.947332382202148438 26.039333343505859375 26.021333694458007813 25.976667404174804688 25.951999664306640625 25.7779998779296875 25.662000656127929688 25.517999649047851563 25.347332000732421875 25.310665130615234375 25.484666824340820313 25.855998992919921875 26.219333648681640625 26.335332870483398438 26.60866546630859375 26.745332717895507813 26.516000747680664063 26.257999420166015625 26.333333969116210938 26.436666488647460938 26.51399993896484375 26.5366668701171875 26.293333053588867188 26.253332138061523438 25.993333816528320313 25.526666641235351563 25.05066680908203125 24.495332717895507813 24.476667404174804688 23.916666030883789063 24.087999343872070313 24.2519989013671875 23.785333633422851563 23.591999053955078125 23.982666015625 24.371334075927734375 24.290666580200195313 25.138666152954101563 25.584667205810546875 25.805332183837890625
27.636667251586914063 27.339334487915039063 26.92333221435546875 26.922666549682617188 26.83066558837890625 26.45999908447265625 26.665332794189453125 26.62933349609375 26.313999176025390625 26.062000274658203125 26.247999191284179688 26.043333053588867188 25.64333343505859375 25.852666854858398438 25.978000640869140625 25.69933319091796875 25.45600128173828125 25.397333145141601563 25.37599945068359375 25.728666305541992188 25.855998992919921875 25.707334518432617188 25.891332626342773438 26.270000457763671875 26.538000106811523438 26.21533203125 25.732666015625 25.850666046142578125 25.917333602905273438 26.229333877563476563 26.441333770751953125 26.25533294677734375 26.137998580932617188 25.891332626342773438 25.274000167846679688 24.6013336181640625 23.579334259033203125 23.248666763305664063 23.112667083740234375 23.164667129516601563 23.378000259399414063 23.888666152954101563 23.285333633422851563 23.975999832153320313 24.6573333740234375 25.052000045776367188 25.318666458129882813 24.706666946411132813 25.631999969482421875
27.66400146484375 27.271999359130859375 26.907999038696289063 26.901332855224609375 26.991998672485351563 26.697332382202148438 26.506666183471679688 26.649999618530273438 26.583333969116210938 26.323333740234375 26.040666580200195313 25.885334014892578125 25.69266510009765625 25.626667022705078125 25.935998916625976563 25.738000869750976563 25.549333572387695313 25.4720001220703125 25.565999984741210938 25.604000091552734375 25.71666717529296875 25.593334197998046875 25.616666793823242188 25.687999725341796875 26.020000457763671875 26.142000198364257813 25.827333450317382813 25.44933319091796875 25.288665771484375 25.568666458129882813 25.818666458129882813 25.637332916259765625 25.436666488647460938 25.2413330078125 24.826665878295898438 23.923999786376953125 23.397333145141601563 23.51399993896484375 23.327999114990234375 23.044666290283203125 22.678667068481445313 22.874666213989257813 23.75333404541015625 24.591333389282226563 24.931333541870117188 24.538665771484375 24.530000686645507813 25.0366668701171875 25.010000228881835938
27.63800048828125 27.237333297729492188 27.082666397094726563 27.095333099365234375 27.125333786010742188 27.021999359130859375 26.89666748046875 26.709333419799804688 26.56333160400390625 26.46866607666015625 26.343999862670898438 26.229999542236328125 25.941333770751953125 25.7306671142578125 25.787334442138671875 25.726665496826171875 25.577333450317382813 25.46666717529296875 25.443332672119140625 25.484666824340820313 25.645999908447265625 25.573999404907226563 25.523332595825195313 25.667999267578125 25.978668212890625 25.9246673583984375 25.690000534057617188 25.431333541870117188 25.084667205810546875 25.031999588012695313 25.384000778198242188 24.9913330078125 24.584667205810546875 24.62066650390625 24.238666534423828125 23.984666824340820313 23.934665679931640625 23.81800079345703125 23.678667068481445313 23.327999114990234375 22.63800048828125 22.30933380126953125 23.7393341064453125 23.96866607666015625 24.074666976928710938 24.1186676025390625 23.914667129516601563 24.29866790771484375 24.415332794189453125
27.6313323974609375 27.390666961669921875 27.341333389282226563 27.39333343505859375 27.36199951171875 27.304666519165039063 27.12066650390625 26.850667953491210938 26.474666595458984375 26.318666458129882813 26.35866546630859375 26.408666610717773438 26.246000289916992188 25.959333419799804688 25.823333740234375 25.6013336181640625 25.525333404541015625 25.652666091918945313 25.813333511352539063 25.760000228881835938 25.768667221069335938 25.806667327880859375 25.635999679565429688 25.686666488647460938 25.779333114624023438 25.6660003662109375 25.554666519165039063 25.18199920654296875 24.975999832153320313 24.934665679931640625 25.035999298095703125 24.647333145141601563 24.381999969482421875 24.420667648315429688 24.242000579833984375 24.02066802978515625 23.815999984741210938 23.585332870483398438 23.5019989013671875 23.5366668701171875 23.354665756225585938 23.026666641235351563 22.993333816528320313 23.359333038330078125 23.238000869750976563 22.771333694458007813 23.544000625610351563 23.762666702270507813 24.845333099365234375
27.549333572387695313 27.515333175659179688 27.4806671142578125 27.498666763305664063 27.462665557861328125 27.396665573120117188 27.24266815185546875 26.987333297729492188 26.696666717529296875 26.531999588012695313 26.462667465209960938 26.4160003662109375 26.295999526977539063 26.138666152954101563 25.957332611083984375 25.711999893188476563 25.472665786743164063 25.51399993896484375 25.941333770751953125 25.920000076293945313 25.714000701904296875 25.743333816528320313 25.525999069213867188 25.391332626342773438 25.61199951171875 25.405332565307617188 25.217334747314453125 24.972667694091796875 24.81133270263671875 24.827999114990234375 24.904666900634765625 24.65399932861328125 24.708667755126953125 24.36733245849609375 24.038665771484375 23.8426666259765625 23.922666549682617188 23.743333816528320313 23.89333343505859375 23.815334320068359375 23.463998794555664063 23.1920013427734375 22.850666046142578125 22.981332778930664063 22.645334243774414063 21.913333892822265625 22.313999176025390625 22.709333419799804688 22.278667449951171875
27.4720001220703125 27.423334121704101563 27.35866546630859375 27.38466644287109375 27.36533355712890625 27.330667495727539063 27.257999420166015625 27.062000274658203125 26.784000396728515625 26.579999923706054688 26.3426666259765625 26.378665924072265625 26.381334304809570313 26.33733367919921875 26.239332199096679688 26.017333984375 25.614000320434570313 25.372667312622070313 25.714666366577148438 25.82866668701171875 25.731334686279296875 25.67133331298828125 25.362667083740234375 25.232666015625 25.437334060668945313 25.426000595092773438 25.100666046142578125 25.113332748413085938 24.992000579833984375 24.9160003662109375 25.015333175659179688 24.935333251953125 24.88266754150390625 24.386667251586914063 24.085332870483398438 24.003999710083007813 24.102666854858398438 24.158666610717773438 24.081333160400390625 23.851999282836914063 23.586000442504882813 23.406665802001953125 23.413999557495117188 23.361333847045898438 23.04000091552734375 21.930665969848632813 21.558000564575195313 21.461332321166992188 22.520000457763671875
27.375333786010742188 27.349334716796875 27.31800079345703125 27.245332717895507813 27.161333084106445313 27.142000198364257813 27.156665802001953125 26.993333816528320313 26.801334381103515625 26.6959991455078125 26.467334747314453125 26.222665786743164063 26.252666473388671875 26.224666595458984375 26.170667648315429688 26.011999130249023438 25.885334014892578125 25.51399993896484375 25.370000839233398438 25.479333877563476563 25.752666473388671875 25.607999801635742188 25.355333328247070313 25.210666656494140625 25.351999282836914063 25.362667083740234375 25.221334457397460938 25.22533416748046875 25.145999908447265625 25.09999847412109375 25.047332763671875 25.038665771484375 24.796667098999023438 24.590665817260742188 24.459333419799804688 24.35333251953125 24.444665908813476563 24.215999603271484375 23.749332427978515625 23.4933319091796875 23.6013336181640625 23.9333343505859375 23.914667129516601563 23.63266754150390625 23.413333892822265625 22.528667449951171875 22.493999481201171875 22.035999298095703125 22.232666015625
27.422666549682617188 27.45133209228515625 27.403333663940429688 27.292665481567382813 27.1486663818359375 27.057332992553710938 27.0279998779296875 26.996000289916992188 26.8426666259765625 26.818666458129882813 26.562665939331054688 26.267999649047851563 26.2046661376953125 26.114000320434570313 26.079999923706054688 26.12933349609375 26.0926666259765625 25.852001190185546875 25.35866546630859375 25.18199920654296875 25.576000213623046875 25.659332275390625 25.40200042724609375 25.342000961303710938 25.422666549682617188 25.438665390014648438 25.382665634155273438 25.30066680908203125 25.195333480834960938 25.063999176025390625 25.056665420532226563 24.9633331298828125 24.820667266845703125 24.760000228881835938 24.667999267578125 24.51200103759765625 24.354000091552734375 24.077333450317382813 23.654666900634765625 23.695333480834960938 23.81133270263671875 24.27466583251953125 24.124666213989257813 23.88800048828125 23.108667373657226563 23.183332443237304688 22.83933258056640625 23.297332763671875 22.941333770751953125
27.510000228881835938 27.5453338623046875 27.48799896240234375 27.400667190551757813 27.302000045776367188 27.14666748046875 27.1013336181640625 27.063333511352539063 26.908000946044921875 26.840665817260742188 26.6273345947265625 26.431333541870117188 26.360666275024414063 26.251333236694335938 26.099334716796875 26.098667144775390625 26.19066619873046875 26.006000518798828125 25.528665542602539063 25.419332504272460938 25.691333770751953125 25.815999984741210938 25.676666259765625 25.650665283203125 25.6833343505859375 25.532667160034179688 25.47733306884765625 25.322000503540039063 25.0193328857421875 24.93199920654296875 24.8040008544921875 24.916666030883789063 24.829334259033203125 24.5839996337890625 24.535333633422851563 24.270666122436523438 23.91400146484375 23.917999267578125 24.161333084106445313 24.228000640869140625 24.1959991455078125 24.425333023071289063 24.204000473022460938 24.027332305908203125 23.838666915893554688 23.681333541870117188 22.96866607666015625 22.950666427612304688 23.625333786010742188
27.6100006103515625 27.621999740600585938 27.550001144409179688 27.504667282104492188 27.49666595458984375 27.340000152587890625 27.201999664306640625 27.135999679565429688 27.00533294677734375 26.85666656494140625 26.68866729736328125 26.576000213623046875 26.553998947143554688 26.453334808349609375 26.1959991455078125 26.05933380126953125 26.0753326416015625 25.915332794189453125 25.61533355712890625 25.726665496826171875 26.055334091186523438 25.920000076293945313 25.925333023071289063 26 25.910665512084960938 25.560667037963867188 25.47533416748046875 25.40399932861328125 25.1186676025390625 24.822666168212890625 24.285999298095703125 24.4806671142578125 24.571332931518554688 24.408666610717773438 24.423334121704101563 24.276666641235351563 24.03133392333984375 24.116001129150390625 24.499332427978515625 24.629999160766601563 24.614665985107421875 24.341333389282226563 24.31800079345703125 24.402666091918945313 24.2413330078125 24.140666961669921875 24.08933258056640625 23.592000961303710938 23.465999603271484375
27.642000198364257813 27.631999969482421875 27.599332809448242188 27.5540008544921875 27.520666122436523438 27.41266632080078125 27.2393341064453125 27.187334060668945313 27.070667266845703125 26.860666275024414063 26.6873321533203125 26.55266571044921875 26.473333358764648438 26.425998687744140625 26.310667037963867188 25.965999603271484375 25.607334136962890625 25.700666427612304688 25.45999908447265625 25.69733428955078125 26.10866546630859375 26.01599884033203125 26.040666580200195313 26.086666107177734375 25.970666885375976563 25.798000335693359375 25.560001373291015625 25.422000885009765625 25.172000885009765625 24.742666244506835938 24.434665679931640625 24.11733245849609375 24.257333755493164063 24.378000259399414063 24.565332412719726563 24.588666915893554688 24.427333831787109375 24.384000778198242188 24.711999893188476563 24.805999755859375 24.678667068481445313 24.590667724609375 24.558000564575195313 24.534000396728515625 24.364000320434570313 24.428667068481445313 24.44933319091796875 24.338666915893554688 24.309999465942382813
27.631999969482421875 27.564666748046875 27.56133270263671875 27.53133392333984375 27.515333175659179688 27.404666900634765625 27.229999542236328125 27.151334762573242188 27.063333511352539063 26.908666610717773438 26.697999954223632813 26.563999176025390625 26.475999832153320313 26.5 26.35866546630859375 25.972665786743164063 25.65200042724609375 25.64666748046875 25.714666366577148438 25.817333221435546875 25.978000640869140625 26.024000167846679688 25.97533416748046875 26.12599945068359375 26.120000839233398438 25.883998870849609375 25.547332763671875 25.406665802001953125 25.219333648681640625 24.941333770751953125 24.785333633422851563 24.303333282470703125 24.265333175659179688 24.610666275024414063 24.76399993896484375 24.676000595092773438 24.527334213256835938 24.317333221435546875 24.81800079345703125 24.904666900634765625 24.836666107177734375 24.655332565307617188 24.549999237060546875 24.439332962036132813 24.485332489013671875 24.644666671752929688 24.664667129516601563 24.618000030517578125 24.662000656127929688
27.591333389282226563 27.547332763671875 27.506666183471679688 27.471332550048828125 27.39666748046875 27.310667037963867188 27.183332443237304688 27.147333145141601563 27.054666519165039063 26.936000823974609375 26.763332366943359375 26.706666946411132813 26.6573333740234375 26.57733154296875 26.434667587280273438 26.131999969482421875 25.857999801635742188 26.001333236694335938 25.922000885009765625 26.063999176025390625 25.90399932861328125 26.039999008178710938 26.057332992553710938 26.087999343872070313 26.064001083374023438 25.8986663818359375 25.7006683349609375 25.559999465942382813 25.235332489013671875 25.035999298095703125 24.8040008544921875 24.637332916259765625 24.6746673583984375 24.862667083740234375 24.875333786010742188 24.635334014892578125 24.373332977294921875 24.68000030517578125 25.086000442504882813 24.992666244506835938 24.757999420166015625 24.517999649047851563 24.39133453369140625 24.545999526977539063 24.610666275024414063 24.830667495727539063 24.857332229614257813 24.818666458129882813 25.003999710083007813
27.503999710083007813 27.45800018310546875 27.420000076293945313 27.338666915893554688 27.3079986572265625 27.245998382568359375 27.218000411987304688 27.215333938598632813 27.16266632080078125 27.040666580200195313 26.951999664306640625 26.885999679565429688 26.745332717895507813 26.571332931518554688 26.541332244873046875 26.228000640869140625 25.808000564575195313 25.978666305541992188 25.996000289916992188 25.9980010986328125 25.672666549682617188 25.95600128173828125 26.119333267211914063 25.993999481201171875 25.83066558837890625 25.685333251953125 25.56999969482421875 25.731332778930664063 25.383333206176757813 25.131334304809570313 25.00333404541015625 24.933332443237304688 24.855998992919921875 24.936000823974609375 24.8040008544921875 24.507333755493164063 24.544000625610351563 24.868000030517578125 25.192667007446289063 24.929332733154296875 24.720001220703125 24.557332992553710938 24.535999298095703125 24.70800018310546875 24.829332351684570313 24.923999786376953125 25.006666183471679688 24.92133331298828125 25.060667037963867188
27.490667343139648438 27.493333816528320313 27.478666305541992188 27.444000244140625 27.352666854858398438 27.366001129150390625 27.298000335693359375 27.275333404541015625 27.256000518798828125 27.19066619873046875 27.1013336181640625 27.015333175659179688 26.84799957275390625 26.714000701904296875 26.696666717529296875 26.535333633422851563 26.266000747680664063 26.149999618530273438 26.0666656494140625 25.913999557495117188 25.88466644287109375 26.038000106811523438 26.25 26.161998748779296875 25.855333328247070313 25.538000106811523438 25.611333847045898438 25.879999160766601563 25.585332870483398438 25.34799957275390625 25.3339996337890625 25.288665771484375 25.1486663818359375 24.956666946411132813 24.827333450317382813 24.763334274291992188 24.736667633056640625 25.049333572387695313 25.130666732788085938 24.8253326416015625 24.83533477783203125 24.728000640869140625 24.621334075927734375 24.721332550048828125 24.869333267211914063 24.9913330078125 25.119998931884765625 24.984666824340820313 25.105998992919921875
27.55733489990234375 27.523334503173828125 27.51599884033203125 27.499332427978515625 27.436666488647460938 27.426666259765625 27.338666915893554688 27.3166656494140625 27.32866668701171875 27.2566680908203125 27.159999847412109375 27.006666183471679688 26.879999160766601563 26.832000732421875 26.822666168212890625 26.699998855590820313 26.532667160034179688 26.414667129516601563 26.189332962036132813 26.03333282470703125 26.125333786010742188 26.211999893188476563 26.309999465942382813 26.196001052856445313 25.94933319091796875 25.696666717529296875 25.90533447265625 25.993999481201171875 25.799333572387695313 25.571332931518554688 25.500667572021484375 25.391332626342773438 25.170000076293945313 25.071332931518554688 24.84600067138671875 25.011999130249023438 25.004667282104492188 25.191333770751953125 25.118665695190429688 24.89333343505859375 24.7393341064453125 24.58733367919921875 24.62599945068359375 24.7953338623046875 24.900667190551757813 25.034000396728515625 25.189998626708984375 25.13800048828125 25.14666748046875
27.549333572387695313 27.474666595458984375 27.384000778198242188 27.427999496459960938 27.492666244506835938 27.513332366943359375 27.40200042724609375 27.323999404907226563 27.357332229614257813 27.285333633422851563 27.147333145141601563 27.099334716796875 26.998666763305664063 26.838666915893554688 26.787334442138671875 26.707334518432617188 26.60333251953125 26.479333877563476563 26.355998992919921875 26.279998779296875 26.3426666259765625 26.42333221435546875 26.37799835205078125 26.247999191284179688 25.876667022705078125 25.720666885375976563 25.901332855224609375 25.982666015625 25.87400054931640625 25.6226654052734375 25.44933319091796875 25.33066558837890625 25.278667449951171875 25.267333984375 25.063333511352539063 25.14333343505859375 25.257999420166015625 25.21866607666015625 24.873332977294921875 24.735332489013671875 24.701333999633789063 24.665332794189453125 24.762666702270507813 24.8126678466796875 24.99466705322265625 25.196666717529296875 25.247999191284179688 25.300001144409179688 25.121334075927734375
27.467332839965820313 27.445333480834960938 27.40200042724609375 27.442667007446289063 27.446666717529296875 27.52266693115234375 27.460000991821289063 27.414667129516601563 27.383998870849609375 27.307332992553710938 27.200666427612304688 27.15399932861328125 27.021333694458007813 26.78333282470703125 26.708667755126953125 26.715999603271484375 26.746000289916992188 26.651332855224609375 26.54866790771484375 26.354000091552734375 26.2693328857421875 26.288665771484375 26.116666793823242188 26.053333282470703125 25.960666656494140625 25.965333938598632813 26.076000213623046875 25.976667404174804688 25.827333450317382813 25.564666748046875 25.4073333740234375 25.295999526977539063 25.35333251953125 25.4373321533203125 25.380666732788085938 25.193332672119140625 25.357999801635742188 25.194665908813476563 24.850666046142578125 24.833333969116210938 24.9333343505859375 24.9073333740234375 24.962665557861328125 24.953332901000976563 25.109333038330078125 25.338665008544921875 25.270666122436523438 25.245332717895507813 25.19933319091796875
27.486667633056640625 27.441999435424804688 27.434000015258789063 27.461334228515625 27.4720001220703125 27.520000457763671875 27.44066619873046875 27.402667999267578125 27.392000198364257813 27.355998992919921875 27.30066680908203125 27.232000350952148438 27.004665374755859375 26.722667694091796875 26.682666778564453125 26.822666168212890625 26.700666427612304688 26.524000167846679688 26.447999954223632813 26.33933258056640625 26.044000625610351563 25.875331878662109375 25.705999374389648438 25.640666961669921875 25.94066619873046875 26.08599853515625 26.08599853515625 25.985332489013671875 25.694000244140625 25.546001434326171875 25.460666656494140625 25.271999359130859375 25.320667266845703125 25.354665756225585938 25.493333816528320313 25.423999786376953125 25.341333389282226563 25.077333450317382813 24.79000091552734375 24.885999679565429688 25.024000167846679688 25.125333786010742188 25.16066741943359375 25.22533416748046875 25.343999862670898438 25.3986663818359375 25.327333450317382813 25.25333404541015625 25.37599945068359375
