data/tempwarmq.asc
ncols        384
nrows        480
xllcorner    138.000000000000
yllcorner    -29.000000000000
cellsize     0.041666666667
NODATA_value -9999
[rows 132 to 153 of 480, columns 98 to 146 of 384]
28.530000686645507813 28.532667160034179688 28.529333114624023438 28.55266571044921875 28.592000961303710938 28.64666748046875 28.670000076293945313 28.651332855224609375 28.617334365844726563 28.557332992553710938 28.534000396728515625 28.469333648681640625 28.356000900268554688 28.288665771484375 28.263332366943359375 28.395999908447265625 28.377332687377929688 28.348667144775390625 28.34799957275390625 28.25 28.070667266845703125 28.065332412719726563 27.579999923706054688 27.435333251953125 27.770666122436523438 27.9980010986328125 28.058666229248046875 27.96533203125 27.876667022705078125 27.764667510986328125 27.602666854858398438 27.548000335693359375 27.378000259399414063 27.374666213989257813 28.0753326416015625 28.080667495727539063 28.271999359130859375 28.194000244140625 28.432001113891601563 28.636667251586914063 28.694665908813476563 28.635999679565429688 28.676000595092773438 28.805999755859375 28.764667510986328125 28.710666656494140625 28.694667816162109375 28.69733428955078125 28.7046661376953125
28.521333694458007813 28.547332763671875 28.577333450317382813 28.6273345947265625 28.7133331298828125 28.760667800903320313 28.7306671142578125 28.700000762939453125 28.675333023071289063 28.61199951171875 28.574665069580078125 28.541332244873046875 28.41266632080078125 28.373332977294921875 28.334667205810546875 28.252666473388671875 28.22733306884765625 28.303998947143554688 28.322000503540039063 28.243333816528320313 28.18866729736328125 28.045999526977539063 27.958665847778320313 27.901332855224609375 28.010000228881835938 28.097333908081054688 28.086666107177734375 27.997999191284179688 27.917333602905273438 27.785333633422851563 27.658000946044921875 27.648000717163085938 27.573333740234375 27.558666229248046875 28.090665817260742188 28.242000579833984375 28.180665969848632813 28.121332168579101563 28.373332977294921875 28.59799957275390625 28.67133331298828125 28.558000564575195313 28.554666519165039063 28.7519989013671875 28.722667694091796875 28.622667312622070313 28.635334014892578125 28.697999954223632813 28.682666778564453125
28.627332687377929688 28.679332733154296875 28.756666183471679688 28.824666976928710938 28.894001007080078125 28.89133453369140625 28.878000259399414063 28.826000213623046875 28.79000091552734375 28.719333648681640625 28.665332794189453125 28.598667144775390625 28.558000564575195313 28.582000732421875 28.500667572021484375 28.36733245849609375 28.35466766357421875 28.3426666259765625 28.2953338623046875 28.257999420166015625 28.21866607666015625 28.010000228881835938 28.014667510986328125 28.146665573120117188 28.162000656127929688 28.055332183837890625 28.046665191650390625 28.025333404541015625 27.90399932861328125 27.776666641235351563 27.764667510986328125 27.7480010986328125 27.58733367919921875 27.58733367919921875 28.161998748779296875 28.35666656494140625 28.312665939331054688 28.36533355712890625 28.49466705322265625 28.644664764404296875 28.691333770751953125 28.602001190185546875 28.49666595458984375 28.607334136962890625 28.66933441162109375 28.609333038330078125 28.567333221435546875 28.593999862670898438 28.633998870849609375
28.781999588012695313 28.773332595825195313 28.798000335693359375 28.822666168212890625 28.848667144775390625 28.913999557495117188 28.934000015258789063 28.9420013427734375 28.909999847412109375 28.817333221435546875 28.7586669921875 28.691333770751953125 28.653333663940429688 28.667333602905273438 28.569334030151367188 28.437334060668945313 28.379999160766601563 28.40533447265625 28.34799957275390625 28.307332992553710938 28.329999923706054688 28.287334442138671875 28.309999465942382813 28.251333236694335938 28.131999969482421875 28.128665924072265625 28.166666030883789063 28.13800048828125 28.01399993896484375 27.861333847045898438 27.822666168212890625 27.693332672119140625 27.579999923706054688 28.102666854858398438 28.29000091552734375 28.43199920654296875 28.504667282104492188 28.44933319091796875 28.573999404907226563 28.719333648681640625 28.789333343505859375 28.691333770751953125 28.516666412353515625 28.593334197998046875 28.689332962036132813 28.69733428955078125 28.619998931884765625 28.523332595825195313 28.597333908081054688
28.83066558837890625 28.803333282470703125 28.803333282470703125 28.843999862670898438 28.857999801635742188 28.91266632080078125 28.945333480834960938 28.962667465209960938 28.908666610717773438 28.824666976928710938 28.809999465942382813 28.812000274658203125 28.781999588012695313 28.714000701904296875 28.6013336181640625 28.500667572021484375 28.4633331298828125 28.5193328857421875 28.489999771118164063 28.34799957275390625 28.332666397094726563 28.368000030517578125 28.38266754150390625 28.28466796875 28.194000244140625 28.25533294677734375 28.252666473388671875 28.186666488647460938 28.090665817260742188 27.975999832153320313 27.886667251586914063 27.7133331298828125 27.572666168212890625 28.104000091552734375 28.388666152954101563 28.495332717895507813 28.586000442504882813 28.554666519165039063 28.60333251953125 28.688665390014648438 28.763334274291992188 28.722665786743164063 28.604665756225585938 28.681333541870117188 28.769998550415039063 28.756666183471679688 28.659332275390625 28.57866668701171875 28.590667724609375
28.934000015258789063 28.928667068481445313 28.94733428955078125 29.002666473388671875 28.97733306884765625 28.950666427612304688 28.932001113891601563 28.912000656127929688 28.866666793823242188 28.841333389282226563 28.812665939331054688 28.829334259033203125 28.837999343872070313 28.736667633056640625 28.65200042724609375 28.5753326416015625 28.55933380126953125 28.573999404907226563 28.599332809448242188 28.417333602905273438 28.33733367919921875 28.376667022705078125 28.340667724609375 28.2693328857421875 28.243999481201171875 28.297332763671875 28.277332305908203125 28.22933197021484375 28.19066619873046875 28.083333969116210938 28.013334274291992188 27.890666961669921875 27.891332626342773438 28.25 28.476665496826171875 28.535333633422851563 28.647333145141601563 28.62933349609375 28.667331695556640625 28.6786651611328125 28.715333938598632813 28.762666702270507813 28.683332443237304688 28.72933197021484375 28.799333572387695313 28.7606658935546875 28.693332672119140625 28.667999267578125 28.610668182373046875
29.11733245849609375 29.107334136962890625 29.118000030517578125 29.064001083374023438 28.974666595458984375 28.883998870849609375 28.8986663818359375 28.848667144775390625 28.843334197998046875 28.855998992919921875 28.841333389282226563 28.801332473754882813 28.76399993896484375 28.720666885375976563 28.691999435424804688 28.645999908447265625 28.58599853515625 28.502666473388671875 28.574666976928710938 28.441333770751953125 28.421998977661132813 28.422000885009765625 28.331333160400390625 28.222665786743164063 28.292667388916015625 28.313333511352539063 28.261333465576171875 28.259332656860351563 28.208665847778320313 28.064666748046875 28.064001083374023438 28.035333633422851563 28.340667724609375 28.457334518432617188 28.523332595825195313 28.57866668701171875 28.668666839599609375 28.677999496459960938 28.654666900634765625 28.718000411987304688 28.79399871826171875 28.843334197998046875 28.75533294677734375 28.7433319091796875 28.774000167846679688 28.725999832153320313 28.71666717529296875 28.6873321533203125 28.607999801635742188
28.997999191284179688 29.029333114624023438 28.986667633056640625 28.914667129516601563 28.87599945068359375 28.826665878295898438 28.856000900268554688 28.827333450317382813 28.782667160034179688 28.764665603637695313 28.76599884033203125 28.753999710083007813 28.749332427978515625 28.74666595458984375 28.74666595458984375 28.712667465209960938 28.668666839599609375 28.5926666259765625 28.559331893920898438 28.4893341064453125 28.481332778930664063 28.46866607666015625 28.400667190551757813 28.33599853515625 28.35866546630859375 28.35666656494140625 28.285999298095703125 28.31800079345703125 28.237333297729492188 28.06999969482421875 28.0753326416015625 28.039333343505859375 28.13666534423828125 28.3860015869140625 28.495332717895507813 28.570667266845703125 28.610666275024414063 28.563333511352539063 28.618000030517578125 28.693332672119140625 28.825334548950195313 28.878665924072265625 28.829999923706054688 28.800001144409179688 28.729999542236328125 28.700666427612304688 28.76599884033203125 28.719333648681640625 28.605333328247070313
28.979999542236328125 28.99466705322265625 28.947999954223632813 28.89533233642578125 28.831333160400390625 28.827333450317382813 28.814666748046875 28.862667083740234375 28.857999801635742188 28.79199981689453125 28.785999298095703125 28.823999404907226563 28.8513336181640625 28.863332748413085938 28.833332061767578125 28.788000106811523438 28.72533416748046875 28.667333602905273438 28.579999923706054688 28.492000579833984375 28.471998214721679688 28.48799896240234375 28.479999542236328125 28.493333816528320313 28.447999954223632813 28.427333831787109375 28.420667648315429688 28.3339996337890625 28.189332962036132813 28.054668426513671875 28.090000152587890625 28.049333572387695313 27.929332733154296875 28.297332763671875 28.527334213256835938 28.583332061767578125 28.635999679565429688 28.611331939697265625 28.560667037963867188 28.691333770751953125 28.83599853515625 28.852001190185546875 28.832666397094726563 28.77266693115234375 28.709333419799804688 28.694665908813476563 28.762666702270507813 28.75333404541015625 28.654666900634765625
29.017333984375 29.0086669921875 28.993333816528320313 28.93000030517578125 28.873332977294921875 28.878665924072265625 28.864000320434570313 28.861333847045898438 28.82666778564453125 28.797332763671875 28.832666397094726563 28.866666793823242188 28.871334075927734375 28.83533477783203125 28.787334442138671875 28.728000640869140625 28.723333358764648438 28.705333709716796875 28.635999679565429688 28.59600067138671875 28.555999755859375 28.546667098999023438 28.510667800903320313 28.516000747680664063 28.4720001220703125 28.4720001220703125 28.423334121704101563 28.34600067138671875 28.187999725341796875 28.1186676025390625 28.098667144775390625 28.087999343872070313 28.021999359130859375 28.161333084106445313 28.40200042724609375 28.574666976928710938 28.631999969482421875 28.516666412353515625 28.397333145141601563 28.557332992553710938 28.765333175659179688 28.785333633422851563 28.8040008544921875 28.726665496826171875 28.68199920654296875 28.709333419799804688 28.75333404541015625 28.775333404541015625 28.7046661376953125
29.076665878295898438 29.044000625610351563 28.98400115966796875 28.941333770751953125 28.91266632080078125 28.917333602905273438 28.884000778198242188 28.884000778198242188 28.840000152587890625 28.773332595825195313 28.739999771118164063 28.761333465576171875 28.776666641235351563 28.760000228881835938 28.78133392333984375 28.827333450317382813 28.76200103759765625 28.723333358764648438 28.676666259765625 28.638666152954101563 28.657999038696289063 28.629999160766601563 28.531999588012695313 28.521999359130859375 28.493333816528320313 28.502666473388671875 28.43000030517578125 28.394666671752929688 28.28333282470703125 28.24466705322265625 28.138666152954101563 28.110666275024414063 28.235334396362304688 28.29000091552734375 28.38800048828125 28.538665771484375 28.58933258056640625 28.53333282470703125 28.454000473022460938 28.560667037963867188 28.675333023071289063 28.700666427612304688 28.753999710083007813 28.676666259765625 28.65399932861328125 28.695331573486328125 28.739999771118164063 28.728666305541992188 28.73600006103515625
29.191333770751953125 29.0753326416015625 29.052667617797851563 29.086000442504882813 29.12933349609375 29.097333908081054688 28.94066619873046875 28.888666152954101563 28.855333328247070313 28.820667266845703125 28.756666183471679688 28.794666290283203125 28.809999465942382813 28.740665435791015625 28.74466705322265625 28.782667160034179688 28.747333526611328125 28.712667465209960938 28.6399993896484375 28.61199951171875 28.68000030517578125 28.667333602905273438 28.62400054931640625 28.53133392333984375 28.525333404541015625 28.492000579833984375 28.482666015625 28.459333419799804688 28.3339996337890625 28.261999130249023438 28.197332382202148438 28.29199981689453125 28.389333724975585938 28.450666427612304688 28.369333267211914063 28.4720001220703125 28.535333633422851563 28.599332809448242188 28.57199859619140625 28.607334136962890625 28.733333587646484375 28.789333343505859375 28.76599884033203125 28.715333938598632813 28.67333221435546875 28.702665328979492188 28.697332382202148438 28.676666259765625 28.7306671142578125
29.168001174926757813 29.179332733154296875 29.119333267211914063 29.175333023071289063 29.198665618896484375 29.072666168212890625 28.937999725341796875 28.888666152954101563 28.84799957275390625 28.8126678466796875 28.843999862670898438 28.856000900268554688 28.809999465942382813 28.789333343505859375 28.854665756225585938 28.883998870849609375 28.8339996337890625 28.767333984375 28.684667587280273438 28.733333587646484375 28.78133392333984375 28.759998321533203125 28.700666427612304688 28.598667144775390625 28.586000442504882813 28.56800079345703125 28.577999114990234375 28.517999649047851563 28.349332809448242188 28.291334152221679688 28.299999237060546875 28.349332809448242188 28.481334686279296875 28.531999588012695313 28.534666061401367188 28.55933380126953125 28.610666275024414063 28.654001235961914063 28.59799957275390625 28.523332595825195313 28.671998977661132813 28.747333526611328125 28.700666427612304688 28.710000991821289063 28.691333770751953125 28.662000656127929688 28.64533233642578125 28.687999725341796875 28.732666015625
29.221332550048828125 29.234666824340820313 29.201999664306640625 29.19266510009765625 29.127332687377929688 29.020000457763671875 28.983999252319335938 28.937999725341796875 28.915332794189453125 28.92800140380859375 28.952001571655273438 28.94066619873046875 28.8986663818359375 28.877332687377929688 28.94733428955078125 28.94266510009765625 28.906665802001953125 28.816667556762695313 28.785999298095703125 28.812000274658203125 28.83066558837890625 28.806665420532226563 28.734666824340820313 28.697332382202148438 28.630666732788085938 28.61333465576171875 28.63666534423828125 28.584667205810546875 28.493333816528320313 28.417333602905273438 28.392665863037109375 28.482666015625 28.579999923706054688 28.6313323974609375 28.655332565307617188 28.667333602905273438 28.71666717529296875 28.696001052856445313 28.446666717529296875 28.497333526611328125 28.638666152954101563 28.687334060668945313 28.68866729736328125 28.690000534057617188 28.703332901000976563 28.63800048828125 28.63466644287109375 28.711334228515625 28.764667510986328125
29.33733367919921875 29.351999282836914063 29.275999069213867188 29.214000701904296875 29.122667312622070313 28.970666885375976563 28.954000473022460938 28.959333419799804688 28.999332427978515625 29.001333236694335938 28.983333587646484375 28.978666305541992188 28.985332489013671875 29.002000808715820313 28.98799896240234375 28.9913330078125 28.939998626708984375 28.906665802001953125 28.888666152954101563 28.869333267211914063 28.832666397094726563 28.825998306274414063 28.775333404541015625 28.755998611450195313 28.712665557861328125 28.64666748046875 28.609333038330078125 28.535333633422851563 28.464666366577148438 28.392667770385742188 28.4893341064453125 28.605998992919921875 28.682666778564453125 28.692667007446289063 28.70999908447265625 28.719999313354492188 28.715999603271484375 28.55933380126953125 28.3686676025390625 28.507999420166015625 28.628000259399414063 28.672666549682617188 28.650667190551757813 28.647998809814453125 28.684665679931640625 28.628665924072265625 28.640666961669921875 28.698667526245117188 28.765333175659179688
29.399999618530273438 29.44733428955078125 29.374666213989257813 29.266000747680664063 29.11733245849609375 29.04000091552734375 28.99466705322265625 28.987333297729492188 29.015333175659179688 29.045999526977539063 29.041334152221679688 29.04000091552734375 29.076000213623046875 29.074666976928710938 29.088666915893554688 29.049333572387695313 28.993999481201171875 29.003999710083007813 28.992666244506835938 28.913333892822265625 28.889331817626953125 28.857332229614257813 28.812665939331054688 28.81133270263671875 28.797332763671875 28.69933319091796875 28.571332931518554688 28.503999710083007813 28.420667648315429688 28.378665924072265625 28.531999588012695313 28.604000091552734375 28.63800048828125 28.682666778564453125 28.675333023071289063 28.721332550048828125 28.70800018310546875 28.514667510986328125 28.35333251953125 28.428667068481445313 28.57866668701171875 28.636667251586914063 28.590667724609375 28.576665878295898438 28.604000091552734375 28.530666351318359375 28.601999282836914063 28.728666305541992188 28.751333236694335938
29.430665969848632813 29.474666595458984375 29.418666839599609375 29.290666580200195313 29.13466644287109375 29.100666046142578125 29.070667266845703125 29.065332412719726563 29.092000961303710938 29.118000030517578125 29.10666656494140625 29.13466644287109375 29.1486663818359375 29.165332794189453125 29.18199920654296875 29.159999847412109375 29.1139984130859375 29.081333160400390625 29.06133270263671875 28.97733306884765625 28.932666778564453125 28.899333953857421875 28.840665817260742188 28.82866668701171875 28.78333282470703125 28.724666595458984375 28.626667022705078125 28.548000335693359375 28.447999954223632813 28.432666778564453125 28.590667724609375 28.589334487915039063 28.672666549682617188 28.697999954223632813 28.6746673583984375 28.746000289916992188 28.764665603637695313 28.554666519165039063 28.372667312622070313 28.433332443237304688 28.5540008544921875 28.611333847045898438 28.553333282470703125 28.591333389282226563 28.612667083740234375 28.570667266845703125 28.637332916259765625 28.719333648681640625 28.681333541870117188
29.492000579833984375 29.5279998779296875 29.46533203125 29.308000564575195313 29.182666778564453125 29.162000656127929688 29.163999557495117188 29.158000946044921875 29.104000091552734375 29.109333038330078125 29.107999801635742188 29.1273345947265625 29.181333541870117188 29.22933197021484375 29.24466705322265625 29.224666595458984375 29.203332901000976563 29.142000198364257813 29.06800079345703125 28.962667465209960938 28.899999618530273438 28.92333221435546875 28.928667068481445313 28.87066650390625 28.809999465942382813 28.770666122436523438 28.752666473388671875 28.682666778564453125 28.52466583251953125 28.53133392333984375 28.521999359130859375 28.5066680908203125 28.698665618896484375 28.736665725708007813 28.74666595458984375 28.7866668701171875 28.711999893188476563 28.49466705322265625 28.308666229248046875 28.42133331298828125 28.568668365478515625 28.530666351318359375 28.5433349609375 28.571332931518554688 28.584667205810546875 28.628000259399414063 28.635334014892578125 28.697999954223632813 28.641332626342773438
29.510000228881835938 29.483333587646484375 29.476665496826171875 29.338666915893554688 29.26599884033203125 29.240665435791015625 29.250665664672851563 29.243333816528320313 29.193332672119140625 29.186000823974609375 29.186666488647460938 29.19533538818359375 29.229333877563476563 29.269998550415039063 29.247333526611328125 29.233331680297851563 29.233999252319335938 29.200666427612304688 29.13800048828125 29.06999969482421875 29.02066802978515625 29.029333114624023438 29.000667572021484375 28.92133331298828125 28.8600006103515625 28.824001312255859375 28.839334487915039063 28.789333343505859375 28.70999908447265625 28.636667251586914063 28.624666213989257813 28.586666107177734375 28.6486663818359375 28.748666763305664063 28.745332717895507813 28.780000686645507813 28.659332275390625 28.268667221069335938 28.22533416748046875 28.365999221801757813 28.499334335327148438 28.442667007446289063 28.46866607666015625 28.446666717529296875 28.4933319091796875 28.602666854858398438 28.64333343505859375 28.684000015258789063 28.618665695190429688
29.4739990234375 29.430665969848632813 29.488000869750976563 29.411333084106445313 29.364000320434570313 29.333333969116210938 29.332666397094726563 29.316667556762695313 29.272001266479492188 29.268001556396484375 29.242666244506835938 29.22733306884765625 29.2220001220703125 29.257999420166015625 29.222667694091796875 29.23799896240234375 29.290666580200195313 29.284000396728515625 29.282667160034179688 29.192667007446289063 29.10333251953125 29.0540008544921875 28.988666534423828125 28.936666488647460938 28.927999496459960938 28.918666839599609375 28.90200042724609375 28.85866546630859375 28.82199859619140625 28.773332595825195313 28.789333343505859375 28.720001220703125 28.670000076293945313 28.686000823974609375 28.624666213989257813 28.675333023071289063 28.588001251220703125 28.093332290649414063 28.130666732788085938 28.345333099365234375 28.402666091918945313 28.3773345947265625 28.413333892822265625 28.417333602905273438 28.46866607666015625 28.56133270263671875 28.595333099365234375 28.627332687377929688 28.618000030517578125
29.465999603271484375 29.486665725708007813 29.511333465576171875 29.4459991455078125 29.405332565307617188 29.384000778198242188 29.36333465576171875 29.322000503540039063 29.30066680908203125 29.2693328857421875 29.245334625244140625 29.2306671142578125 29.22733306884765625 29.239999771118164063 29.260000228881835938 29.306667327880859375 29.340000152587890625 29.34799957275390625 29.302000045776367188 29.184667587280273438 29.108001708984375 29.048666000366210938 29.017333984375 29.0086669921875 28.957998275756835938 28.959333419799804688 28.950000762939453125 28.920665740966796875 28.8986663818359375 28.87599945068359375 28.843999862670898438 28.767333984375 28.721332550048828125 28.633998870849609375 28.52066802978515625 28.626667022705078125 28.525333404541015625 28.047332763671875 28.186666488647460938 28.335332870483398438 28.397998809814453125 28.4459991455078125 28.408664703369140625 28.37599945068359375 28.414667129516601563 28.555999755859375 28.512664794921875 28.5019989013671875 28.544666290283203125
29.492000579833984375 29.498666763305664063 29.47733306884765625 29.478000640869140625 29.43000030517578125 29.444667816162109375 29.381999969482421875 29.343334197998046875 29.30733489990234375 29.299333572387695313 29.314666748046875 29.298000335693359375 29.306665420532226563 29.305999755859375 29.324665069580078125 29.383333206176757813 29.36333465576171875 29.341333389282226563 29.271333694458007813 29.217998504638671875 29.194665908813476563 29.133333206176757813 29.086000442504882813 29.059999465942382813 29.024000167846679688 28.988000869750976563 28.964666366577148438 28.927999496459960938 28.8686676025390625 28.841999053955078125 28.802000045776367188 28.712665557861328125 28.693332672119140625 28.648000717163085938 28.567998886108398438 28.590665817260742188 28.425333023071289063 27.961334228515625 28.124668121337890625 28.321332931518554688 28.42333221435546875 28.464666366577148438 28.430665969848632813 28.3600006103515625 28.3813323974609375 28.540666580200195313 28.474666595458984375 28.368000030517578125 28.461999893188476563
