data/tempcoldq.asc
ncols        384
nrows        480
xllcorner    138.000000000000
yllcorner    -29.000000000000
cellsize     0.041666666667
NODATA_value -9999
[rows 154 to 175 of 480, columns 98 to 146 of 384]
24.097332000732421875 23.96866607666015625 23.761333465576171875 23.678667068481445313 23.610666275024414063 23.647998809814453125 23.52933502197265625 23.378000259399414063 23.334667205810546875 23.374666213989257813 23.440000534057617188 23.38800048828125 23.358667373657226563 23.357999801635742188 23.4160003662109375 23.51399993896484375 23.56133270263671875 23.521999359130859375 23.451333999633789063 23.409332275390625 23.397333145141601563 23.340665817260742188 23.3040008544921875 23.273332595825195313 23.214666366577148438 23.210666656494140625 23.177333831787109375 23.069334030151367188 23.042667388916015625 23.077333450317382813 23.076665878295898438 22.985332489013671875 22.99666595458984375 22.957332611083984375 22.928667068481445313 22.807332992553710938 22.488666534423828125 22.0926666259765625 22.167333602905273438 22.2779998779296875 22.461999893188476563 22.621999740600585938 22.68866729736328125 22.684667587280273438 22.676000595092773438 22.835332870483398438 22.877332687377929688 22.7133331298828125 22.765333175659179688
23.88666534423828125 23.992666244506835938 23.841999053955078125 23.75733184814453125 23.684000015258789063 23.642665863037109375 23.475999832153320313 23.366666793823242188 23.37599945068359375 23.422000885009765625 23.418001174926757813 23.436000823974609375 23.44933319091796875 23.479333877563476563 23.572000503540039063 23.5540008544921875 23.368000030517578125 23.278667449951171875 23.25 23.284666061401367188 23.409334182739257813 23.37933349609375 23.284000396728515625 23.2519989013671875 23.184000015258789063 23.13466644287109375 23.090665817260742188 23.00333404541015625 22.926000595092773438 22.979333877563476563 23.018667221069335938 22.998666763305664063 22.95999908447265625 22.958665847778320313 22.876667022705078125 22.495332717895507813 21.972667694091796875 21.976665496826171875 22.16066741943359375 22.29199981689453125 22.528667449951171875 22.694000244140625 22.714000701904296875 22.715333938598632813 22.733999252319335938 22.795999526977539063 22.84799957275390625 22.577999114990234375 22.777332305908203125
23.649999618530273438 23.80066680908203125 23.715999603271484375 23.759332656860351563 23.68000030517578125 23.633333206176757813 23.565999984741210938 23.517333984375 23.475999832153320313 23.521999359130859375 23.593334197998046875 23.667333602905273438 23.743999481201171875 23.761999130249023438 23.621334075927734375 23.390666961669921875 23.21666717529296875 23.179332733154296875 23.195333480834960938 23.211334228515625 23.306667327880859375 23.288000106811523438 23.18866729736328125 23.239332199096679688 23.211334228515625 23.100000381469726563 23.017999649047851563 22.944667816162109375 22.812000274658203125 22.764667510986328125 22.887332916259765625 22.885999679565429688 22.894001007080078125 22.902666091918945313 22.739999771118164063 22.111333847045898438 21.679332733154296875 21.746000289916992188 22.04866790771484375 22.343334197998046875 22.5453338623046875 22.678667068481445313 22.711999893188476563 22.721332550048828125 22.694667816162109375 22.6660003662109375 22.743333816528320313 22.791334152221679688 22.829334259033203125
23.395999908447265625 23.69733428955078125 23.675333023071289063 23.778667449951171875 23.801332473754882813 23.6486663818359375 23.60333251953125 23.607334136962890625 23.5926666259765625 23.65599822998046875 23.719999313354492188 23.771333694458007813 23.68866729736328125 23.47533416748046875 23.354000091552734375 23.284000396728515625 23.229999542236328125 23.159332275390625 23.170665740966796875 23.19933319091796875 23.208665847778320313 23.183332443237304688 23.1746673583984375 23.205999374389648438 23.14333343505859375 23.052000045776367188 23.003999710083007813 22.93199920654296875 22.828001022338867188 22.762666702270507813 22.626667022705078125 22.571332931518554688 22.69733428955078125 22.670665740966796875 22.30266571044921875 21.835332870483398438 21.59600067138671875 21.617334365844726563 21.846666336059570313 22.063999176025390625 22.204000473022460938 22.408666610717773438 22.526666641235351563 22.56800079345703125 22.591333389282226563 22.647333145141601563 22.796667098999023438 22.8986663818359375 22.779333114624023438
23.11199951171875 23.488000869750976563 23.604000091552734375 23.687999725341796875 23.795999526977539063 23.63466644287109375 23.568666458129882813 23.579332351684570313 23.601999282836914063 23.587999343872070313 23.594667434692382813 23.649333953857421875 23.659999847412109375 23.543333053588867188 23.391332626342773438 23.31999969482421875 23.296667098999023438 23.237333297729492188 23.19066619873046875 23.16066741943359375 23.0926666259765625 23.057332992553710938 23.15200042724609375 23.1100006103515625 23.069334030151367188 22.987333297729492188 22.908666610717773438 22.8686676025390625 22.841333389282226563 22.736667633056640625 22.554666519165039063 22.371999740600585938 22.247333526611328125 22.293333053588867188 21.905332565307617188 21.763332366943359375 21.732000350952148438 21.796667098999023438 21.899999618530273438 21.982000350952148438 22.122667312622070313 22.28333282470703125 22.351999282836914063 22.411998748779296875 22.473333358764648438 22.59466552734375 22.75333404541015625 22.661333084106445313 22.515333175659179688
22.909334182739257813 23.198665618896484375 23.420665740966796875 23.578001022338867188 23.658000946044921875 23.6100006103515625 23.54199981689453125 23.537334442138671875 23.538000106811523438 23.474000930786132813 23.4720001220703125 23.639333724975585938 23.780000686645507813 23.768667221069335938 23.659332275390625 23.436666488647460938 23.312000274658203125 23.22533416748046875 23.1399993896484375 23.07666778564453125 23.03333282470703125 23.06999969482421875 23.13266754150390625 23.102001190185546875 23.009332656860351563 22.944667816162109375 22.84466552734375 22.843332290649414063 22.812665939331054688 22.742666244506835938 22.464000701904296875 22.171998977661132813 21.91933441162109375 21.972667694091796875 21.928667068481445313 21.941333770751953125 22.077333450317382813 22.196666717529296875 22.254667282104492188 22.24666595458984375 22.232666015625 22.176666259765625 22.242666244506835938 22.37400054931640625 22.4633331298828125 22.56133270263671875 22.7220001220703125 22.595333099365234375 22.295999526977539063
22.878000259399414063 22.950000762939453125 23.203332901000976563 23.542667388916015625 23.591333389282226563 23.537332534790039063 23.482000350952148438 23.481332778930664063 23.567333221435546875 23.555334091186523438 23.507999420166015625 23.57866668701171875 23.729333877563476563 23.836000442504882813 23.8040008544921875 23.65200042724609375 23.527334213256835938 23.323999404907226563 23.2133331298828125 23.231332778930664063 23.1486663818359375 23.095333099365234375 23.01599884033203125 22.959333419799804688 22.926666259765625 22.8686676025390625 22.827333450317382813 22.794666290283203125 22.720001220703125 22.666666030883789063 22.357334136962890625 22.100000381469726563 22.048000335693359375 22.040666580200195313 22.08533477783203125 22.326000213623046875 22.526666641235351563 22.600666046142578125 22.61733245849609375 22.596666336059570313 22.432666778564453125 22.202667236328125 22.150667190551757813 22.31800079345703125 22.530666351318359375 22.445333480834960938 22.64666748046875 22.417333602905273438 22.305334091186523438
22.955333709716796875 22.9073333740234375 22.992666244506835938 23.371332168579101563 23.478666305541992188 23.5106658935546875 23.4980010986328125 23.507333755493164063 23.5453338623046875 23.587999343872070313 23.607334136962890625 23.648000717163085938 23.68000030517578125 23.719333648681640625 23.749334335327148438 23.672666549682617188 23.602666854858398438 23.422666549682617188 23.253999710083007813 23.147333145141601563 23.039333343505859375 22.972665786743164063 22.898000717163085938 22.840000152587890625 22.8600006103515625 22.900667190551757813 22.891332626342773438 22.841999053955078125 22.729333877563476563 22.614000320434570313 22.37066650390625 22.291334152221679688 22.237333297729492188 22.18199920654296875 22.262666702270507813 22.548666000366210938 22.64533233642578125 22.603334426879882813 22.652667999267578125 22.711334228515625 22.593999862670898438 22.275333404541015625 22.178667068481445313 22.403333663940429688 22.526666641235351563 22.346666336059570313 22.54000091552734375 22.516000747680664063 22.376667022705078125
23.031999588012695313 22.93866729736328125 23.016000747680664063 23.25533294677734375 23.429332733154296875 23.443332672119140625 23.450666427612304688 23.481332778930664063 23.501333236694335938 23.54866790771484375 23.619998931884765625 23.656667709350585938 23.633333206176757813 23.6186676025390625 23.624666213989257813 23.557332992553710938 23.5366668701171875 23.37400054931640625 23.172000885009765625 23.060001373291015625 22.951333999633789063 22.92133331298828125 22.843999862670898438 22.804666519165039063 22.862667083740234375 22.87933349609375 22.87400054931640625 22.89533233642578125 22.7953338623046875 22.6486663818359375 22.551334381103515625 22.488666534423828125 22.4160003662109375 22.503999710083007813 22.537334442138671875 22.686666488647460938 22.6660003662109375 22.5366668701171875 22.4739990234375 22.631999969482421875 22.65399932861328125 22.492000579833984375 22.408666610717773438 22.5086669921875 22.517999649047851563 22.37066650390625 22.437334060668945313 22.416666030883789063 22.111333847045898438
23.161333084106445313 22.98600006103515625 22.990667343139648438 23.165332794189453125 23.325334548950195313 23.381334304809570313 23.3986663818359375 23.442667007446289063 23.49666595458984375 23.562000274658203125 23.579999923706054688 23.564666748046875 23.5626678466796875 23.565999984741210938 23.539333343505859375 23.490667343139648438 23.48600006103515625 23.257999420166015625 23.065999984741210938 22.997999191284179688 22.923999786376953125 22.878000259399414063 22.850000381469726563 22.857999801635742188 22.957332611083984375 22.976665496826171875 22.90533447265625 22.908666610717773438 22.911333084106445313 22.762666702270507813 22.67133331298828125 22.659334182739257813 22.602666854858398438 22.77266693115234375 22.843999862670898438 22.8126678466796875 22.712667465209960938 22.599332809448242188 22.415332794189453125 22.398000717163085938 22.45800018310546875 22.542667388916015625 22.547332763671875 22.588666915893554688 22.409999847412109375 22.194665908813476563 22.063333511352539063 22.285999298095703125 21.95800018310546875
23.317333221435546875 23.191333770751953125 23.11199951171875 23.136667251586914063 23.151332855224609375 23.257333755493164063 23.323999404907226563 23.435333251953125 23.492000579833984375 23.549999237060546875 23.542667388916015625 23.495334625244140625 23.507333755493164063 23.538665771484375 23.510000228881835938 23.486665725708007813 23.500665664672851563 23.32666778564453125 23.114665985107421875 23.011999130249023438 22.921998977661132813 22.864665985107421875 22.878665924072265625 22.937999725341796875 23.086666107177734375 23.118000030517578125 23.041334152221679688 23.038000106811523438 22.981332778930664063 22.921998977661132813 22.8600006103515625 22.818666458129882813 22.779333114624023438 22.835332870483398438 22.895999908447265625 22.819334030151367188 22.707332611083984375 22.51399993896484375 22.373332977294921875 22.256000518798828125 22.37400054931640625 22.503999710083007813 22.65200042724609375 22.652666091918945313 22.526666641235351563 22.220666885375976563 21.918666839599609375 21.97733306884765625 21.712665557861328125
23.35866546630859375 23.3813323974609375 23.37066650390625 23.2760009765625 23.159999847412109375 23.18199920654296875 23.21666717529296875 23.352001190185546875 23.452667236328125 23.507333755493164063 23.516666412353515625 23.488666534423828125 23.50533294677734375 23.5540008544921875 23.54000091552734375 23.487333297729492188 23.462667465209960938 23.45999908447265625 23.318666458129882813 23.19066619873046875 23.011333465576171875 22.948665618896484375 22.964666366577148438 22.987333297729492188 23.0839996337890625 23.11533355712890625 23.063333511352539063 22.985332489013671875 22.923999786376953125 22.94066619873046875 22.899333953857421875 22.85666656494140625 22.841333389282226563 22.86199951171875 22.875333786010742188 22.87400054931640625 22.707332611083984375 22.51399993896484375 22.3986663818359375 22.4073333740234375 22.478666305541992188 22.60333251953125 22.732000350952148438 22.746000289916992188 22.693332672119140625 22.524000167846679688 22.181333541870117188 21.8899993896484375 21.879999160766601563
23.340000152587890625 23.354665756225585938 23.4160003662109375 23.3773345947265625 23.31133270263671875 23.193332672119140625 23.154666900634765625 23.232666015625 23.341999053955078125 23.420667648315429688 23.436000823974609375 23.456666946411132813 23.495332717895507813 23.5453338623046875 23.5926666259765625 23.531999588012695313 23.439998626708984375 23.427333831787109375 23.461332321166992188 23.390666961669921875 23.180665969848632813 23.073333740234375 23.012666702270507813 22.96666717529296875 22.98600006103515625 22.9893341064453125 22.935333251953125 22.87933349609375 22.85666656494140625 22.840000152587890625 22.775333404541015625 22.75 22.7606658935546875 22.83066558837890625 22.863332748413085938 22.927999496459960938 22.866666793823242188 22.73799896240234375 22.67133331298828125 22.673999786376953125 22.6660003662109375 22.779333114624023438 22.815334320068359375 22.74666595458984375 22.635999679565429688 22.541334152221679688 22.545999526977539063 22.503999710083007813 22.107334136962890625
23.389333724975585938 23.332000732421875 23.333333969116210938 23.3040008544921875 23.31133270263671875 23.220666885375976563 23.163333892822265625 23.249332427978515625 23.267999649047851563 23.296665191650390625 23.346666336059570313 23.40399932861328125 23.429332733154296875 23.4286651611328125 23.502000808715820313 23.548000335693359375 23.521333694458007813 23.40399932861328125 23.409334182739257813 23.50533294677734375 23.427333831787109375 23.26200103759765625 23.1100006103515625 23.025333404541015625 22.976667404174804688 22.936000823974609375 22.929332733154296875 22.928667068481445313 22.868000030517578125 22.83066558837890625 22.832000732421875 22.798666000366210938 22.799333572387695313 22.84799957275390625 22.819334030151367188 22.832000732421875 22.805334091186523438 22.809999465942382813 22.87599945068359375 22.866666793823242188 22.82666778564453125 22.875333786010742188 22.784666061401367188 22.619333267211914063 22.500667572021484375 22.416666030883789063 22.44733428955078125 22.541334152221679688 22.32866668701171875
23.467332839965820313 23.478666305541992188 23.4160003662109375 23.378665924072265625 23.433332443237304688 23.386667251586914063 23.299333572387695313 23.36733245849609375 23.378665924072265625 23.369333267211914063 23.385999679565429688 23.39333343505859375 23.36533355712890625 23.31800079345703125 23.315999984741210938 23.323999404907226563 23.395999908447265625 23.405332565307617188 23.350666046142578125 23.40200042724609375 23.3773345947265625 23.290666580200195313 23.207332611083984375 23.191333770751953125 23.137332916259765625 23.067998886108398438 23.038000106811523438 23.010000228881835938 22.97733306884765625 23.016666412353515625 23.007999420166015625 22.860666275024414063 22.815334320068359375 22.88466644287109375 22.787332534790039063 22.761999130249023438 22.663999557495117188 22.672666549682617188 22.761999130249023438 22.73600006103515625 22.795999526977539063 22.86199951171875 22.731332778930664063 22.5106658935546875 22.37599945068359375 22.268667221069335938 22.233333587646484375 22.434665679931640625 22.315999984741210938
23.422666549682617188 23.412000656127929688 23.423334121704101563 23.395999908447265625 23.413333892822265625 23.4720001220703125 23.445333480834960938 23.419332504272460938 23.392665863037109375 23.368665695190429688 23.319334030151367188 23.392665863037109375 23.432666778564453125 23.349332809448242188 23.306667327880859375 23.209333419799804688 23.19066619873046875 23.184000015258789063 23.144001007080078125 23.1660003662109375 23.134000778198242188 23.107999801635742188 23.145334243774414063 23.22733306884765625 23.208667755126953125 23.158666610717773438 23.126667022705078125 23.056667327880859375 23.055334091186523438 23.095333099365234375 22.969999313354492188 22.817998886108398438 22.759332656860351563 22.792667388916015625 22.75 22.659332275390625 22.51399993896484375 22.455333709716796875 22.549333572387695313 22.537334442138671875 22.61533355712890625 22.751333236694335938 22.591333389282226563 22.324666976928710938 22.234666824340820313 22.176666259765625 22.114000320434570313 22.310667037963867188 22.127332687377929688
23.3986663818359375 23.376667022705078125 23.383333206176757813 23.374666213989257813 23.376667022705078125 23.434667587280273438 23.441333770751953125 23.436000823974609375 23.39533233642578125 23.392665863037109375 23.36733245849609375 23.409332275390625 23.479999542236328125 23.485334396362304688 23.448667526245117188 23.274000167846679688 23.16266632080078125 23.141332626342773438 23.08933258056640625 23.034000396728515625 22.973333358764648438 22.978000640869140625 23.029333114624023438 23.1313323974609375 23.065999984741210938 23.014667510986328125 23.035333633422851563 23.057332992553710938 23.086000442504882813 23.05266571044921875 22.91933441162109375 22.849332809448242188 22.823333740234375 22.750667572021484375 22.689332962036132813 22.613332748413085938 22.484666824340820313 22.348667144775390625 22.4246673583984375 22.4333343505859375 22.425333023071289063 22.538665771484375 22.474666595458984375 22.197999954223632813 22.118000030517578125 22.072666168212890625 22.094667434692382813 22.156667709350585938 22.03333282470703125
23.332666397094726563 23.303333282470703125 23.2779998779296875 23.287332534790039063 23.323999404907226563 23.387332916259765625 23.383333206176757813 23.388666152954101563 23.394666671752929688 23.434667587280273438 23.456666946411132813 23.448667526245117188 23.447332382202148438 23.45800018310546875 23.454000473022460938 23.415332794189453125 23.27466583251953125 23.150667190551757813 23.1486663818359375 23.11333465576171875 22.985332489013671875 22.941333770751953125 22.948665618896484375 23.034666061401367188 23.02266693115234375 22.957334518432617188 22.979333877563476563 23.079334259033203125 23.086000442504882813 23.01399993896484375 22.954000473022460938 22.87599945068359375 22.81133270263671875 22.7220001220703125 22.634000778198242188 22.56800079345703125 22.42333221435546875 22.369333267211914063 22.372667312622070313 22.32199859619140625 22.3126678466796875 22.332666397094726563 22.474000930786132813 22.228000640869140625 22.114000320434570313 22.04000091552734375 21.988666534423828125 22.039333343505859375 21.666666030883789063
23.357334136962890625 23.307332992553710938 23.243333816528320313 23.263332366943359375 23.282667160034179688 23.32666778564453125 23.323333740234375 23.366666793823242188 23.408000946044921875 23.42133331298828125 23.430665969848632813 23.38466644287109375 23.305334091186523438 23.273332595825195313 23.26399993896484375 23.302667617797851563 23.317333221435546875 23.305334091186523438 23.2413330078125 23.177999496459960938 23.03333282470703125 22.957332611083984375 22.937334060668945313 22.96666717529296875 22.979999542236328125 22.960666656494140625 22.9720001220703125 23.002666473388671875 22.996667861938476563 22.944000244140625 22.905332565307617188 22.854000091552734375 22.743333816528320313 22.656665802001953125 22.627332687377929688 22.553333282470703125 22.475999832153320313 22.38266754150390625 22.313999176025390625 22.265333175659179688 22.240667343139648438 22.37400054931640625 22.513332366943359375 22.31800079345703125 22.19066619873046875 22.0753326416015625 22.002666473388671875 22.100000381469726563 21.693332672119140625
23.344667434692382813 23.371334075927734375 23.350000381469726563 23.287332534790039063 23.314666748046875 23.37599945068359375 23.406667709350585938 23.413999557495117188 23.457332611083984375 23.450666427612304688 23.38800048828125 23.319332122802734375 23.242000579833984375 23.177333831787109375 23.140666961669921875 23.177333831787109375 23.215999603271484375 23.225999832153320313 23.194000244140625 23.232666015625 23.168666839599609375 23.11199951171875 23.083333969116210938 22.997999191284179688 22.94733428955078125 22.996667861938476563 23.024000167846679688 22.964666366577148438 22.93000030517578125 22.904666900634765625 22.857334136962890625 22.821332931518554688 22.767999649047851563 22.661333084106445313 22.6100006103515625 22.574666976928710938 22.478666305541992188 22.368000030517578125 22.357999801635742188 22.348667144775390625 22.313333511352539063 22.437334060668945313 22.565999984741210938 22.442667007446289063 22.308000564575195313 22.201333999633789063 22.200000762939453125 22.288000106811523438 21.876667022705078125
23.38800048828125 23.443332672119140625 23.444665908813476563 23.42133331298828125 23.427999496459960938 23.43866729736328125 23.4333343505859375 23.416666030883789063 23.43866729736328125 23.434000015258789063 23.41066741943359375 23.380001068115234375 23.357334136962890625 23.354665756225585938 23.362667083740234375 23.356000900268554688 23.347332000732421875 23.329332351684570313 23.307332992553710938 23.290666580200195313 23.327333450317382813 23.350000381469726563 23.277332305908203125 23.181333541870117188 23.10866546630859375 23.095333099365234375 23.100000381469726563 23.048666000366210938 22.954000473022460938 22.862667083740234375 22.812000274658203125 22.841999053955078125 22.860666275024414063 22.696666717529296875 22.621999740600585938 22.567333221435546875 22.456666946411132813 22.366666793823242188 22.375333786010742188 22.391332626342773438 22.42133331298828125 22.500667572021484375 22.6746673583984375 22.576000213623046875 22.47533416748046875 22.394666671752929688 22.3426666259765625 22.417999267578125 22.274667739868164063
23.40399932861328125 23.429332733154296875 23.417999267578125 23.479999542236328125 23.482666015625 23.50733184814453125 23.485332489013671875 23.490665435791015625 23.515333175659179688 23.493999481201171875 23.461334228515625 23.451333999633789063 23.434000015258789063 23.45800018310546875 23.507333755493164063 23.443332672119140625 23.4246673583984375 23.476667404174804688 23.44933319091796875 23.4246673583984375 23.474666595458984375 23.530666351318359375 23.420667648315429688 23.28333282470703125 23.192667007446289063 23.08733367919921875 23.014667510986328125 22.9893341064453125 22.955999374389648438 22.95600128173828125 22.999332427978515625 23.068666458129882813 23.010000228881835938 22.808000564575195313 22.645999908447265625 22.594667434692382813 22.532667160034179688 22.523332595825195313 22.427999496459960938 22.315334320068359375 22.415334701538085938 22.582000732421875 22.751333236694335938 22.766666412353515625 22.661333084106445313 22.582000732421875 22.514665603637695313 22.516000747680664063 22.474666595458984375
