data/tempwarmq.asc
ncols        384
nrows        480
xllcorner    138.000000000000
yllcorner    -29.000000000000
cellsize     0.041666666667
NODATA_value -9999
[rows 374 to 395 of 480, columns 0 to 48 of 384]
31.104000091552734375 31.105998992919921875 31.126667022705078125 31.14333343505859375 31.175998687744140625 31.233999252319335938 31.256000518798828125 31.243333816528320313 31.248666763305664063 31.266666412353515625 31.284000396728515625 31.294000625610351563 31.296665191650390625 31.242000579833984375 31.111333847045898438 31.002666473388671875 31.072666168212890625 31.167999267578125 31.18199920654296875 31.1660003662109375 31.1273345947265625 31.0106658935546875 31.05066680908203125 31.081333160400390625 31.119333267211914063 31.170665740966796875 31.194000244140625 31.1486663818359375 31.048666000366210938 30.9893341064453125 31.015333175659179688 31.048000335693359375 31.086666107177734375 31.08933258056640625 31.047998428344726563 31.055999755859375 30.993999481201171875 31.0193328857421875 31.110666275024414063 31.1833343505859375 31.249332427978515625 31.259332656860351563 31.237333297729492188 31.232000350952148438 31.271333694458007813 31.280666351318359375 31.275333404541015625 31.239999771118164063 31.215333938598632813
31.102001190185546875 31.096668243408203125 31.11199951171875 31.13266754150390625 31.167999267578125 31.224666595458984375 31.26599884033203125 31.2866668701171875 31.299999237060546875 31.302000045776367188 31.301334381103515625 31.301334381103515625 31.292667388916015625 31.199998855590820313 31.068666458129882813 31.031999588012695313 31.090000152587890625 31.151332855224609375 31.149333953857421875 31.123332977294921875 31.084667205810546875 30.9806671142578125 30.98799896240234375 31.041334152221679688 31.037334442138671875 31.067333221435546875 31.104000091552734375 31.096666336059570313 31.020000457763671875 30.95800018310546875 31 31.030666351318359375 31.063333511352539063 31.079999923706054688 31.038665771484375 31.031999588012695313 31.056667327880859375 31.086666107177734375 31.149333953857421875 31.214666366577148438 31.253999710083007813 31.246000289916992188 31.2413330078125 31.248666763305664063 31.2606658935546875 31.234666824340820313 31.25733184814453125 31.280666351318359375 31.302000045776367188
31.088666915893554688 31.093334197998046875 31.127332687377929688 31.156000137329101563 31.177333831787109375 31.2306671142578125 31.270000457763671875 31.279333114624023438 31.289333343505859375 31.277332305908203125 31.294000625610351563 31.299999237060546875 31.268667221069335938 31.133998870849609375 31.0106658935546875 31.000665664672851563 31.056667327880859375 31.083332061767578125 31.1100006103515625 31.038665771484375 31.0279998779296875 31.011999130249023438 30.949998855590820313 30.97733306884765625 30.955333709716796875 30.944665908813476563 30.958667755126953125 30.96666717529296875 30.958665847778320313 30.959333419799804688 30.974666595458984375 31.015333175659179688 31.017999649047851563 31.043333053588867188 31.023332595825195313 31.03533172607421875 31.07199859619140625 31.095333099365234375 31.130666732788085938 31.186000823974609375 31.196666717529296875 31.191999435424804688 31.18199920654296875 31.185333251953125 31.220666885375976563 31.2046661376953125 31.219999313354492188 31.284666061401367188 31.294000625610351563
31.065334320068359375 31.081333160400390625 31.151332855224609375 31.170667648315429688 31.19066619873046875 31.21866607666015625 31.270666122436523438 31.28333282470703125 31.270666122436523438 31.242666244506835938 31.267999649047851563 31.298000335693359375 31.235334396362304688 31.105333328247070313 31.0193328857421875 31.030000686645507813 31.054666519165039063 31.0839996337890625 31.077999114990234375 31.0086669921875 30.985334396362304688 31.035999298095703125 30.9459991455078125 30.891332626342773438 30.881999969482421875 30.87599945068359375 30.893999099731445313 30.905332565307617188 30.913333892822265625 30.934000015258789063 30.93199920654296875 30.967332839965820313 30.953998565673828125 31.015333175659179688 31.000665664672851563 31.032665252685546875 31.086666107177734375 31.072666168212890625 31.069334030151367188 31.090665817260742188 31.03133392333984375 30.945333480834960938 30.89666748046875 30.936000823974609375 31.015333175659179688 31.09600067138671875 31.225332260131835938 31.277332305908203125 31.299333572387695313
31.055334091186523438 31.073333740234375 31.142000198364257813 31.170667648315429688 31.1920013427734375 31.19066619873046875 31.20999908447265625 31.229999542236328125 31.233999252319335938 31.217998504638671875 31.25 31.263332366943359375 31.185333251953125 31.083332061767578125 31.050001144409179688 31.04399871826171875 31.070667266845703125 31.07666778564453125 31.04866790771484375 30.987333297729492188 31.015333175659179688 31.011333465576171875 30.956666946411132813 30.953332901000976563 30.952665328979492188 30.951999664306640625 30.94933319091796875 30.927333831787109375 30.92333221435546875 30.94066619873046875 30.95800018310546875 30.96666717529296875 30.919332504272460938 30.961999893188476563 30.957332611083984375 31.044000625610351563 31.072000503540039063 31.070665359497070313 31.018665313720703125 30.990665435791015625 30.706666946411132813 30.333333969116210938 30.166667938232421875 30.224000930786132813 30.45999908447265625 30.845333099365234375 31.196666717529296875 31.260000228881835938 31.29399871826171875
31.030000686645507813 31.070667266845703125 31.12400054931640625 31.177333831787109375 31.184667587280273438 31.198667526245117188 31.19933319091796875 31.220666885375976563 31.221332550048828125 31.194000244140625 31.19266510009765625 31.212665557861328125 31.11933135986328125 31.052000045776367188 31.0666656494140625 31.074666976928710938 31.072000503540039063 31.064666748046875 31.03333282470703125 30.992666244506835938 30.998666763305664063 30.995332717895507813 30.996000289916992188 30.992000579833984375 30.937999725341796875 30.889333724975585938 30.869333267211914063 30.905332565307617188 30.978000640869140625 31.02266693115234375 30.995332717895507813 30.9546661376953125 30.85666656494140625 30.922666549682617188 30.985332489013671875 31.0626678466796875 31.069334030151367188 31.054666519165039063 30.971334457397460938 30.895999908447265625 30.479333877563476563 30.021999359130859375 29.979999542236328125 30.104000091552734375 30.454000473022460938 30.957332611083984375 31.248666763305664063 31.265333175659179688 31.271999359130859375
31.040666580200195313 31.093999862670898438 31.13466644287109375 31.167333602905273438 31.184000015258789063 31.2046661376953125 31.233333587646484375 31.23600006103515625 31.238666534423828125 31.20133209228515625 31.184665679931640625 31.142000198364257813 31.04000091552734375 30.97533416748046875 30.991998672485351563 31.023332595825195313 31.0626678466796875 31.068666458129882813 31.057332992553710938 31.021331787109375 31 30.9893341064453125 31.014665603637695313 30.984666824340820313 30.911998748779296875 30.879999160766601563 30.879999160766601563 30.971332550048828125 31.045999526977539063 30.9806671142578125 30.887332916259765625 30.915332794189453125 30.878665924072265625 30.890666961669921875 30.90200042724609375 30.857334136962890625 30.875333786010742188 30.906667709350585938 30.862667083740234375 30.808666229248046875 30.427333831787109375 30.063333511352539063 30.189332962036132813 30.452667236328125 30.834667205810546875 31.128665924072265625 31.23600006103515625 31.231332778930664063 31.231332778930664063
31.055332183837890625 31.116666793823242188 31.130001068115234375 31.142000198364257813 31.159334182739257813 31.18000030517578125 31.223333358764648438 31.242000579833984375 31.233999252319335938 31.2066650390625 31.163333892822265625 31.082666397094726563 31.00333404541015625 30.96866607666015625 30.955999374389648438 30.96866607666015625 31.042667388916015625 31.1013336181640625 31.090000152587890625 30.98400115966796875 30.974000930786132813 30.982666015625 30.996667861938476563 30.982666015625 30.913333892822265625 30.87066650390625 30.94733428955078125 30.988666534423828125 30.953332901000976563 30.87799835205078125 30.80933380126953125 30.86733245849609375 30.983333587646484375 30.937999725341796875 30.817333221435546875 30.500665664672851563 30.455333709716796875 30.572666168212890625 30.569332122802734375 30.611331939697265625 30.581998825073242188 30.582666397094726563 30.74466705322265625 30.8899993896484375 31.068666458129882813 31.1573333740234375 31.166667938232421875 31.1660003662109375 31.194667816162109375
31.063333511352539063 31.121334075927734375 31.14666748046875 31.148000717163085938 31.167333602905273438 31.172000885009765625 31.182001113891601563 31.186000823974609375 31.1959991455078125 31.170000076293945313 31.115999221801757813 31.03333282470703125 31.006000518798828125 31.0193328857421875 30.990667343139648438 30.971332550048828125 31.04199981689453125 31.077333450317382813 31.091333389282226563 31.062000274658203125 31.046001434326171875 31.048666000366210938 31.002000808715820313 30.946666717529296875 30.903333663940429688 30.90399932861328125 30.982667922973632813 30.986665725708007813 30.88466644287109375 30.829332351684570313 30.7953338623046875 30.792001724243164063 30.9546661376953125 30.950000762939453125 30.74466705322265625 30.498666763305664063 30.499334335327148438 30.512666702270507813 30.490665435791015625 30.6399993896484375 30.81999969482421875 30.973333358764648438 31.063999176025390625 31.08733367919921875 31.125331878662109375 31.097333908081054688 31.099332809448242188 31.08066558837890625 31.10666656494140625
31.058666229248046875 31.12066650390625 31.145334243774414063 31.16266632080078125 31.184000015258789063 31.193332672119140625 31.184000015258789063 31.202667236328125 31.1786651611328125 31.1313323974609375 31.062665939331054688 31.017999649047851563 31.018001556396484375 31.041334152221679688 31.029333114624023438 31.024000167846679688 31.058666229248046875 31.065999984741210938 31.101999282836914063 31.131999969482421875 31.095333099365234375 31.05266571044921875 31.04199981689453125 30.990665435791015625 30.93199920654296875 30.9246673583984375 30.995334625244140625 30.97733306884765625 30.84999847412109375 30.7393341064453125 30.72733306884765625 30.840000152587890625 31.06800079345703125 31.130001068115234375 31.002666473388671875 30.900667190551757813 30.776666641235351563 30.687999725341796875 30.673999786376953125 30.770000457763671875 30.955333709716796875 31.08066558837890625 31.112667083740234375 31.10333251953125 31.084667205810546875 30.972665786743164063 30.885332107543945313 30.804666519165039063 30.863332748413085938
31.090000152587890625 31.128000259399414063 31.142665863037109375 31.165332794189453125 31.1833343505859375 31.186000823974609375 31.187999725341796875 31.214000701904296875 31.17133331298828125 31.09799957275390625 31.047332763671875 31.00533294677734375 31.016000747680664063 31.047332763671875 31.0193328857421875 31.02466583251953125 31.047332763671875 31.061334609985351563 31.119998931884765625 31.068666458129882813 30.960000991821289063 30.970666885375976563 31.024000167846679688 31.01200103759765625 31.0086669921875 31.048666000366210938 31.030668258666992188 30.904666900634765625 30.817998886108398438 30.746000289916992188 30.824666976928710938 30.962665557861328125 31.11199951171875 31.102666854858398438 31.105998992919921875 31.043333053588867188 30.873332977294921875 30.728666305541992188 30.7239990234375 30.874666213989257813 31.04000091552734375 31.066667556762695313 31.1100006103515625 31.08733367919921875 30.967334747314453125 30.813999176025390625 30.675333023071289063 30.61533355712890625 30.685333251953125
31.13266754150390625 31.134000778198242188 31.148000717163085938 31.156000137329101563 31.158666610717773438 31.187999725341796875 31.214000701904296875 31.211334228515625 31.1746673583984375 31.123332977294921875 31.06133270263671875 31.001333236694335938 31.003999710083007813 31.034000396728515625 31.0086669921875 31.0086669921875 31.048666000366210938 31.028665542602539063 31.030666351318359375 30.9806671142578125 30.854000091552734375 30.850000381469726563 30.893999099731445313 30.9739990234375 31.073999404907226563 31.107999801635742188 30.983333587646484375 30.78533172607421875 30.7519989013671875 30.759332656860351563 30.87400054931640625 31.000667572021484375 30.979999542236328125 30.920665740966796875 30.986667633056640625 30.9420013427734375 30.902666091918945313 30.864665985107421875 30.826000213623046875 30.904666900634765625 31.05933380126953125 31.06800079345703125 30.981332778930664063 30.810667037963867188 30.6660003662109375 30.6313323974609375 30.619998931884765625 30.645999908447265625 30.6959991455078125
31.13466644287109375 31.12400054931640625 31.139333724975585938 31.15866851806640625 31.173334121704101563 31.215999603271484375 31.261333465576171875 31.21666717529296875 31.193332672119140625 31.16066741943359375 31.105333328247070313 31.025333404541015625 30.970666885375976563 30.976667404174804688 30.997333526611328125 30.971332550048828125 30.976667404174804688 30.962665557861328125 30.937999725341796875 30.951999664306640625 30.817333221435546875 30.733333587646484375 30.78333282470703125 30.891332626342773438 31.031999588012695313 31.079999923706054688 30.956666946411132813 30.750667572021484375 30.707332611083984375 30.799333572387695313 30.926666259765625 30.961334228515625 30.860666275024414063 30.844667434692382813 30.885999679565429688 30.90200042724609375 30.964666366577148438 31.03133392333984375 31.0106658935546875 30.993333816528320313 31.0086669921875 30.97733306884765625 30.76599884033203125 30.515333175659179688 30.530666351318359375 30.764667510986328125 30.824666976928710938 30.84799957275390625 30.85333251953125
31.1399993896484375 31.142665863037109375 31.1573333740234375 31.17133331298828125 31.222665786743164063 31.246000289916992188 31.26599884033203125 31.200000762939453125 31.182001113891601563 31.170665740966796875 31.12066650390625 31.054666519165039063 30.949998855590820313 30.938665390014648438 30.902666091918945313 30.785999298095703125 30.829999923706054688 30.901332855224609375 30.937334060668945313 30.933332443237304688 30.806665420532226563 30.698667526245117188 30.751333236694335938 30.836666107177734375 30.899332046508789063 30.9913330078125 30.969999313354492188 30.835332870483398438 30.767333984375 30.838666915893554688 30.923334121704101563 30.873332977294921875 30.825334548950195313 30.812000274658203125 30.84600067138671875 30.904666900634765625 30.95800018310546875 31.012666702270507813 31.003999710083007813 30.970666885375976563 30.920665740966796875 30.780000686645507813 30.628000259399414063 30.572000503540039063 30.743999481201171875 31.057332992553710938 31.12400054931640625 31.118000030517578125 31.078001022338867188
31.124668121337890625 31.158000946044921875 31.1573333740234375 31.190000534057617188 31.262666702270507813 31.284000396728515625 31.267999649047851563 31.2239990234375 31.220666885375976563 31.186666488647460938 31.133333206176757813 31.065999984741210938 31.0106658935546875 30.9806671142578125 30.7953338623046875 30.534000396728515625 30.621999740600585938 30.854665756225585938 30.972667694091796875 30.879999160766601563 30.788665771484375 30.714666366577148438 30.732666015625 30.747333526611328125 30.782665252685546875 30.890666961669921875 30.94733428955078125 30.92133331298828125 30.849334716796875 30.81999969482421875 30.820667266845703125 30.782667160034179688 30.795999526977539063 30.778665542602539063 30.788000106811523438 30.85466766357421875 30.8686676025390625 30.885332107543945313 30.915332794189453125 30.958665847778320313 30.923999786376953125 30.802667617797851563 30.743999481201171875 30.861333847045898438 30.943332672119140625 31.090667724609375 31.111333847045898438 31.1833343505859375 31.17800140380859375
31.144001007080078125 31.158666610717773438 31.16066741943359375 31.1959991455078125 31.267332077026367188 31.285999298095703125 31.282665252685546875 31.2586669921875 31.235332489013671875 31.207332611083984375 31.14333343505859375 31.09799957275390625 31.044000625610351563 31.0019989013671875 30.874668121337890625 30.663999557495117188 30.676666259765625 30.917333602905273438 30.943332672119140625 30.799333572387695313 30.7306671142578125 30.70600128173828125 30.710666656494140625 30.731332778930664063 30.808000564575195313 30.932001113891601563 30.948667526245117188 30.864665985107421875 30.723333358764648438 30.670000076293945313 30.721332550048828125 30.720001220703125 30.740667343139648438 30.732666015625 30.79199981689453125 30.813333511352539063 30.826000213623046875 30.85333251953125 30.948665618896484375 31.046001434326171875 31.063333511352539063 31.034000396728515625 31.073999404907226563 31.093334197998046875 31.055999755859375 31.054666519165039063 31.060667037963867188 31.093999862670898438 31.159999847412109375
31.148668289184570313 31.16400146484375 31.1660003662109375 31.19066619873046875 31.231332778930664063 31.256666183471679688 31.266666412353515625 31.266666412353515625 31.238666534423828125 31.20800018310546875 31.15399932861328125 31.1313323974609375 31.104000091552734375 31.030666351318359375 30.964666366577148438 30.91266632080078125 30.917999267578125 30.967334747314453125 30.866666793823242188 30.7433319091796875 30.734666824340820313 30.668666839599609375 30.700666427612304688 30.771333694458007813 30.86733245849609375 30.93866729736328125 30.906002044677734375 30.829999923706054688 30.712665557861328125 30.723333358764648438 30.763332366943359375 30.782667160034179688 30.785333633422851563 30.72733306884765625 30.789999008178710938 30.810665130615234375 30.904666900634765625 30.961334228515625 30.972667694091796875 31.048666000366210938 31.054666519165039063 30.9893341064453125 30.989999771118164063 31.0279998779296875 31.028667449951171875 31.017333984375 31.058668136596679688 31.08733367919921875 31.147333145141601563
31.151334762573242188 31.162000656127929688 31.159999847412109375 31.18866729736328125 31.220001220703125 31.256666183471679688 31.262666702270507813 31.251333236694335938 31.228000640869140625 31.198001861572265625 31.156665802001953125 31.138666152954101563 31.135999679565429688 31.088666915893554688 31.025333404541015625 31.001333236694335938 31.041332244873046875 31.012666702270507813 30.86733245849609375 30.787332534790039063 30.806667327880859375 30.767333984375 30.728666305541992188 30.753999710083007813 30.897333145141601563 30.937999725341796875 30.841333389282226563 30.7306671142578125 30.686666488647460938 30.764667510986328125 30.849332809448242188 30.891332626342773438 30.903333663940429688 30.845998764038085938 30.871332168579101563 30.87400054931640625 30.926666259765625 30.936000823974609375 30.972667694091796875 31.04866790771484375 30.998666763305664063 30.899333953857421875 30.932666778564453125 30.982000350952148438 31.035999298095703125 31.06800079345703125 31.10666656494140625 31.150667190551757813 31.1660003662109375
31.1100006103515625 31.151334762573242188 31.167333602905273438 31.178667068481445313 31.2046661376953125 31.232666015625 31.25733184814453125 31.247999191284179688 31.2046661376953125 31.184001922607421875 31.163333892822265625 31.148000717163085938 31.147998809814453125 31.109333038330078125 31.0493316650390625 31.045999526977539063 31.0666656494140625 31.060665130615234375 30.99466705322265625 30.858667373657226563 30.83933258056640625 30.784666061401367188 30.7413330078125 30.878000259399414063 31.00333404541015625 30.959331512451171875 30.8253326416015625 30.6746673583984375 30.676666259765625 30.83066558837890625 30.934000015258789063 30.997333526611328125 30.978000640869140625 30.855998992919921875 30.88266754150390625 30.889333724975585938 30.900667190551757813 30.941333770751953125 30.9246673583984375 30.929332733154296875 30.927333831787109375 30.920000076293945313 30.917333602905273438 30.937334060668945313 31.007333755493164063 31.090000152587890625 31.1573333740234375 31.156667709350585938 31.144666671752929688
31.111333847045898438 31.137332916259765625 31.180667877197265625 31.187999725341796875 31.18866729736328125 31.22533416748046875 31.25733184814453125 31.23600006103515625 31.209333419799804688 31.196666717529296875 31.17800140380859375 31.145999908447265625 31.133998870849609375 31.125333786010742188 31.073333740234375 31.076000213623046875 31.100666046142578125 31.067998886108398438 31.007333755493164063 30.964666366577148438 30.842000961303710938 30.802000045776367188 30.753999710083007813 30.92133331298828125 30.954000473022460938 30.854665756225585938 30.770666122436523438 30.691999435424804688 30.710666656494140625 30.847332000732421875 30.9546661376953125 30.9739990234375 30.998666763305664063 30.890666961669921875 30.945333480834960938 30.920665740966796875 30.90399932861328125 30.961334228515625 30.95600128173828125 30.935333251953125 30.965999603271484375 31.012666702270507813 31.024000167846679688 31.037334442138671875 31.0366668701171875 31.046667098999023438 31.0666656494140625 31.091333389282226563 31.076000213623046875
31.093999862670898438 31.121334075927734375 31.17800140380859375 31.1833343505859375 31.195333480834960938 31.242000579833984375 31.263332366943359375 31.249332427978515625 31.203334808349609375 31.201333999633789063 31.19933319091796875 31.170665740966796875 31.137332916259765625 31.13466644287109375 31.096666336059570313 31.065332412719726563 31.0839996337890625 31.11199951171875 31.097333908081054688 31.038665771484375 30.851331710815429688 30.829332351684570313 30.792667388916015625 30.893999099731445313 30.875331878662109375 30.751333236694335938 30.71666717529296875 30.735332489013671875 30.756000518798828125 30.793333053588867188 30.904001235961914063 30.978666305541992188 31.034000396728515625 31.049333572387695313 31.105998992919921875 31.045999526977539063 30.968000411987304688 31.039999008178710938 31.025333404541015625 30.97733306884765625 31.063999176025390625 31.159334182739257813 31.159999847412109375 31.159334182739257813 31.135334014892578125 31.068666458129882813 31.010000228881835938 30.984666824340820313 31.002666473388671875
31.1100006103515625 31.091333389282226563 31.138668060302734375 31.180667877197265625 31.206666946411132813 31.254665374755859375 31.26599884033203125 31.249332427978515625 31.228000640869140625 31.224666595458984375 31.232000350952148438 31.184667587280273438 31.129999160766601563 31.128665924072265625 31.114000320434570313 31.046667098999023438 31.059999465942382813 31.114000320434570313 31.152666091918945313 31.12933349609375 30.981332778930664063 30.853334426879882813 30.880666732788085938 30.9459991455078125 30.82666778564453125 30.708665847778320313 30.714666366577148438 30.770000457763671875 30.790666580200195313 30.810001373291015625 30.90399932861328125 30.947999954223632813 30.970666885375976563 31.028667449951171875 31.073333740234375 31.099332809448242188 31.088666915893554688 31.104000091552734375 31.074666976928710938 31.039333343505859375 31.1226654052734375 31.172666549682617188 31.149999618530273438 31.145334243774414063 31.098667144775390625 31.058666229248046875 31.029333114624023438 30.997333526611328125 31.024000167846679688
