data/tempwetq.asc
ncols        384
nrows        480
xllcorner    138.000000000000
yllcorner    -29.000000000000
cellsize     0.041666666667
NODATA_value -9999
[rows 374 to 395 of 480, columns 147 to 195 of 384]
29.843334197998046875 29.776666641235351563 29.714000701904296875 29.667333602905273438 29.60466766357421875 29.569334030151367188 29.509334564208984375 29.46866607666015625 29.427333831787109375 29.415332794189453125 29.384000778198242188 29.336668014526367188 29.290668487548828125 29.214666366577148438 29.144001007080078125 29.133998870849609375 29.14666748046875 29.159332275390625 29.112667083740234375 29.032001495361328125 29.052000045776367188 29.097333908081054688 29.055999755859375 28.979333877563476563 28.905332565307617188 28.855333328247070313 28.113332748413085938 28.12066650390625 28.136667251586914063 28.088666915893554688 27.906000137329101563 27.85866546630859375 27.899999618530273438 28.539333343505859375 28.507999420166015625 28.46666717529296875 27.715999603271484375 27.742000579833984375 28.3426666259765625 28.2866668701171875 28.180667877197265625 28.066667556762695313 27.970666885375976563 27.926000595092773438 27.89666748046875 27.902666091918945313 27.869333267211914063 27.799999237060546875 27.659334182739257813
29.783334732055664063 29.722667694091796875 29.684000015258789063 29.639333724975585938 29.609333038330078125 29.572000503540039063 29.510667800903320313 29.472665786743164063 29.439998626708984375 29.420667648315429688 29.357334136962890625 29.286001205444335938 29.144666671752929688 28.936000823974609375 28.98400115966796875 29.041332244873046875 29.093334197998046875 29.091999053955078125 29.029998779296875 28.993999481201171875 29.04199981689453125 29.079999923706054688 29.040666580200195313 28.978666305541992188 28.92333221435546875 28.836666107177734375 28.821332931518554688 28.104000091552734375 28.14333343505859375 28.092000961303710938 27.95800018310546875 27.878000259399414063 27.900665283203125 27.8726654052734375 27.75533294677734375 28.369333267211914063 27.623332977294921875 27.710666656494140625 27.670667648315429688 28.309999465942382813 28.26399993896484375 27.490667343139648438 28.0453338623046875 28.02266693115234375 28.028667449951171875 27.950666427612304688 27.841333389282226563 27.767333984375 27.596666336059570313
29.768667221069335938 29.687999725341796875 29.658666610717773438 29.612001419067382813 29.545999526977539063 29.493333816528320313 29.443332672119140625 29.41266632080078125 29.406665802001953125 28.700666427612304688 29.321332931518554688 29.042667388916015625 28.765333175659179688 28.386667251586914063 28.462665557861328125 28.830667495727539063 29.014667510986328125 29.007999420166015625 28.911998748779296875 28.911998748779296875 29.019334793090820313 29.067333221435546875 29.02466583251953125 28.982000350952148438 28.917333602905273438 28.82866668701171875 28.83933258056640625 28.090665817260742188 28.108667373657226563 28.1100006103515625 28.073999404907226563 27.985334396362304688 27.906665802001953125 27.871999740600585938 27.771999359130859375 28.362667083740234375 27.570667266845703125 27.612667083740234375 27.633998870849609375 27.562665939331054688 28.185333251953125 28.100000381469726563 28.067333221435546875 28.1186676025390625 27.425334930419921875 27.964000701904296875 27.874666213989257813 27.773332595825195313 27.555334091186523438
29.767999649047851563 29.675333023071289063 29.604000091552734375 29.582666397094726563 29.544666290283203125 29.429332733154296875 29.32199859619140625 29.324666976928710938 28.630001068115234375 28.645999908447265625 28.502666473388671875 28.631999969482421875 27.489999771118164063 27.7046661376953125 27.73799896240234375 28.47733306884765625 28.85333251953125 28.944000244140625 28.888666152954101563 28.964000701904296875 29.06133270263671875 29.05266571044921875 28.985332489013671875 28.911998748779296875 28.85866546630859375 28.83066558837890625 28.172000885009765625 28.898000717163085938 28.851999282836914063 28.099332809448242188 28.070667266845703125 28.030666351318359375 27.960666656494140625 27.897998809814453125 28.447999954223632813 28.344667434692382813 28.235332489013671875 27.544666290283203125 28.175333023071289063 28.10333251953125 27.384000778198242188 27.19733428955078125 27.881999969482421875 28.01200103759765625 28.035999298095703125 27.92333221435546875 27.822000503540039063 27.8166656494140625 27.13800048828125
29.799333572387695313 29.628000259399414063 29.32666778564453125 29.473333358764648438 29.475999832153320313 29.315332412719726563 29.21666717529296875 29.2413330078125 28.5279998779296875 29.2566680908203125 29.102666854858398438 28.3813323974609375 27.626667022705078125 27.456666946411132813 27.677333831787109375 27.99466705322265625 28.543333053588867188 28.819334030151367188 28.92133331298828125 29.006000518798828125 29.039333343505859375 29.014667510986328125 28.960666656494140625 28.883333206176757813 28.840667724609375 28.096666336059570313 28.12400054931640625 28.158666610717773438 28.147333145141601563 28.10666656494140625 28.009332656860351563 27.993999481201171875 27.964666366577148438 27.894666671752929688 28.465333938598632813 27.6959991455078125 27.6186676025390625 27.548000335693359375 27.447332382202148438 27.987333297729492188 27.158000946044921875 26.897998809814453125 27.805999755859375 27.891332626342773438 27.953332901000976563 27.771333694458007813 27.59600067138671875 27.752666473388671875 27.77666473388671875
29.808000564575195313 29.516666412353515625 29.262666702270507813 29.406665802001953125 29.420000076293945313 29.292667388916015625 28.397998809814453125 28.417999267578125 28.423999786376953125 28.41066741943359375 28.771999359130859375 27.923999786376953125 27.4806671142578125 27.490667343139648438 27.678667068481445313 27.73600006103515625 28.252666473388671875 28.693334579467773438 28.875333786010742188 28.92133331298828125 28.968000411987304688 28.956666946411132813 28.9160003662109375 28.840000152587890625 28.779998779296875 28.78133392333984375 28.841333389282226563 28.153333663940429688 28.10866546630859375 28.738666534423828125 28.6226654052734375 27.891332626342773438 27.88466644287109375 27.877332687377929688 27.787334442138671875 27.6660003662109375 27.556665420532226563 27.499334335327148438 27.3986663818359375 27.131999969482421875 26.88466644287109375 27.506666183471679688 27.780000686645507813 27.833332061767578125 27.87599945068359375 27.701999664306640625 27.53133392333984375 27.609333038330078125 27.670667648315429688
29.715333938598632813 29.547332763671875 29.249332427978515625 29.118000030517578125 28.813999176025390625 28.56133270263671875 27.940000534057617188 28.21466827392578125 28.259334564208984375 28.10333251953125 28.346666336059570313 27.712665557861328125 27.493999481201171875 27.46866607666015625 27.621999740600585938 27.863332748413085938 27.529333114624023438 27.82866668701171875 28.790666580200195313 28.875333786010742188 28.90200042724609375 28.893999099731445313 28.83933258056640625 28.810667037963867188 28.757333755493164063 28.060667037963867188 28.091333389282226563 28.077333450317382813 28.06800079345703125 27.99266815185546875 27.85333251953125 27.8339996337890625 27.817333221435546875 27.7993316650390625 27.760000228881835938 27.6746673583984375 28.327333450317382813 27.5453338623046875 27.928667068481445313 27.003999710083007813 26.941333770751953125 26.927333831787109375 27.734666824340820313 27.158666610717773438 27.803998947143554688 27.6746673583984375 27.50333404541015625 27.490667343139648438 27.577999114990234375
29.520000457763671875 29.49866485595703125 29.06133270263671875 28.70999908447265625 28.531999588012695313 28.371334075927734375 27.579999923706054688 27.792667388916015625 27.944000244140625 28.51399993896484375 27.3040008544921875 27.62400054931640625 27.510000228881835938 27.434000015258789063 27.492666244506835938 27.91066741943359375 27.97733306884765625 28.111333847045898438 28.591999053955078125 28.803333282470703125 28.822666168212890625 28.7693328857421875 28.733333587646484375 28.728668212890625 28.691999435424804688 28.7220001220703125 28.03133392333984375 28.021333694458007813 28.66266632080078125 27.86533355712890625 27.770000457763671875 27.830667495727539063 27.878665924072265625 27.859333038330078125 27.835332870483398438 28.470666885375976563 28.378000259399414063 28.197999954223632813 27.8986663818359375 27.789333343505859375 26.999334335327148438 27.024000167846679688 27.026666641235351563 27.059999465942382813 27.673999786376953125 27.55066680908203125 27.404666900634765625 27.418666839599609375 27.479999542236328125
29.443332672119140625 29.458665847778320313 29.279333114624023438 28.776666641235351563 28.5086669921875 28.353334426879882813 27.736665725708007813 27.908000946044921875 27.824666976928710938 27.420665740966796875 27.80266571044921875 27.553333282470703125 27.55066680908203125 27.422666549682617188 27.434667587280273438 27.714000701904296875 27.715999603271484375 27.885999679565429688 28.43866729736328125 28.756000518798828125 28.76599884033203125 28.729999542236328125 28.5753326416015625 28.600000381469726563 28.647333145141601563 27.98600006103515625 28.022001266479492188 27.99666595458984375 27.916666030883789063 27.773334503173828125 27.7393341064453125 27.822000503540039063 27.842000961303710938 27.875331878662109375 27.827333450317382813 28.44066619873046875 28.362667083740234375 28.2413330078125 28.007999420166015625 27.831333160400390625 27.0193328857421875 27.06800079345703125 27.071332931518554688 27.79399871826171875 27.687999725341796875 27.583332061767578125 27.412000656127929688 27.327999114990234375 27.37066650390625
29.441999435424804688 29.37799835205078125 28.957334518432617188 28.635999679565429688 28.48799896240234375 28.36199951171875 27.7953338623046875 27.962665557861328125 28.39333343505859375 28.135334014892578125 27.781999588012695313 26.829334259033203125 26.814666748046875 27.474666595458984375 27.5279998779296875 27.68866729736328125 27.6399993896484375 27.807332992553710938 28.334667205810546875 28.680665969848632813 28.687999725341796875 28.63800048828125 28.601999282836914063 28.581998825073242188 28.582666397094726563 28.496000289916992188 27.97733306884765625 27.976665496826171875 27.898000717163085938 27.74666595458984375 27.68199920654296875 27.76599884033203125 27.765333175659179688 27.781999588012695313 27.840000152587890625 28.426000595092773438 27.66066741943359375 28.266000747680664063 28.018001556396484375 27.70600128173828125 26.964666366577148438 27.750667572021484375 27.869998931884765625 27.86733245849609375 27.80933380126953125 27.65200042724609375 27.4333343505859375 27.27466583251953125 27.315999984741210938
29.575334548950195313 29.180667877197265625 28.865999221801757813 28.729999542236328125 28.4246673583984375 28.483999252319335938 28.69933319091796875 28.719333648681640625 27.795999526977539063 28.294666290283203125 27.827999114990234375 26.869998931884765625 26.86333465576171875 26.883333206176757813 26.843334197998046875 26.961332321166992188 27.55266571044921875 27.663333892822265625 28.090667724609375 28.42333221435546875 28.282001495361328125 28.29000091552734375 28.444665908813476563 28.307332992553710938 28.19066619873046875 28.37066650390625 28.6226654052734375 28.650667190551757813 28.596666336059570313 27.735332489013671875 27.659332275390625 27.70800018310546875 27.720666885375976563 27.728000640869140625 27.84600067138671875 28.468000411987304688 28.33733367919921875 27.458667755126953125 27.058668136596679688 26.967334747314453125 27.002666473388671875 27.137332916259765625 27.154666900634765625 27.814666748046875 27.799999237060546875 27.691333770751953125 26.745334625244140625 27.338666915893554688 27.338665008544921875
28.819334030151367188 29.299333572387695313 28.992000579833984375 28.869998931884765625 28.6573333740234375 28.667333602905273438 28.712665557861328125 28.573999404907226563 28.374666213989257813 28.103334426879882813 27.172666549682617188 26.937334060668945313 26.906000137329101563 27.004667282104492188 27.013332366943359375 27.628665924072265625 27.492666244506835938 27.62400054931640625 28.002000808715820313 28.231332778930664063 28.229333877563476563 28.238666534423828125 28.374666213989257813 28.324666976928710938 28.380666732788085938 28.540666580200195313 28.64666748046875 28.639333724975585938 27.857999801635742188 28.499332427978515625 27.685333251953125 27.689332962036132813 27.6573333740234375 27.710000991821289063 28.452667236328125 28.351999282836914063 27.481334686279296875 27.1959991455078125 27.704000473022460938 27.080667495727539063 27.18866729736328125 27.917333602905273438 27.863332748413085938 27.737333297729492188 27.631999969482421875 27.593999862670898438 26.754667282104492188 27.422666549682617188 27.4633331298828125
29.389333724975585938 29.302000045776367188 29.088666915893554688 28.960666656494140625 28.885334014892578125 28.740665435791015625 28.520000457763671875 28.266666412353515625 28.037334442138671875 27.897998809814453125 27.883333206176757813 27.681333541870117188 27.03333282470703125 27.105998992919921875 27.757999420166015625 27.584667205810546875 27.4246673583984375 27.705333709716796875 28.01399993896484375 28.203332901000976563 27.628667831420898438 28.368000030517578125 28.476665496826171875 28.571332931518554688 28.6660003662109375 28.693334579467773438 28.694667816162109375 28.631999969482421875 27.831333160400390625 27.812000274658203125 28.44733428955078125 27.658000946044921875 27.583333969116210938 27.702667236328125 27.678667068481445313 27.478000640869140625 27.185333251953125 27.072666168212890625 27.12066650390625 27.24666595458984375 28.013332366943359375 27.9633331298828125 27.777332305908203125 27.608667373657226563 27.510000228881835938 27.496000289916992188 27.572666168212890625 27.524000167846679688 27.579999923706054688
29.04199981689453125 28.967332839965820313 29.159334182739257813 28.917999267578125 28.518667221069335938 28.425333023071289063 28.305999755859375 28.144666671752929688 27.950000762939453125 27.826665878295898438 27.923999786376953125 27.074666976928710938 27.099332809448242188 27.90200042724609375 27.757333755493164063 27.625333786010742188 27.520000457763671875 27.78133392333984375 27.297332763671875 28.232666015625 28.337999343872070313 27.635999679565429688 27.799333572387695313 28.5926666259765625 28.599332809448242188 28.641998291015625 28.59600067138671875 28.544000625610351563 28.514667510986328125 27.760000228881835938 28.406667709350585938 27.604665756225585938 27.43199920654296875 27.614667892456054688 27.499334335327148438 27.222665786743164063 27.114665985107421875 27.054666519165039063 27.865999221801757813 28.0086669921875 27.987333297729492188 27.885334014892578125 27.710000991821289063 27.530000686645507813 27.5193328857421875 27.538000106811523438 27.58533477783203125 27.597333908081054688 27.640666961669921875
28.984666824340820313 29.21866607666015625 29.16466522216796875 28.606000900268554688 28.26200103759765625 28.275333404541015625 28.288665771484375 28.22533416748046875 28.025333404541015625 27.90533447265625 28.03333282470703125 27.262666702270507813 27.934000015258789063 27.962665557861328125 27.777332305908203125 27.631999969482421875 27.5260009765625 27.80933380126953125 28.088666915893554688 28.149333953857421875 27.974000930786132813 27.909999847412109375 28.132665634155273438 28.446666717529296875 28.572000503540039063 28.593999862670898438 28.625333786010742188 28.61333465576171875 28.567333221435546875 28.472667694091796875 28.332666397094726563 27.435998916625976563 27.23799896240234375 27.440000534057617188 27.34600067138671875 27.762666702270507813 27.711334228515625 27.045999526977539063 27.208667755126953125 27.333333969116210938 27.935333251953125 27.841999053955078125 27.728000640869140625 27.61199951171875 27.678667068481445313 27.653333663940429688 27.638666152954101563 27.679332733154296875 27.675333023071289063
29.234666824340820313 29.140001296997070313 28.836000442504882813 28.529333114624023438 28.3686676025390625 28.399999618530273438 28.362667083740234375 28.33933258056640625 28.170665740966796875 28.137334823608398438 28.151332855224609375 28.125333786010742188 28.104000091552734375 28.044666290283203125 27.79866790771484375 27.661333084106445313 27.539333343505859375 27.79199981689453125 28.151332855224609375 28.073333740234375 27.90200042724609375 27.81800079345703125 28.049999237060546875 28.609333038330078125 28.686666488647460938 28.6833343505859375 27.987333297729492188 28.641332626342773438 28.602001190185546875 28.371334075927734375 27.9546661376953125 27.8339996337890625 27.7413330078125 27.885999679565429688 27.279333114624023438 27.690000534057617188 27.711999893188476563 27.802000045776367188 27.259334564208984375 28.0086669921875 27.937999725341796875 27.858667373657226563 27.694000244140625 27.614000320434570313 27.7586669921875 27.752666473388671875 27.68000030517578125 27.694667816162109375 27.63466644287109375
29.044666290283203125 28.898000717163085938 28.782001495361328125 28.651332855224609375 28.529998779296875 28.499332427978515625 28.436666488647460938 28.41266632080078125 28.2866668701171875 28.2220001220703125 28.147333145141601563 28.1833343505859375 28.25533294677734375 28.1100006103515625 27.940000534057617188 27.08733367919921875 27.625333786010742188 27.88266754150390625 28.284000396728515625 28.158000946044921875 27.979999542236328125 28.076665878295898438 28.420000076293945313 28.7239990234375 28.706666946411132813 28.684667587280273438 28.680667877197265625 28.64333343505859375 28.615999221801757813 28.228000640869140625 27.920000076293945313 27.889333724975585938 27.885334014892578125 27.93000030517578125 27.90200042724609375 27.74466705322265625 27.743999481201171875 27.849334716796875 27.869333267211914063 27.941999435424804688 27.878000259399414063 27.765333175659179688 27.62066650390625 27.675333023071289063 27.822666168212890625 27.85666656494140625 27.763332366943359375 27.692667007446289063 27.599332809448242188
29.02266693115234375 28.916666030883789063 28.83533477783203125 28.732666015625 28.660665512084960938 28.629999160766601563 28.562665939331054688 28.517999649047851563 28.463998794555664063 28.305999755859375 28.138666152954101563 28.179332733154296875 28.3426666259765625 28.280666351318359375 28.1186676025390625 27.86333465576171875 27.671998977661132813 27.894666671752929688 28.343334197998046875 28.3726654052734375 28.277332305908203125 28.422666549682617188 28.625333786010742188 28.7653350830078125 28.703334808349609375 28.696001052856445313 28.702667236328125 28.610666275024414063 28.464000701904296875 28.34799957275390625 28.318666458129882813 28.128665924072265625 27.946666717529296875 27.953332901000976563 27.823999404907226563 27.59466552734375 27.677999496459960938 27.871999740600585938 27.89666748046875 27.287334442138671875 27.919332504272460938 27.781999588012695313 27.664667129516601563 27.715333938598632813 27.826000213623046875 27.850666046142578125 27.793333053588867188 27.684000015258789063 27.549333572387695313
29.031999588012695313 29.01399993896484375 28.913333892822265625 28.802667617797851563 28.8253326416015625 28.859333038330078125 28.715333938598632813 28.592000961303710938 28.56800079345703125 28.456666946411132813 28.329334259033203125 28.371999740600585938 28.420665740966796875 28.444000244140625 28.301334381103515625 27.961999893188476563 27.791332244873046875 28.031999588012695313 28.365999221801757813 28.481334686279296875 28.41933441162109375 28.329332351684570313 28.686666488647460938 28.832000732421875 28.782667160034179688 28.677333831787109375 28.685333251953125 28.60666656494140625 28.486665725708007813 28.413999557495117188 28.370000839233398438 28.243999481201171875 28.116666793823242188 28.006666183471679688 27.924665451049804688 27.774000167846679688 27.736667633056640625 27.81133270263671875 27.956666946411132813 27.96666717529296875 27.936666488647460938 27.904666900634765625 27.805332183837890625 27.875333786010742188 27.868665695190429688 27.833332061767578125 27.815999984741210938 27.71866607666015625 27.594667434692382813
28.99666595458984375 29.020000457763671875 28.979999542236328125 28.88466644287109375 28.937999725341796875 28.962665557861328125 28.819334030151367188 28.7413330078125 28.64533233642578125 28.588666915893554688 28.539333343505859375 28.539999008178710938 28.502666473388671875 28.4759979248046875 28.22733306884765625 27.996000289916992188 27.967334747314453125 28.0839996337890625 28.276666641235351563 28.266666412353515625 28.327999114990234375 28.578001022338867188 28.776668548583984375 28.8339996337890625 28.804666519165039063 28.729999542236328125 28.663333892822265625 28.57666778564453125 28.525333404541015625 28.437334060668945313 28.371999740600585938 28.2566680908203125 28.08733367919921875 28.082000732421875 28.017333984375 27.837999343872070313 27.833333969116210938 27.86199951171875 27.883333206176757813 27.846666336059570313 27.871999740600585938 27.954000473022460938 27.90399932861328125 27.948667526245117188 27.87599945068359375 27.894666671752929688 27.8813323974609375 27.791332244873046875 27.6660003662109375
29.0193328857421875 29.082666397094726563 29.055999755859375 28.973333358764648438 28.956666946411132813 28.913333892822265625 28.892665863037109375 28.827333450317382813 28.771333694458007813 28.710666656494140625 28.71666717529296875 28.68199920654296875 28.637332916259765625 28.37599945068359375 28.15399932861328125 28.01599884033203125 28.002666473388671875 28.131999969482421875 28.350000381469726563 28.419332504272460938 28.568666458129882813 28.66933441162109375 28.7393341064453125 28.742666244506835938 28.76200103759765625 28.7306671142578125 28.692667007446289063 28.59799957275390625 28.512666702270507813 28.425333023071289063 28.35666656494140625 28.206666946411132813 28.048000335693359375 27.993333816528320313 28.017999649047851563 27.872667312622070313 27.834667205810546875 27.901332855224609375 27.955333709716796875 27.341999053955078125 28.121332168579101563 28.14533233642578125 28.06800079345703125 28.070665359497070313 28.060667037963867188 27.9913330078125 27.884000778198242188 27.757999420166015625 27.591333389282226563
29.167333602905273438 29.1313323974609375 29.130666732788085938 29.068668365478515625 28.984666824340820313 28.885334014892578125 28.845998764038085938 28.860666275024414063 28.824001312255859375 28.759334564208984375 28.788667678833007813 28.793333053588867188 28.700000762939453125 28.378665924072265625 28.158000946044921875 28.0839996337890625 28.095333099365234375 28.28533172607421875 28.44733428955078125 28.597333908081054688 28.607334136962890625 28.56800079345703125 28.616666793823242188 28.581333160400390625 28.590667724609375 28.60466766357421875 28.632665634155273438 28.548000335693359375 28.142000198364257813 27.86533355712890625 27.969333648681640625 27.844667434692382813 27.51399993896484375 27.640666961669921875 27.939332962036132813 28.010667800903320313 27.934665679931640625 27.95999908447265625 28.104000091552734375 28.211999893188476563 28.238666534423828125 28.21866607666015625 28.140666961669921875 28.145999908447265625 28.074666976928710938 28.026666641235351563 27.918666839599609375 27.73799896240234375 27.575334548950195313
