data/tempcoldq.asc
ncols        384
nrows        480
xllcorner    138.000000000000
yllcorner    -29.000000000000
cellsize     0.041666666667
NODATA_value -9999
[rows 198 to 219 of 480, columns 98 to 146 of 384]
22.807332992553710938 22.750667572021484375 22.738666534423828125 22.684000015258789063 22.631999969482421875 22.601999282836914063 22.56999969482421875 22.564666748046875 22.524000167846679688 22.471332550048828125 22.461999893188476563 22.4913330078125 22.521999359130859375 22.549999237060546875 22.608667373657226563 22.650667190551757813 22.583333969116210938 22.45999908447265625 22.383333206176757813 22.326000213623046875 22.28133392333984375 22.250667572021484375 22.232000350952148438 22.208665847778320313 22.198665618896484375 22.16266632080078125 22.080667495727539063 22.030000686645507813 22.020666122436523438 22.057332992553710938 22.03133392333984375 22.083333969116210938 22.11199951171875 22.144001007080078125 22.11333465576171875 22.215333938598632813 22.03333282470703125 21.869333267211914063 21.909999847412109375 21.944000244140625 21.950000762939453125 21.899333953857421875 21.743333816528320313 21.5753326416015625 21.531999588012695313 21.347333908081054688 21.257333755493164063 21.3986663818359375 21.3339996337890625
22.785333633422851563 22.747999191284179688 22.701999664306640625 22.648000717163085938 22.588001251220703125 22.609333038330078125 22.554666519165039063 22.501333236694335938 22.448665618896484375 22.411333084106445313 22.408666610717773438 22.434000015258789063 22.462667465209960938 22.48600006103515625 22.510000228881835938 22.51200103759765625 22.516000747680664063 22.467332839965820313 22.408666610717773438 22.351999282836914063 22.29000091552734375 22.260000228881835938 22.22733306884765625 22.157999038696289063 22.12599945068359375 22.104000091552734375 22.06800079345703125 22.009332656860351563 21.9633331298828125 21.992000579833984375 21.9739990234375 22.043333053588867188 22.100666046142578125 22.24666595458984375 22.257333755493164063 22.20999908447265625 22.020666122436523438 21.79199981689453125 21.710666656494140625 21.7239990234375 21.719333648681640625 21.694667816162109375 21.593999862670898438 21.513334274291992188 21.514667510986328125 21.418666839599609375 21.36199951171875 21.37599945068359375 21.370000839233398438
22.631999969482421875 22.696666717529296875 22.667999267578125 22.621334075927734375 22.523334503173828125 22.544000625610351563 22.600000381469726563 22.521333694458007813 22.45800018310546875 22.39333343505859375 22.374666213989257813 22.4160003662109375 22.43866729736328125 22.420000076293945313 22.437334060668945313 22.412000656127929688 22.40399932861328125 22.3600006103515625 22.361333847045898438 22.39533233642578125 22.267333984375 22.236667633056640625 22.191333770751953125 22.105333328247070313 22.093999862670898438 22.063999176025390625 22.04199981689453125 22.020000457763671875 21.934000015258789063 21.9160003662109375 21.965333938598632813 22.062665939331054688 22.101999282836914063 22.18000030517578125 22.065999984741210938 21.930665969848632813 21.752666473388671875 21.598667144775390625 21.641332626342773438 21.60666656494140625 21.58933258056640625 21.537334442138671875 21.472665786743164063 21.432666778564453125 21.36533355712890625 21.257333755493164063 21.19066619873046875 21.170000076293945313 21.228000640869140625
22.460000991821289063 22.518667221069335938 22.554666519165039063 22.577999114990234375 22.623332977294921875 22.565999984741210938 22.571332931518554688 22.475999832153320313 22.426666259765625 22.401332855224609375 22.397333145141601563 22.434000015258789063 22.444000244140625 22.42133331298828125 22.395334243774414063 22.373332977294921875 22.395999908447265625 22.364000320434570313 22.3426666259765625 22.347333908081054688 22.295999526977539063 22.261333465576171875 22.177333831787109375 22.099332809448242188 22.068666458129882813 22.049333572387695313 21.992666244506835938 21.983333587646484375 21.937999725341796875 21.849332809448242188 21.88466644287109375 21.955999374389648438 21.987333297729492188 22.007999420166015625 21.964000701904296875 21.94066619873046875 21.799999237060546875 21.500667572021484375 21.590667724609375 21.529998779296875 21.44933319091796875 21.42133331298828125 21.354000091552734375 21.327333450317382813 21.30933380126953125 21.253999710083007813 21.145999908447265625 21.113332748413085938 21.129999160766601563
22.309999465942382813 22.343334197998046875 22.347333908081054688 22.384000778198242188 22.460666656494140625 22.468000411987304688 22.4913330078125 22.439332962036132813 22.408666610717773438 22.368000030517578125 22.349332809448242188 22.361331939697265625 22.373332977294921875 22.355333328247070313 22.336666107177734375 22.332000732421875 22.35666656494140625 22.378000259399414063 22.35333251953125 22.350666046142578125 22.348667144775390625 22.306667327880859375 22.242000579833984375 22.13266754150390625 22.080667495727539063 22.109333038330078125 22.052667617797851563 21.967332839965820313 21.909334182739257813 21.858667373657226563 21.905332565307617188 21.872667312622070313 21.877332687377929688 21.875333786010742188 21.873332977294921875 21.885334014892578125 21.843334197998046875 21.582666397094726563 21.650667190551757813 21.535333633422851563 21.36199951171875 21.320667266845703125 21.37066650390625 21.388666152954101563 21.326000213623046875 21.314666748046875 21.21866607666015625 21.112667083740234375 21.040666580200195313
22.392000198364257813 22.371999740600585938 22.3513336181640625 22.330667495727539063 22.386667251586914063 22.327333450317382813 22.33933258056640625 22.381999969482421875 22.387332916259765625 22.360666275024414063 22.324666976928710938 22.288665771484375 22.257999420166015625 22.268667221069335938 22.271333694458007813 22.2480010986328125 22.248666763305664063 22.249332427978515625 22.292667388916015625 22.34600067138671875 22.350666046142578125 22.336666107177734375 22.341333389282226563 22.24466705322265625 22.180665969848632813 22.133333206176757813 21.988000869750976563 21.864000320434570313 21.838666915893554688 21.81133270263671875 21.86733245849609375 21.876667022705078125 21.855333328247070313 21.859333038330078125 21.873332977294921875 21.8339996337890625 21.80066680908203125 21.6660003662109375 21.645999908447265625 21.534666061401367188 21.302000045776367188 21.2046661376953125 21.307332992553710938 21.375333786010742188 21.365999221801757813 21.299333572387695313 21.2586669921875 21.128665924072265625 21.029333114624023438
22.406665802001953125 22.401332855224609375 22.406000137329101563 22.36533355712890625 22.305334091186523438 22.20800018310546875 22.274667739868164063 22.316667556762695313 22.350000381469726563 22.30066680908203125 22.250665664672851563 22.242666244506835938 22.222665786743164063 22.195333480834960938 22.172000885009765625 22.147333145141601563 22.098667144775390625 22.074666976928710938 22.082000732421875 22.151332855224609375 22.212667465209960938 22.235332489013671875 22.282667160034179688 22.253999710083007813 22.2393341064453125 22.100000381469726563 21.868000030517578125 21.790666580200195313 21.777334213256835938 21.69733428955078125 21.7046661376953125 21.855333328247070313 21.819334030151367188 21.79000091552734375 21.841999053955078125 21.77266693115234375 21.658666610717773438 21.576665878295898438 21.559999465942382813 21.434000015258789063 21.187999725341796875 21.073333740234375 21.173334121704101563 21.252000808715820313 21.30266571044921875 21.375333786010742188 21.315999984741210938 21.222667694091796875 21.084667205810546875
22.315332412719726563 22.316667556762695313 22.30266571044921875 22.301332473754882813 22.276666641235351563 22.184000015258789063 22.198665618896484375 22.127332687377929688 22.12599945068359375 22.175333023071289063 22.211999893188476563 22.215999603271484375 22.197332382202148438 22.161333084106445313 22.124666213989257813 22.10666656494140625 22.064666748046875 22.00533294677734375 21.928667068481445313 21.914667129516601563 22.00533294677734375 22.052667617797851563 22.069334030151367188 22.074666976928710938 22.045999526977539063 21.911333084106445313 21.750667572021484375 21.728666305541992188 21.71666717529296875 21.663333892822265625 21.572666168212890625 21.694665908813476563 21.740665435791015625 21.7220001220703125 21.656665802001953125 21.622667312622070313 21.5666656494140625 21.577333450317382813 21.481332778930664063 21.2606658935546875 21.10666656494140625 21.038665771484375 21.004667282104492188 21.010000228881835938 21.158666610717773438 21.279333114624023438 21.1746673583984375 21.150667190551757813 21.08933258056640625
22.252666473388671875 22.2306671142578125 22.20800018310546875 22.194000244140625 22.219333648681640625 22.18000030517578125 22.15399932861328125 22.007999420166015625 21.955333709716796875 22.034666061401367188 22.138666152954101563 22.12066650390625 22.057332992553710938 22.1013336181640625 22.153333663940429688 22.1100006103515625 22.07866668701171875 22.045999526977539063 22.011999130249023438 21.964666366577148438 22.014667510986328125 21.996000289916992188 21.930665969848632813 21.889333724975585938 21.875333786010742188 21.768667221069335938 21.648000717163085938 21.639333724975585938 21.647333145141601563 21.694665908813476563 21.627332687377929688 21.604000091552734375 21.656665802001953125 21.590000152587890625 21.506000518798828125 21.447999954223632813 21.5086669921875 21.5106658935546875 21.313333511352539063 21.025333404541015625 20.870000839233398438 20.894666671752929688 20.937334060668945313 20.820667266845703125 20.852666854858398438 21.018667221069335938 21.002666473388671875 20.975999832153320313 20.943332672119140625
22.21666717529296875 22.1959991455078125 22.193332672119140625 22.177333831787109375 22.127332687377929688 22.139333724975585938 22.184665679931640625 22.070667266845703125 22.03333282470703125 22.000665664672851563 22.05933380126953125 22.074666976928710938 22.057332992553710938 22.152666091918945313 22.214666366577148438 22.15200042724609375 22.1100006103515625 22.107999801635742188 22.10466766357421875 22.054666519165039063 22.044666290283203125 22.024000167846679688 21.91266632080078125 21.808000564575195313 21.795999526977539063 21.756666183471679688 21.648000717163085938 21.601999282836914063 21.614000320434570313 21.645999908447265625 21.6100006103515625 21.577999114990234375 21.602666854858398438 21.532667160034179688 21.4459991455078125 21.38266754150390625 21.417999267578125 21.3686676025390625 21.138668060302734375 20.864665985107421875 20.613332748413085938 20.658000946044921875 20.847333908081054688 20.697999954223632813 20.628000259399414063 20.767333984375 20.710000991821289063 20.530666351318359375 20.588666915893554688
22.182666778564453125 22.11199951171875 22.131999969482421875 22.138666152954101563 22.110666275024414063 22.127332687377929688 22.175333023071289063 22.138666152954101563 22.07866668701171875 22.09600067138671875 22.118665695190429688 22.145334243774414063 22.222667694091796875 22.274000167846679688 22.248666763305664063 22.204000473022460938 22.135334014892578125 22.093999862670898438 22.032667160034179688 21.947999954223632813 21.931333541870117188 21.93199920654296875 21.899999618530273438 21.7586669921875 21.690000534057617188 21.704000473022460938 21.63800048828125 21.573999404907226563 21.552667617797851563 21.553333282470703125 21.5540008544921875 21.597333908081054688 21.605998992919921875 21.5260009765625 21.485332489013671875 21.451999664306640625 21.359333038330078125 21.275999069213867188 21.142667770385742188 20.950000762939453125 20.821332931518554688 20.80066680908203125 20.677333831787109375 20.516000747680664063 20.51599884033203125 20.5 20.488666534423828125 20.320667266845703125 20.261333465576171875
22.207332611083984375 22.14333343505859375 22.100666046142578125 22.043333053588867188 22.021333694458007813 22.034000396728515625 22.06999969482421875 22.11733245849609375 22.055334091186523438 22.11199951171875 22.112667083740234375 22.059999465942382813 22.06800079345703125 22.098667144775390625 22.102666854858398438 22.129999160766601563 22.085332870483398438 22.004667282104492188 21.989999771118164063 21.920667648315429688 21.889333724975585938 21.87933349609375 21.857334136962890625 21.766666412353515625 21.668666839599609375 21.648000717163085938 21.576000213623046875 21.576665878295898438 21.571332931518554688 21.534000396728515625 21.473333358764648438 21.500665664672851563 21.50333404541015625 21.501333236694335938 21.461999893188476563 21.509334564208984375 21.371999740600585938 21.210000991821289063 21.084667205810546875 21.05933380126953125 21.070667266845703125 21.026666641235351563 20.708665847778320313 20.427999496459960938 20.36199951171875 20.228000640869140625 20.247333526611328125 20.076665878295898438 19.88466644287109375
22.16266632080078125 22.139333724975585938 22.06133270263671875 21.9913330078125 21.944665908813476563 21.928667068481445313 21.951333999633789063 22.010000228881835938 22.08066558837890625 22.079334259033203125 22.085332870483398438 22.090667724609375 21.993999481201171875 21.901332855224609375 21.87066650390625 21.920000076293945313 22.002666473388671875 21.969999313354492188 21.8899993896484375 21.80266571044921875 21.780666351318359375 21.779333114624023438 21.76399993896484375 21.756666183471679688 21.690000534057617188 21.59600067138671875 21.552000045776367188 21.467332839965820313 21.479333877563476563 21.443332672119140625 21.34466552734375 21.298000335693359375 21.332666397094726563 21.374666213989257813 21.426666259765625 21.461999893188476563 21.373332977294921875 21.228000640869140625 21.14333343505859375 21.031999588012695313 21.049333572387695313 21.1486663818359375 21.12066650390625 20.696666717529296875 20.2586669921875 20.11199951171875 20.186666488647460938 20.114665985107421875 19.940000534057617188
22.086000442504882813 22.047332763671875 21.9739990234375 21.926000595092773438 21.9073333740234375 21.891332626342773438 21.855333328247070313 21.870000839233398438 21.934665679931640625 21.964000701904296875 22.026666641235351563 22.06999969482421875 21.992666244506835938 21.875333786010742188 21.833333969116210938 21.854000091552734375 21.848667144775390625 21.813999176025390625 21.760000228881835938 21.729333877563476563 21.728666305541992188 21.752000808715820313 21.73600006103515625 21.715999603271484375 21.68199920654296875 21.603334426879882813 21.4806671142578125 21.37933349609375 21.408666610717773438 21.378665924072265625 21.312000274658203125 21.185998916625976563 21.14533233642578125 21.105333328247070313 21.185333251953125 21.307332992553710938 21.308000564575195313 21.329334259033203125 21.281999588012695313 21.133333206176757813 21.0193328857421875 21.107999801635742188 21.100666046142578125 20.645334243774414063 20.281999588012695313 20.10666656494140625 20.072000503540039063 20.040666580200195313 19.962667465209960938
22.048000335693359375 21.987333297729492188 21.93199920654296875 21.917333602905273438 21.905332565307617188 21.857999801635742188 21.826000213623046875 21.808000564575195313 21.860666275024414063 21.898000717163085938 21.978666305541992188 22.102666854858398438 22.0926666259765625 21.894666671752929688 21.79866790771484375 21.855333328247070313 21.840665817260742188 21.788000106811523438 21.733999252319335938 21.715333938598632813 21.698667526245117188 21.694000244140625 21.677999496459960938 21.658666610717773438 21.62599945068359375 21.543333053588867188 21.44933319091796875 21.41066741943359375 21.406667709350585938 21.218000411987304688 21.11199951171875 21.034666061401367188 20.956666946411132813 20.860666275024414063 20.972667694091796875 21.106000900268554688 21.110666275024414063 21.105998992919921875 21.1573333740234375 21.072666168212890625 21.001333236694335938 21.055999755859375 21.095333099365234375 20.801332473754882813 20.413999557495117188 20.1226654052734375 19.867334365844726563 19.84466552734375 19.6746673583984375
22.016666412353515625 21.98799896240234375 21.948667526245117188 21.941999435424804688 21.927333831787109375 21.870000839233398438 21.840665817260742188 21.8426666259765625 21.859333038330078125 21.848667144775390625 21.890666961669921875 22.018667221069335938 22.092000961303710938 21.930667877197265625 21.733333587646484375 21.75 21.756666183471679688 21.734666824340820313 21.684667587280273438 21.663333892822265625 21.63466644287109375 21.61733245849609375 21.5753326416015625 21.531999588012695313 21.492666244506835938 21.451999664306640625 21.398000717163085938 21.378665924072265625 21.366666793823242188 21.185333251953125 21.011333465576171875 20.90533447265625 20.778667449951171875 20.69733428955078125 20.856000900268554688 20.941999435424804688 21.071332931518554688 21.0453338623046875 21.029333114624023438 21.006666183471679688 20.979333877563476563 20.995334625244140625 20.995334625244140625 20.957332611083984375 20.813999176025390625 20.15200042724609375 19.775999069213867188 19.506666183471679688 19.3166656494140625
22.025999069213867188 22.0086669921875 22.000667572021484375 22.018667221069335938 22.049333572387695313 22.007999420166015625 21.96866607666015625 21.982666015625 21.954000473022460938 21.922000885009765625 21.915332794189453125 21.895999908447265625 21.899333953857421875 21.836666107177734375 21.709333419799804688 21.681333541870117188 21.677999496459960938 21.647333145141601563 21.61533355712890625 21.582000732421875 21.593334197998046875 21.602666854858398438 21.52466583251953125 21.430665969848632813 21.37933349609375 21.352001190185546875 21.327333450317382813 21.29199981689453125 21.224666595458984375 21.08733367919921875 21.04000091552734375 20.920665740966796875 20.857999801635742188 20.75533294677734375 20.785333633422851563 20.906000137329101563 20.930665969848632813 20.937999725341796875 20.923999786376953125 21.017333984375 20.9546661376953125 20.767333984375 20.694665908813476563 20.768667221069335938 20.794666290283203125 20.497333526611328125 20.011333465576171875 19.383333206176757813 19.207332611083984375
22.059999465942382813 22.040666580200195313 22.0839996337890625 22.108667373657226563 22.158666610717773438 22.159999847412109375 22.14333343505859375 22.063333511352539063 22.077333450317382813 22.084667205810546875 22.088666915893554688 22.042667388916015625 21.869333267211914063 21.797332763671875 21.74666595458984375 21.63466644287109375 21.625333786010742188 21.642665863037109375 21.59799957275390625 21.541334152221679688 21.497999191284179688 21.453332901000976563 21.42133331298828125 21.401332855224609375 21.350000381469726563 21.297332763671875 21.237333297729492188 21.204000473022460938 21.133333206176757813 21.001333236694335938 21.004667282104492188 21.049333572387695313 20.981332778930664063 20.95800018310546875 20.916666030883789063 20.841333389282226563 20.84600067138671875 20.866666793823242188 20.7586669921875 20.742666244506835938 20.517999649047851563 20.128000259399414063 20.052000045776367188 20.507999420166015625 20.728666305541992188 20.591999053955078125 19.98600006103515625 19.558000564575195313 19.46666717529296875
22.035999298095703125 22.070667266845703125 22.163999557495117188 22.237333297729492188 22.29000091552734375 22.242000579833984375 22.21666717529296875 22.129999160766601563 22.030000686645507813 21.971332550048828125 22.081998825073242188 21.958667755126953125 21.804666519165039063 21.750667572021484375 21.665332794189453125 21.608667373657226563 21.600000381469726563 21.616001129150390625 21.596666336059570313 21.527332305908203125 21.445333480834960938 21.413999557495117188 21.402667999267578125 21.350000381469726563 21.318666458129882813 21.279998779296875 21.2239990234375 21.1573333740234375 21.152666091918945313 21.10333251953125 21.109333038330078125 21.055999755859375 21.04199981689453125 20.99666595458984375 20.9739990234375 20.871999740600585938 20.7779998779296875 20.775999069213867188 20.684667587280273438 20.58733367919921875 20.215999603271484375 19.90200042724609375 20.046667098999023438 20.163999557495117188 20.225999832153320313 20.172666549682617188 20.352666854858398438 20.088666915893554688 19.71866607666015625
22.017333984375 22.10666656494140625 22.290666580200195313 22.352666854858398438 22.27466583251953125 22.224000930786132813 22.058666229248046875 21.9806671142578125 21.94933319091796875 21.9160003662109375 21.881999969482421875 21.796667098999023438 21.770000457763671875 21.689332962036132813 21.572000503540039063 21.538667678833007813 21.544000625610351563 21.534000396728515625 21.529333114624023438 21.478666305541992188 21.425333023071289063 21.376667022705078125 21.39133453369140625 21.3426666259765625 21.276666641235351563 21.252666473388671875 21.280666351318359375 21.27266693115234375 21.273334503173828125 21.121334075927734375 21.056667327880859375 21.049999237060546875 21.027334213256835938 21.030000686645507813 20.972665786743164063 20.89533233642578125 20.813333511352539063 20.728666305541992188 20.41933441162109375 20.271333694458007813 20.135999679565429688 19.8986663818359375 20.0019989013671875 20.107334136962890625 20.175333023071289063 19.815332412719726563 19.952667236328125 20.205999374389648438 20.135334014892578125
21.952667236328125 22.079999923706054688 22.332000732421875 22.270666122436523438 22.203332901000976563 22.076000213623046875 21.929332733154296875 21.892000198364257813 21.813333511352539063 21.76399993896484375 21.796667098999023438 21.776666641235351563 21.729999542236328125 21.709333419799804688 21.564666748046875 21.469999313354492188 21.447999954223632813 21.470666885375976563 21.475999832153320313 21.417333602905273438 21.361333847045898438 21.315999984741210938 21.275333404541015625 21.264667510986328125 21.172666549682617188 21.233333587646484375 21.307332992553710938 21.370000839233398438 21.322666168212890625 21.234666824340820313 21.084667205810546875 21.044666290283203125 20.99666595458984375 21.029333114624023438 20.9633331298828125 20.847333908081054688 20.805999755859375 20.7413330078125 20.245332717895507813 20.12066650390625 19.8513336181640625 19.779333114624023438 19.852666854858398438 19.946001052856445313 20.05933380126953125 20.0453338623046875 19.984666824340820313 20.0366668701171875 20.080667495727539063
22.02466583251953125 22.10466766357421875 22.212667465209960938 22.156000137329101563 22.12599945068359375 21.982666015625 21.909999847412109375 21.886667251586914063 21.803998947143554688 21.644001007080078125 21.644666671752929688 21.66066741943359375 21.676000595092773438 21.607334136962890625 21.591999053955078125 21.612667083740234375 21.60333251953125 21.55266571044921875 21.521333694458007813 21.425333023071289063 21.332000732421875 21.2413330078125 21.1660003662109375 21.135334014892578125 21.107999801635742188 21.081333160400390625 21.231332778930664063 21.39333343505859375 21.344667434692382813 21.3253326416015625 21.224666595458984375 21.119333267211914063 21.13466644287109375 21.077333450317382813 20.992666244506835938 20.937999725341796875 20.824666976928710938 20.611333847045898438 20.044000625610351563 19.79000091552734375 19.595333099365234375 19.771999359130859375 19.908666610717773438 19.935333251953125 19.929332733154296875 19.979333877563476563 19.8600006103515625 19.804666519165039063 19.787332534790039063
