data/tempwetq.asc
ncols        384
nrows        480
xllcorner    138.000000000000
yllcorner    -29.000000000000
cellsize     0.041666666667
NODATA_value -9999
[rows 374 to 395 of 480, columns 245 to 293 of 384]
25.948665618896484375 26.151332855224609375 26.402666091918945313 26.420000076293945313 26.640666961669921875 26.80933380126953125 26.887332916259765625 26.675333023071289063 26.267333984375 26.77066802978515625 27.052667617797851563 27.147998809814453125 26.49466705322265625 26.878000259399414063 26.86199951171875 26.697999954223632813 26.48799896240234375 26.157999038696289063 25.710666656494140625 25.303333282470703125 25.461334228515625 26.044666290283203125 26.503999710083007813 26.71666717529296875 26.812665939331054688 26.97533416748046875 27.077333450317382813 27.15000152587890625 27.151332855224609375 27.10666656494140625 27.077999114990234375 26.997333526611328125 27.0019989013671875 27.021999359130859375 27.012666702270507813 27.14666748046875 27.0839996337890625 27.037334442138671875 26.544000625610351563 26.63800048828125 26.8079986572265625 26.817998886108398438 26.756666183471679688 26.144666671752929688 26.048666000366210938 25.979333877563476563 25.85333251953125 25.481332778930664063 25.84799957275390625
25.341333389282226563 26.144666671752929688 26.375333786010742188 26.558666229248046875 26.667999267578125 26.7566680908203125 26.87599945068359375 26.866001129150390625 26.4893341064453125 26.5453338623046875 26.721332550048828125 26.94066619873046875 26.85666656494140625 26.743333816528320313 26.7480010986328125 26.62066650390625 26.340667724609375 25.858667373657226563 25.310667037963867188 25.057332992553710938 25.488000869750976563 26.010000228881835938 26.368665695190429688 26.595333099365234375 26.857334136962890625 27.021333694458007813 27.125333786010742188 27.107334136962890625 27.095333099365234375 27.029998779296875 26.929332733154296875 26.84799957275390625 26.970666885375976563 26.946666717529296875 26.923999786376953125 27.009334564208984375 27.073333740234375 27.102001190185546875 26.813999176025390625 26.645334243774414063 26.189332962036132813 26.197999954223632813 26.06999969482421875 26.00333404541015625 26.065999984741210938 25.990667343139648438 25.74266815185546875 25.2220001220703125 25.305334091186523438
26.07666778564453125 26.00333404541015625 26.034000396728515625 26.30933380126953125 26.724000930786132813 26.757333755493164063 26.806667327880859375 26.848667144775390625 26.673999786376953125 26.155332565307617188 26.5066680908203125 26.668666839599609375 26.656000137329101563 26.697999954223632813 26.700666427612304688 26.700666427612304688 26.357334136962890625 25.717332839965820313 25.1186676025390625 24.761999130249023438 25.461334228515625 26.12933349609375 26.53133392333984375 26.69733428955078125 26.813333511352539063 27.049333572387695313 27.181333541870117188 27.17333221435546875 27.153333663940429688 27.011333465576171875 26.802000045776367188 26.6959991455078125 26.721332550048828125 26.807332992553710938 26.797332763671875 26.85666656494140625 26.932666778564453125 27.00533294677734375 26.937999725341796875 26.447999954223632813 26.697999954223632813 26.22533416748046875 26.107999801635742188 26.016666412353515625 26.694665908813476563 26.612667083740234375 25.7133331298828125 25.355998992919921875 25.55266571044921875
24.792667388916015625 25.009332656860351563 25.831333160400390625 26.459333419799804688 26.556667327880859375 26.531999588012695313 26.558666229248046875 26.618000030517578125 26.479333877563476563 26.104000091552734375 26.312665939331054688 26.560667037963867188 26.493999481201171875 26.568666458129882813 26.599332809448242188 26.670665740966796875 26.455999374389648438 25.947999954223632813 24.98600006103515625 24.792667388916015625 25.637332916259765625 26.351999282836914063 26.63800048828125 26.837999343872070313 26.988666534423828125 27.1100006103515625 27.01200103759765625 26.969999313354492188 26.934665679931640625 26.732000350952148438 26.538665771484375 26.390666961669921875 26.47733306884765625 26.612667083740234375 26.711999893188476563 26.784666061401367188 26.763332366943359375 26.788000106811523438 26.85866546630859375 26.343999862670898438 26.43866729736328125 26.684667587280273438 26.731332778930664063 26.088666915893554688 26.011999130249023438 25.982000350952148438 25.85333251953125 25.617334365844726563 25.525333404541015625
24.950666427612304688 25.521333694458007813 25.931333541870117188 26.2693328857421875 26.408666610717773438 26.315332412719726563 26.11199951171875 26.422000885009765625 26.379999160766601563 26.211334228515625 26.262666702270507813 26.447999954223632813 26.440000534057617188 26.513334274291992188 26.6186676025390625 26.521999359130859375 26.297332763671875 25.721332550048828125 24.7393341064453125 25.144666671752929688 25.780666351318359375 26.403331756591796875 26.70133209228515625 26.885334014892578125 26.9546661376953125 26.95800018310546875 26.8773345947265625 26.80933380126953125 26.670000076293945313 26.417999267578125 26.366666793823242188 26.199998855590820313 26.251333236694335938 26.369998931884765625 26.470001220703125 26.574001312255859375 26.548666000366210938 26.5666656494140625 26.697999954223632813 26.457332611083984375 26.337999343872070313 26.511999130249023438 26.006666183471679688 26.039333343505859375 25.93199920654296875 26.588666915893554688 26.628000259399414063 25.79000091552734375 25.52066802978515625
25.455333709716796875 25.464666366577148438 25.740665435791015625 26.067333221435546875 26.189998626708984375 26.226665496826171875 26.153333663940429688 26.340665817260742188 26.332666397094726563 26.082666397094726563 26.112667083740234375 26.329999923706054688 26.507999420166015625 26.51399993896484375 26.564001083374023438 26.479999542236328125 26.0106658935546875 25.085332870483398438 24.68866729736328125 25.2693328857421875 25.694665908813476563 26.349332809448242188 26.69933319091796875 26.815999984741210938 26.908666610717773438 26.810001373291015625 26.700000762939453125 26.692667007446289063 26.470666885375976563 26.30066680908203125 26.212667465209960938 26.063333511352539063 26.104000091552734375 26.09799957275390625 26.201999664306640625 26.36733245849609375 26.394001007080078125 26.439332962036132813 26.61733245849609375 26.600000381469726563 26.391332626342773438 25.8899993896484375 25.913999557495117188 26.63466644287109375 26.663333892822265625 26.126667022705078125 26.04199981689453125 25.916667938232421875 25.6920013427734375
25.04000091552734375 24.83933258056640625 25.447999954223632813 26.035999298095703125 26.077999114990234375 26.09799957275390625 26.08933258056640625 26.072666168212890625 26.16266632080078125 26.073999404907226563 26.030666351318359375 26.180665969848632813 26.2393341064453125 26.530666351318359375 26.63800048828125 26.493999481201171875 25.499332427978515625 24.708667755126953125 24.687999725341796875 25.15533447265625 25.138666152954101563 26.287334442138671875 26.58933258056640625 26.689332962036132813 26.797332763671875 26.651332855224609375 26.573999404907226563 26.587999343872070313 26.406000137329101563 25.857999801635742188 25.595333099365234375 25.72933197021484375 25.588666915893554688 25.627332687377929688 25.926000595092773438 26.184000015258789063 26.357999801635742188 26.459333419799804688 26.618000030517578125 25.969333648681640625 26.196666717529296875 26.465333938598632813 25.923999786376953125 26.658000946044921875 26.619333267211914063 26.593999862670898438 25.889333724975585938 25.843999862670898438 25.817333221435546875
23.06133270263671875 24.490665435791015625 25.68000030517578125 25.993999481201171875 25.6746673583984375 25.8213348388671875 25.778667449951171875 25.9073333740234375 26.27466583251953125 26.413999557495117188 26.218000411987304688 26.12799835205078125 26.073999404907226563 26.48799896240234375 26.630001068115234375 26.4073333740234375 25.375333786010742188 24.882665634155273438 24.862667083740234375 24.93199920654296875 25.621999740600585938 26.195333480834960938 26.473333358764648438 26.644001007080078125 26.693332672119140625 26.600000381469726563 26.511333465576171875 26.312000274658203125 25.694000244140625 25.159999847412109375 25.09799957275390625 25.335332870483398438 25.341333389282226563 25.2046661376953125 25.629999160766601563 26.172000885009765625 26.30066680908203125 26.343999862670898438 26.464666366577148438 26.511333465576171875 26.063999176025390625 26.20800018310546875 26.503999710083007813 26.57866668701171875 25.854665756225585938 26.467334747314453125 26.4806671142578125 25.855998992919921875 25.788667678833007813
23.731332778930664063 24.9333343505859375 25.62933349609375 26.016666412353515625 25.665332794189453125 25.801334381103515625 26.093334197998046875 26.179332733154296875 26.373332977294921875 26.42133331298828125 26.329332351684570313 25.899333953857421875 25.97533416748046875 26.372667312622070313 26.469333648681640625 26.023334503173828125 25.636667251586914063 25.017333984375 25.007333755493164063 25.343999862670898438 25.653333663940429688 26.1486663818359375 26.366001129150390625 26.488666534423828125 26.549333572387695313 26.415332794189453125 26.1013336181640625 25.718000411987304688 25.020666122436523438 24.94933319091796875 25.13800048828125 25.187334060668945313 25.431333541870117188 25.584667205810546875 25.689332962036132813 25.9373321533203125 25.999334335327148438 26.049333572387695313 26.202667236328125 26.412000656127929688 26.353334426879882813 26.0260009765625 26.313333511352539063 25.742000579833984375 25.728666305541992188 25.780666351318359375 25.86733245849609375 25.739999771118164063 26.238666534423828125
23.422000885009765625 24.823999404907226563 25.718000411987304688 26.150667190551757813 26.13800048828125 26.233333587646484375 26.332666397094726563 26.407999038696289063 26.392000198364257813 26.465333938598632813 26.458665847778320313 26.021333694458007813 26.20800018310546875 26.3600006103515625 26.170665740966796875 25.427999496459960938 25.51399993896484375 25.31133270263671875 25.359333038330078125 25.4806671142578125 25.72733306884765625 25.985332489013671875 25.987333297729492188 25.897333145141601563 25.965333938598632813 25.701999664306640625 25.032667160034179688 24.90399932861328125 24.990667343139648438 25.035333633422851563 25.186666488647460938 25.084667205810546875 25.2413330078125 25.656665802001953125 25.450666427612304688 25.408666610717773438 25.5260009765625 25.694000244140625 25.978000640869140625 26.317333221435546875 26.55266571044921875 26.303333282470703125 25.689332962036132813 25.770666122436523438 25.792667388916015625 26.426000595092773438 26.509334564208984375 25.804666519165039063 26.084667205810546875
23.242000579833984375 25.074666976928710938 25.836000442504882813 26.137332916259765625 26.240667343139648438 26.271333694458007813 26.156665802001953125 25.976665496826171875 26.284000396728515625 26.46533203125 26.542665481567382813 26.329999923706054688 26.373332977294921875 26.507999420166015625 25.961999893188476563 25.441333770751953125 25.3126678466796875 25.200000762939453125 25.342000961303710938 25.672666549682617188 25.780000686645507813 25.738000869750976563 25.377332687377929688 24.55066680908203125 24.866666793823242188 24.9373321533203125 24.535333633422851563 24.513332366943359375 24.87400054931640625 24.9246673583984375 25.1186676025390625 25.114000320434570313 25.221332550048828125 25.405332565307617188 25.206666946411132813 25.274000167846679688 25.176000595092773438 25.257333755493164063 25.439332962036132813 26.064666748046875 26.447332382202148438 26.2133331298828125 26.1660003662109375 25.75333404541015625 26.490667343139648438 26.495334625244140625 26.527332305908203125 25.787334442138671875 25.436666488647460938
24.150667190551757813 25.14666748046875 25.6833343505859375 26.020000457763671875 25.985332489013671875 26.038000106811523438 25.796667098999023438 25.663333892822265625 26.153333663940429688 26.313999176025390625 26.352664947509765625 26.31800079345703125 26.50533294677734375 26.620000839233398438 26.0019989013671875 25.240667343139648438 25.181333541870117188 25.079332351684570313 25.2393341064453125 25.56133270263671875 25.539333343505859375 25.389333724975585938 25.091999053955078125 24.2693328857421875 24.298666000366210938 24.539333343505859375 24.696666717529296875 24.90399932861328125 24.79000091552734375 24.791334152221679688 25.04399871826171875 25.388666152954101563 25.558666229248046875 25.577999114990234375 25.440000534057617188 25.28133392333984375 25.436666488647460938 25.418666839599609375 25.290666580200195313 25.370000839233398438 25.8813323974609375 26.017999649047851563 25.843334197998046875 26.225999832153320313 25.767999649047851563 26.318666458129882813 26.398000717163085938 25.729999542236328125 25.628000259399414063
23.45999908447265625 24.711334228515625 25.338666915893554688 25.5839996337890625 25.555999755859375 25.705999374389648438 25.655332565307617188 25.739332199096679688 25.965333938598632813 26.013334274291992188 26.107334136962890625 26.333332061767578125 26.607999801635742188 26.63466644287109375 26.364000320434570313 25.118000030517578125 24.965999603271484375 24.900667190551757813 24.952667236328125 25.2693328857421875 25.072666168212890625 24.771999359130859375 24.734666824340820313 24.399999618530273438 24.443332672119140625 24.631999969482421875 24.72533416748046875 25.025333404541015625 25.148000717163085938 24.986667633056640625 25.17133331298828125 25.580667495727539063 25.915332794189453125 25.8600006103515625 25.795999526977539063 25.61533355712890625 25.717332839965820313 25.526666641235351563 25.492000579833984375 25.201333999633789063 25.242000579833984375 25.714000701904296875 25.711999893188476563 26.034000396728515625 26.206666946411132813 26.242000579833984375 26.314666748046875 25.810667037963867188 26.413333892822265625
23.938665390014648438 23.82666778564453125 24.697999954223632813 24.586666107177734375 24.719333648681640625 24.858667373657226563 25.084667205810546875 25.32866668701171875 25.75533294677734375 25.775333404541015625 25.960666656494140625 26.253999710083007813 26.517332077026367188 26.642665863037109375 26.5279998779296875 25.521999359130859375 24.620000839233398438 24.479333877563476563 24.591999053955078125 24.86199951171875 24.836000442504882813 24.344667434692382813 24.656000137329101563 24.66066741943359375 24.782667160034179688 24.88466644287109375 25.044666290283203125 25.140666961669921875 25.167999267578125 25.246000289916992188 25.478666305541992188 25.770000457763671875 26.060667037963867188 25.887332916259765625 25.840665817260742188 25.876667022705078125 25.70600128173828125 25.4720001220703125 25.56133270263671875 25.308666229248046875 25.329999923706054688 25.275333404541015625 25.422000885009765625 25.890666961669921875 26.1833343505859375 26.292665481567382813 26.33733367919921875 26.400667190551757813 25.81133270263671875
24.56999969482421875 23.971332550048828125 23.46666717529296875 23.773332595825195313 24.104000091552734375 24.618000030517578125 24.996000289916992188 25.361333847045898438 25.521333694458007813 25.329334259033203125 25.649333953857421875 26.007333755493164063 26.395999908447265625 26.583333969116210938 26.544666290283203125 25.948667526245117188 24.66933441162109375 24.16266632080078125 24.4913330078125 24.7779998779296875 24.565332412719726563 24.555334091186523438 24.543333053588867188 24.701999664306640625 24.946666717529296875 24.988000869750976563 25.128000259399414063 25.362667083740234375 25.43199920654296875 25.576000213623046875 25.742666244506835938 25.98600006103515625 26.091333389282226563 25.827999114990234375 25.945333480834960938 26.06999969482421875 26.081333160400390625 25.770666122436523438 25.572000503540039063 25.274000167846679688 25.15399932861328125 25.4246673583984375 25.398000717163085938 25.492000579833984375 25.748666763305664063 26.133333206176757813 26.257999420166015625 26.357334136962890625 26.261333465576171875
24.887332916259765625 24.426666259765625 23.7519989013671875 23.538000106811523438 23.6486663818359375 23.90399932861328125 24.154666900634765625 24.392000198364257813 24.787332534790039063 25.1100006103515625 24.98400115966796875 25.4160003662109375 26.099332809448242188 26.390666961669921875 26.349332809448242188 26.220666885375976563 25.320667266845703125 24.235332489013671875 24.425333023071289063 24.861333847045898438 24.843334197998046875 24.659334182739257813 24.605998992919921875 24.677999496459960938 24.973333358764648438 25.238000869750976563 25.107999801635742188 25.265333175659179688 25.4720001220703125 25.79199981689453125 25.904666900634765625 25.909334182739257813 25.975999832153320313 25.972667694091796875 25.988000869750976563 26.156000137329101563 26.257999420166015625 25.99666595458984375 25.686000823974609375 25.456666946411132813 25.25 25.38800048828125 25.37599945068359375 25.369333267211914063 25.596666336059570313 25.7586669921875 26.256000518798828125 26.282665252685546875 25.99466705322265625
25.009332656860351563 24.827333450317382813 24.4913330078125 24.16066741943359375 23.892665863037109375 23.840665817260742188 24.28333282470703125 24.406000137329101563 24.642000198364257813 24.770666122436523438 24.838666915893554688 24.965999603271484375 25.060001373291015625 25.87066650390625 26.15399932861328125 26.161333084106445313 25.383333206176757813 24.460666656494140625 24.68199920654296875 24.877332687377929688 24.986667633056640625 25.00333404541015625 24.986667633056640625 24.968000411987304688 24.8253326416015625 25.08733367919921875 25.11333465576171875 25.426000595092773438 25.6746673583984375 25.791332244873046875 25.757333755493164063 25.722667694091796875 25.894001007080078125 26.0193328857421875 26.072666168212890625 26.107332229614257813 26.273332595825195313 26.176000595092773438 25.87933349609375 25.763332366943359375 25.600000381469726563 25.34600067138671875 25.383998870849609375 25.260000228881835938 25.383998870849609375 25.728000640869140625 25.990667343139648438 26.062665939331054688 25.641332626342773438
25.177333831787109375 25.194000244140625 24.936000823974609375 24.656665802001953125 24.530000686645507813 24.3686676025390625 24.645334243774414063 24.84799957275390625 24.83066558837890625 24.98400115966796875 24.763332366943359375 24.873332977294921875 24.63800048828125 25.169332504272460938 25.9459991455078125 26.16066741943359375 25.576000213623046875 24.305334091186523438 24.2220001220703125 24.457332611083984375 24.941999435424804688 24.805999755859375 25.016000747680664063 25.217332839965820313 25.00333404541015625 25.203332901000976563 25.39666748046875 25.673999786376953125 25.745334625244140625 25.826000213623046875 25.836666107177734375 25.88266754150390625 25.935333251953125 26.028667449951171875 26.08733367919921875 26.10333251953125 26.307332992553710938 26.324666976928710938 25.999332427978515625 25.82199859619140625 25.860666275024414063 25.53333282470703125 25.302000045776367188 25.493333816528320313 25.59799957275390625 25.7393341064453125 25.860666275024414063 25.571332931518554688 25.31999969482421875
25.153333663940429688 25.257999420166015625 25.009332656860351563 24.7779998779296875 24.986665725708007813 24.872667312622070313 24.729333877563476563 24.997333526611328125 25.037332534790039063 24.96866607666015625 25.065334320068359375 24.817333221435546875 24.596666336059570313 25.082000732421875 25.885334014892578125 26.16933441162109375 25.524000167846679688 24.09799957275390625 24.243999481201171875 24.613332748413085938 24.73799896240234375 24.658666610717773438 25.007999420166015625 25.36733245849609375 25.45800018310546875 25.444000244140625 25.543333053588867188 25.887332916259765625 25.926000595092773438 25.899999618530273438 25.697332382202148438 25.798000335693359375 25.965999603271484375 26.045999526977539063 26.024000167846679688 26.014667510986328125 26.288665771484375 26.425333023071289063 26.22733306884765625 25.97533416748046875 25.9720001220703125 25.709333419799804688 25.420000076293945313 25.560667037963867188 25.739999771118164063 25.84799957275390625 25.847332000732421875 25.73400115966796875 25.270000457763671875
25.214000701904296875 25.307332992553710938 25.139331817626953125 24.909999847412109375 25.021333694458007813 25.271333694458007813 25.257999420166015625 25.233333587646484375 25.224000930786132813 25.148000717163085938 25.30933380126953125 25.161333084106445313 24.78333282470703125 25.114665985107421875 25.686666488647460938 26.010000228881835938 25.747333526611328125 24.711332321166992188 24.0839996337890625 24.27266693115234375 24.476667404174804688 24.64666748046875 24.96533203125 25.167999267578125 25.304666519165039063 25.58733367919921875 25.766666412353515625 25.961999893188476563 26.110666275024414063 26.00533294677734375 25.656000137329101563 25.702667236328125 25.800001144409179688 25.753999710083007813 25.90533447265625 26.077333450317382813 26.257999420166015625 26.427999496459960938 26.424665451049804688 26.287334442138671875 26.02466583251953125 25.909332275390625 25.901332855224609375 25.972667694091796875 26.114000320434570313 25.988000869750976563 25.86199951171875 25.761333465576171875 25.490665435791015625
25.2866668701171875 25.294666290283203125 25.146665573120117188 24.946666717529296875 24.90200042724609375 25.093334197998046875 25.12400054931640625 25.144666671752929688 25.11333465576171875 25.228000640869140625 25.319334030151367188 25.26399993896484375 25.002666473388671875 24.855998992919921875 25.21866607666015625 25.7866668701171875 25.664667129516601563 24.764667510986328125 24.406000137329101563 24.408666610717773438 24.614000320434570313 24.774000167846679688 24.98400115966796875 25.011333465576171875 25.248666763305664063 25.5839996337890625 25.857999801635742188 26.0066680908203125 25.8600006103515625 25.89333343505859375 25.970666885375976563 26.1186676025390625 26.201999664306640625 26.177333831787109375 26.08933258056640625 26.006000518798828125 26.2393341064453125 26.454668045043945313 26.476665496826171875 26.368000030517578125 26.184000015258789063 26.234666824340820313 26.184667587280273438 26.361331939697265625 26.34600067138671875 26.064666748046875 25.87066650390625 25.791332244873046875 25.600000381469726563
25.340000152587890625 25.392000198364257813 25.266666412353515625 24.970001220703125 24.852666854858398438 24.85666656494140625 24.967332839965820313 25.007333755493164063 25.057332992553710938 25.08733367919921875 25.163333892822265625 25.259332656860351563 25.238666534423828125 25.12400054931640625 25.186000823974609375 25.46666717529296875 25.299333572387695313 24.892667770385742188 24.7693328857421875 24.642665863037109375 24.795999526977539063 24.925998687744140625 24.944665908813476563 25.267333984375 25.478666305541992188 25.636667251586914063 25.803333282470703125 25.944000244140625 25.662000656127929688 25.8426666259765625 26.148000717163085938 26.42133331298828125 26.545999526977539063 26.525333404541015625 26.482000350952148438 26.360668182373046875 26.3426666259765625 26.509334564208984375 26.220666885375976563 26.00333404541015625 26.161333084106445313 26.3813323974609375 26.434000015258789063 26.46866607666015625 26.483333587646484375 26.398000717163085938 26.161333084106445313 25.915332794189453125 25.687999725341796875
