data/tempdryq.asc
ncols        384
nrows        480
xllcorner    138.000000000000
yllcorner    -29.000000000000
cellsize     0.041666666667
NODATA_value -9999
[rows 418 to 439 of 480, columns 196 to 244 of 384]
13.030666351318359375 12.93000030517578125 12.848000526428222656 12.939332962036132813 12.996000289916992188 12.903333663940429688 12.8513336181640625 12.831333160400390625 12.799332618713378906 12.619333267211914063 12.587999343872070313 12.541333198547363281 12.501333236694335938 12.396666526794433594 12.408666610717773438 12.551333427429199219 12.454667091369628906 12.464666366577148438 12.507333755493164063 12.427332878112792969 12.432000160217285156 12.312666893005371094 12.168666839599609375 13.786000251770019531 12.14333343505859375 13.678000450134277344 13.460000038146972656 11.743332862854003906 11.896666526794433594 11.961999893188476563 11.973333358764648438 13.75 13.819333076477050781 13.804666519165039063 13.560667037963867188 13.578000068664550781 13.708666801452636719 13.764666557312011719 13.824666976928710938 13.885333061218261719 14.014667510986328125 14.015999794006347656 13.923999786376953125 14.007332801818847656 14.039333343505859375 14.16266632080078125 14.256667137145996094 14.127999305725097656 14.057332992553710938
12.927333831787109375 12.843333244323730469 12.80066680908203125 12.878666877746582031 12.946000099182128906 12.882666587829589844 12.88466644287109375 12.897999763488769531 12.815333366394042969 12.670000076293945313 12.569333076477050781 12.602666854858398438 12.514666557312011719 12.440000534057617188 12.435999870300292969 12.471333503723144531 12.428666114807128906 12.441333770751953125 12.388666152954101563 12.322666168212890625 12.345999717712402344 12.251333236694335938 12.074666976928710938 12.04199981689453125 12.045332908630371094 12.035333633422851563 12.0366668701171875 11.8986663818359375 11.936666488647460938 12.064000129699707031 12.070667266845703125 13.747333526611328125 13.822667121887207031 11.9913330078125 13.432666778564453125 13.538000106811523438 13.723333358764648438 13.756667137145996094 13.859333992004394531 13.85666656494140625 12.288000106811523438 12.411333084106445313 14.043999671936035156 14.052666664123535156 14.091333389282226563 14.195333480834960938 14.295999526977539063 14.191332817077636719 14.088666915893554688
12.887333869934082031 12.835999488830566406 12.816666603088378906 12.86533355712890625 12.8339996337890625 12.814666748046875 12.888667106628417969 12.938666343688964844 12.834666252136230469 12.743999481201171875 12.624666213989257813 12.595999717712402344 12.528666496276855469 12.479999542236328125 12.405333518981933594 12.40200042724609375 12.47733306884765625 12.470000267028808594 12.424666404724121094 12.338000297546386719 12.332000732421875 12.230000495910644531 12.090666770935058594 12.056666374206542969 12.135999679565429688 12.252666473388671875 12.243999481201171875 12.104000091552734375 12.078000068664550781 12.142000198364257813 12.119999885559082031 13.748000144958496094 12.131333351135253906 11.906000137329101563 11.715999603271484375 13.513333320617675781 13.669333457946777344 13.721333503723144531 13.793333053588867188 13.755999565124511719 13.885999679565429688 14.082000732421875 14.240667343139648438 14.169333457946777344 14.12066650390625 14.252666473388671875 14.203333854675292969 14.090666770935058594 14.098000526428222656
12.922000885009765625 12.877333641052246094 12.828000068664550781 12.840666770935058594 12.842000007629394531 12.907999992370605469 12.970000267028808594 12.94066619873046875 12.774666786193847656 12.734000205993652344 12.660666465759277344 12.659999847412109375 12.588000297546386719 12.524000167846679688 12.482000350952148438 12.465999603271484375 12.476666450500488281 12.418000221252441406 12.31999969482421875 12.37066650390625 12.344666481018066406 12.279333114624023438 12.176666259765625 12.28133392333984375 12.2220001220703125 12.297999382019042969 12.248666763305664063 12.193332672119140625 12.201999664306640625 12.212667465209960938 12.058667182922363281 11.997333526611328125 12.131999969482421875 11.993333816528320313 11.904000282287597656 13.49466705322265625 13.437999725341796875 13.406000137329101563 13.501999855041503906 13.547333717346191406 13.818666458129882813 14.082000732421875 14.184666633605957031 14.137999534606933594 14.085332870483398438 14.250666618347167969 14.026666641235351563 14.04199981689453125 14.074666976928710938
13.053999900817871094 12.972666740417480469 12.875333786010742188 12.883333206176757813 12.946666717529296875 12.985333442687988281 13.012666702270507813 12.9160003662109375 12.780666351318359375 12.752666473388671875 12.732666969299316406 12.654000282287597656 12.592000007629394531 12.562666893005371094 12.559999465942382813 12.5366668701171875 12.534667015075683594 12.483333587646484375 12.390666961669921875 12.355333328247070313 12.302666664123535156 12.210666656494140625 12.308000564575195313 12.364000320434570313 12.206665992736816406 12.252666473388671875 12.281332969665527344 12.279999732971191406 12.275333404541015625 12.22733306884765625 12.105333328247070313 12.026000022888183594 13.834667205810546875 13.785999298095703125 11.914666175842285156 11.741999626159667969 13.301333427429199219 13.516666412353515625 13.66266632080078125 13.784667015075683594 13.910666465759277344 14.04199981689453125 14.111332893371582031 14.114000320434570313 14.123332977294921875 14.182666778564453125 13.951999664306640625 14.01399993896484375 14.095999717712402344
13.034667015075683594 12.942667007446289063 12.875333786010742188 12.975999832153320313 13.042666435241699219 13.043999671936035156 12.961999893188476563 12.837332725524902344 12.772000312805175781 12.734000205993652344 12.697333335876464844 12.660666465759277344 12.62933349609375 12.585333824157714844 12.611332893371582031 12.509333610534667969 12.4633331298828125 12.467999458312988281 12.392665863037109375 12.357999801635742188 12.258000373840332031 12.172666549682617188 12.263333320617675781 12.35333251953125 12.2693328857421875 12.273333549499511719 12.315999984741210938 12.390000343322753906 12.301333427429199219 12.112000465393066406 12.029999732971191406 12.035333633422851563 12.116666793823242188 12.150667190551757813 11.9633331298828125 13.399999618530273438 13.37933349609375 13.660666465759277344 13.946000099182128906 13.977999687194824219 14.043999671936035156 14.063332557678222656 14.077333450317382813 14.131333351135253906 14.136666297912597656 14.212666511535644531 14.057332992553710938 14.067333221435546875 14.121333122253417969
12.905333518981933594 12.899999618530273438 12.843999862670898438 12.85666656494140625 12.968000411987304688 12.965999603271484375 12.863333702087402344 12.763333320617675781 12.706000328063964844 12.692000389099121094 12.631333351135253906 12.593333244323730469 12.574000358581542969 12.584000587463378906 12.593999862670898438 12.502666473388671875 12.387333869934082031 12.395999908447265625 12.425999641418457031 12.33733367919921875 12.27466583251953125 12.240666389465332031 12.24466705322265625 12.323332786560058594 12.305999755859375 12.341333389282226563 12.37599945068359375 12.409999847412109375 12.330666542053222656 12.005333900451660156 11.927999496459960938 12.072667121887207031 12.18866729736328125 12.114000320434570313 12.023333549499511719 13.523333549499511719 11.832666397094726563 11.928667068481445313 13.848666191101074219 14.026000022888183594 14.086666107177734375 14.139333724975585938 14.179333686828613281 14.053333282470703125 14.064000129699707031 14.171999931335449219 14.187999725341796875 14.147333145141601563 14.170666694641113281
12.867333412170410156 12.91266632080078125 12.849332809448242188 12.79199981689453125 12.880666732788085938 12.872666358947753906 12.816666603088378906 12.748000144958496094 12.694666862487792969 12.658666610717773438 12.575333595275878906 12.521333694458007813 12.54199981689453125 12.563333511352539063 12.576000213623046875 12.489999771118164063 12.429333686828613281 12.435999870300292969 12.402666091918945313 12.3253326416015625 12.317999839782714844 12.281332969665527344 12.279999732971191406 12.299333572387695313 12.356000900268554688 12.361333847045898438 12.389333724975585938 12.37933349609375 12.29199981689453125 12.015999794006347656 11.963999748229980469 11.988666534423828125 12.102666854858398438 13.774666786193847656 12.086666107177734375 11.998000144958496094 13.656000137329101563 13.664000511169433594 13.815999984741210938 13.9073333740234375 13.94066619873046875 14.042666435241699219 14.130666732788085938 14.114000320434570313 14.06999969482421875 14.145333290100097656 14.223333358764648438 14.207333564758300781 14.23600006103515625
12.977999687194824219 12.944000244140625 12.920666694641113281 12.896666526794433594 12.931333541870117188 12.925333023071289063 12.848667144775390625 12.796000480651855469 12.745999336242675781 12.663999557495117188 12.623999595642089844 12.61533355712890625 12.581333160400390625 12.555333137512207031 12.504666328430175781 12.429333686828613281 12.437333106994628906 12.45800018310546875 12.420000076293945313 12.303333282470703125 12.298666954040527344 12.314000129699707031 12.310666084289550781 12.271332740783691406 12.25 12.236666679382324219 12.303333282470703125 12.340000152587890625 12.286000251770019531 12.077333450317382813 12.044666290283203125 12.100000381469726563 12.211999893188476563 12.16266632080078125 12.149333000183105469 12.161333084106445313 12.174000740051269531 12.185333251953125 13.912000656127929688 14.012000083923339844 14.07866668701171875 14.114000320434570313 14.093999862670898438 14.094666481018066406 14.095333099365234375 14.157999992370605469 14.214666366577148438 14.180666923522949219 14.130666732788085938
13.13466644287109375 12.985332489013671875 12.983333587646484375 13.034667015075683594 13.029333114624023438 12.97733306884765625 12.895333290100097656 12.788666725158691406 12.642666816711425781 12.580666542053222656 12.627333641052246094 12.6399993896484375 12.577333450317382813 12.473333358764648438 12.380000114440917969 12.408666610717773438 12.43000030517578125 12.4633331298828125 12.399333000183105469 12.282667160034179688 12.315999984741210938 12.364666938781738281 12.358666419982910156 12.321332931518554688 12.240666389465332031 12.234666824340820313 12.269999504089355469 12.345333099365234375 12.402666091918945313 12.2866668701171875 12.329999923706054688 12.354666709899902344 12.306667327880859375 12.181333541870117188 12.168000221252441406 12.194666862487792969 13.868666648864746094 12.228667259216308594 14.051333427429199219 14.138666152954101563 14.059999465942382813 13.984666824340820313 13.87933349609375 13.982666969299316406 14.078000068664550781 14.057332992553710938 14.107333183288574219 14.109999656677246094 14.150667190551757813
13.142666816711425781 13.046000480651855469 13.044666290283203125 13.095333099365234375 13.0366668701171875 12.986666679382324219 12.863999366760253906 12.732000350952148438 12.567333221435546875 12.532666206359863281 12.622666358947753906 12.60333251953125 12.475999832153320313 12.386666297912597656 12.387333869934082031 12.456665992736816406 12.448666572570800781 12.409999847412109375 12.331333160400390625 12.282667160034179688 12.331999778747558594 12.419333457946777344 12.424666404724121094 12.435333251953125 12.344666481018066406 12.299332618713378906 12.345999717712402344 12.447333335876464844 12.452666282653808594 12.366000175476074219 12.415999412536621094 12.383333206176757813 12.3339996337890625 12.269333839416503906 12.220666885375976563 12.16266632080078125 12.126667022705078125 13.838666915893554688 14.046000480651855469 14.111332893371582031 13.960000038146972656 13.849999427795410156 13.854000091552734375 13.911334037780761719 13.981333732604980469 14.052000045776367188 14.150667190551757813 14.070667266845703125 14.082666397094726563
13.118666648864746094 13.113333702087402344 13.064000129699707031 13.089333534240722656 13.003999710083007813 12.919333457946777344 12.802000045776367188 12.714666366577148438 12.614666938781738281 12.572666168212890625 12.649999618530273438 12.609999656677246094 12.493999481201171875 12.475333213806152344 12.515333175659179688 12.558666229248046875 12.552000045776367188 12.425333023071289063 12.261333465576171875 12.283333778381347656 12.310667037963867188 12.386666297912597656 12.444666862487792969 12.509333610534667969 12.417999267578125 12.324666976928710938 12.437999725341796875 12.552000045776367188 12.411333084106445313 12.386666297912597656 12.461999893188476563 12.431333541870117188 12.38466644287109375 12.347332954406738281 12.233333587646484375 12.131333351135253906 12.071999549865722656 12.126667022705078125 13.978667259216308594 14.045332908630371094 13.91266632080078125 13.936666488647460938 14.044667243957519531 14.065333366394042969 14.013333320617675781 14.044666290283203125 14.096666336059570313 14.002666473388671875 13.931333541870117188
13.17133331298828125 13.074000358581542969 13.039333343505859375 13.0279998779296875 12.942667007446289063 12.852666854858398438 12.739333152770996094 12.685333251953125 12.5926666259765625 12.558667182922363281 12.640666961669921875 12.687333106994628906 12.667333602905273438 12.657999992370605469 12.624666213989257813 12.625333786010742188 12.553333282470703125 12.332666397094726563 12.207332611083984375 12.220666885375976563 12.262666702270507813 12.288666725158691406 12.4073333740234375 12.483333587646484375 12.463999748229980469 12.430666923522949219 12.520000457763671875 12.575333595275878906 12.446000099182128906 12.440667152404785156 12.4913330078125 12.446000099182128906 12.386000633239746094 12.336666107177734375 12.247333526611328125 12.187333106994628906 12.18000030517578125 13.831999778747558594 13.972666740417480469 13.985333442687988281 13.951333999633789063 13.976666450500488281 14.015333175659179688 14.045332908630371094 14.048666954040527344 14.056666374206542969 14.122666358947753906 14.038000106811523438 13.955333709716796875
13.131333351135253906 13.029999732971191406 13.029999732971191406 13.011333465576171875 12.988666534423828125 12.923999786376953125 12.828000068664550781 12.685999870300292969 12.562666893005371094 12.555333137512207031 12.645999908447265625 12.706666946411132813 12.692666053771972656 12.640666007995605469 12.580666542053222656 12.576000213623046875 12.529999732971191406 12.322666168212890625 12.211334228515625 12.249333381652832031 12.302000045776367188 12.332666397094726563 12.413333892822265625 12.492667198181152344 12.5086669921875 12.463999748229980469 12.439999580383300781 12.5086669921875 12.498666763305664063 12.502666473388671875 12.534667015075683594 12.494000434875488281 12.436666488647460938 12.345333099365234375 12.265333175659179688 12.283999443054199219 12.250666618347167969 12.238666534423828125 12.298000335693359375 12.343333244323730469 12.395999908447265625 14.05933380126953125 14.015999794006347656 13.966000556945800781 13.992000579833984375 13.988666534423828125 14.071999549865722656 14.099999427795410156 14.090666770935058594
12.965999603271484375 12.935333251953125 12.947999954223632813 12.928000450134277344 12.928666114807128906 12.903333663940429688 12.784667015075683594 12.606000900268554688 12.548000335693359375 12.55066680908203125 12.637332916259765625 12.720000267028808594 12.665332794189453125 12.565999984741210938 12.493332862854003906 12.511333465576171875 12.536000251770019531 12.44933319091796875 12.409333229064941406 12.427999496459960938 12.449999809265136719 12.42133331298828125 12.446000099182128906 12.494666099548339844 12.563333511352539063 12.491999626159667969 12.452666282653808594 12.485333442687988281 12.478666305541992188 12.475333213806152344 12.434666633605957031 12.408666610717773438 12.388667106628417969 12.282667160034179688 12.248000144958496094 12.265999794006347656 12.193333625793457031 13.901333808898925781 12.332666397094726563 12.375333786010742188 12.418666839599609375 12.468667030334472656 14.05933380126953125 13.958666801452636719 13.99466705322265625 13.964666366577148438 12.471999168395996094 12.527333259582519531 12.503333091735839844
12.843999862670898438 12.862666130065917969 12.920666694641113281 14.534667015075683594 12.925999641418457031 12.896666526794433594 12.801333427429199219 12.654000282287597656 12.640666961669921875 12.701999664306640625 12.733333587646484375 12.694000244140625 12.631333351135253906 12.554666519165039063 12.516666412353515625 12.5193328857421875 12.517999649047851563 12.576000213623046875 12.574666023254394531 12.581333160400390625 12.553999900817871094 12.535333633422851563 12.521333694458007813 12.521332740783691406 12.553333282470703125 12.529999732971191406 12.537333488464355469 12.564000129699707031 12.515999794006347656 12.484666824340820313 12.409999847412109375 12.306666374206542969 12.279333114624023438 12.307999610900878906 12.339333534240722656 12.344666481018066406 12.28333282470703125 12.352000236511230469 12.307999610900878906 12.381999969482421875 12.445333480834960938 12.486666679382324219 12.460666656494140625 12.357999801635742188 12.305333137512207031 12.345999717712402344 12.5 12.541333198547363281 12.517333030700683594
12.925333023071289063 12.922666549682617188 12.985333442687988281 13.043999671936035156 12.9913330078125 12.855333328247070313 12.687333106994628906 12.642000198364257813 12.760000228881835938 12.831333160400390625 12.771333694458007813 12.69933319091796875 12.67133331298828125 12.601332664489746094 12.536000251770019531 12.564000129699707031 12.616000175476074219 12.738666534423828125 12.737333297729492188 12.709333419799804688 12.664000511169433594 12.660000801086425781 12.611332893371582031 12.623999595642089844 12.609999656677246094 12.581999778747558594 12.6013336181640625 12.607333183288574219 12.57866668701171875 12.573333740234375 12.474666595458984375 12.297333717346191406 12.294666290283203125 12.399333000183105469 12.428000450134277344 12.439999580383300781 12.445333480834960938 12.381999969482421875 12.361332893371582031 12.423999786376953125 12.461999893188476563 12.495333671569824219 12.4720001220703125 12.435333251953125 12.458666801452636719 12.487333297729492188 12.587332725524902344 12.577333450317382813 12.593333244323730469
12.970666885375976563 12.958666801452636719 13.052666664123535156 13.097333908081054688 13.050000190734863281 12.897333145141601563 12.645333290100097656 12.631333351135253906 12.776666641235351563 12.857333183288574219 12.846666336059570313 12.770000457763671875 12.7586669921875 12.718667030334472656 12.619999885559082031 12.598666191101074219 12.673333168029785156 12.790666580200195313 12.809332847595214844 12.800000190734863281 12.7586669921875 12.703333854675292969 12.6660003662109375 12.670666694641113281 12.645999908447265625 12.594666481018066406 12.609333992004394531 12.617333412170410156 12.57866668701171875 12.618666648864746094 12.608667373657226563 12.435333251953125 12.418000221252441406 12.49466705322265625 12.55933380126953125 12.565999984741210938 12.582666397094726563 12.483333587646484375 12.451333045959472656 12.499333381652832031 12.506666183471679688 12.495999336242675781 12.450666427612304688 12.436667442321777344 12.449999809265136719 12.473333358764648438 12.535333633422851563 12.596666336059570313 12.599332809448242188
12.984666824340820313 12.971333503723144531 13.039999961853027344 13.078000068664550781 13.024000167846679688 12.887999534606933594 12.69933319091796875 12.644000053405761719 12.750666618347167969 12.862666130065917969 12.828000068664550781 12.806666374206542969 12.813332557678222656 12.780666351318359375 12.744000434875488281 12.730666160583496094 12.706666946411132813 12.731333732604980469 12.798666000366210938 12.828000068664550781 12.761333465576171875 12.711333274841308594 12.57866668701171875 12.538000106811523438 12.565999984741210938 12.600000381469726563 12.657999992370605469 12.665333747863769531 12.628666877746582031 12.658666610717773438 12.633333206176757813 12.555999755859375 12.552000045776367188 12.626666069030761719 12.6660003662109375 12.66266632080078125 12.638666152954101563 12.534666061401367188 12.55933380126953125 12.590666770935058594 12.593333244323730469 12.534667015075683594 12.421999931335449219 12.381999969482421875 12.38800048828125 12.390000343322753906 12.408666610717773438 12.525333404541015625 12.504666328430175781
13.018666267395019531 14.654000282287597656 14.730666160583496094 13.102000236511230469 13.031332969665527344 12.888667106628417969 12.765999794006347656 12.769333839416503906 12.815999984741210938 12.838666915893554688 12.88466644287109375 12.945333480834960938 12.950666427612304688 12.92133331298828125 12.897999763488769531 12.911333084106445313 12.866000175476074219 12.8426666259765625 12.802000045776367188 12.792666435241699219 12.759333610534667969 12.694000244140625 12.512000083923339844 12.482666969299316406 12.539999961853027344 12.591333389282226563 12.638667106628417969 12.604000091552734375 12.609333992004394531 12.655333518981933594 12.640666961669921875 12.603333473205566406 12.635334014892578125 12.693333625793457031 12.712666511535644531 12.710000038146972656 12.673999786376953125 12.618000030517578125 12.569334030151367188 12.585999488830566406 12.621999740600585938 12.557332992553710938 12.390000343322753906 12.34799957275390625 12.355999946594238281 12.350666999816894531 12.329999923706054688 12.465333938598632813 12.441999435424804688
14.7220001220703125 14.688000679016113281 14.767333030700683594 13.137332916259765625 14.69933319091796875 12.899333000183105469 12.847332954406738281 12.923333168029785156 12.983333587646484375 12.949999809265136719 12.989999771118164063 13.0540008544921875 13.049333572387695313 13.013333320617675781 12.996000289916992188 13.007333755493164063 13.002666473388671875 12.965333938598632813 12.912667274475097656 12.827333450317382813 12.75 12.735333442687988281 12.673333168029785156 12.608666419982910156 12.600000381469726563 12.610666275024414063 12.578000068664550781 12.583333015441894531 12.678667068481445313 12.710666656494140625 12.710666656494140625 12.701999664306640625 12.714666366577148438 12.719333648681640625 12.7413330078125 12.703332901000976563 12.672666549682617188 12.632666587829589844 12.571333885192871094 12.616666793823242188 12.617333412170410156 12.582666397094726563 12.432000160217285156 12.2779998779296875 12.289999961853027344 12.396666526794433594 12.399999618530273438 12.44933319091796875 12.482666969299316406
14.769333839416503906 14.68000030517578125 14.764666557312011719 14.829999923706054688 14.757999420166015625 12.995333671569824219 14.623999595642089844 13.053333282470703125 13.095999717712402344 13.066666603088378906 13.029999732971191406 13.095333099365234375 13.089333534240722656 13.039333343505859375 12.998000144958496094 13.020666122436523438 13.051333427429199219 13.027333259582519531 12.989333152770996094 12.900666236877441406 12.829999923706054688 12.824666976928710938 12.812000274658203125 12.748000144958496094 12.686666488647460938 12.694666862487792969 12.66266632080078125 12.704000473022460938 12.7779998779296875 12.776666641235351563 12.783999443054199219 12.768666267395019531 12.756666183471679688 12.751999855041503906 12.754667282104492188 12.718000411987304688 12.645999908447265625 12.574000358581542969 12.581999778747558594 12.653332710266113281 12.636666297912597656 12.625333786010742188 12.482666969299316406 12.320666313171386719 12.359333038330078125 12.479332923889160156 12.466666221618652344 12.406000137329101563 12.455333709716796875
