data/tempwetq.asc
ncols        384
nrows        480
xllcorner    138.000000000000
yllcorner    -29.000000000000
cellsize     0.041666666667
NODATA_value -9999
[rows 220 to 241 of 480, columns 147 to 195 of 384]
27.663333892822265625 26.951333999633789063 27.489999771118164063 27.447999954223632813 27.326665878295898438 27.152666091918945313 26.9720001220703125 26.803333282470703125 25.99666595458984375 25.897333145141601563 25.053333282470703125 24.808000564575195313 24.452667236328125 24.128665924072265625 24.444000244140625 23.818666458129882813 23.836000442504882813 23.936000823974609375 24.53333282470703125 24.13466644287109375 24.330667495727539063 24.502666473388671875 24.68199920654296875 24.720666885375976563 24.518667221069335938 24.414667129516601563 24.1573333740234375 24.402666091918945313 24.788667678833007813 24.9806671142578125 24.943332672119140625 25.346666336059570313 25.445333480834960938 24.67333221435546875 24.417333602905273438 24.239999771118164063 23.034000396728515625 23.950666427612304688 23.813333511352539063 23.37066650390625 24.343999862670898438 24.398000717163085938 25.502000808715820313 26.8040008544921875 26.995334625244140625 26.983333587646484375 -9999 -9999 26.416666030883789063
27.644666671752929688 27.511999130249023438 27.321332931518554688 27.33733367919921875 27.265333175659179688 27.110666275024414063 26.923999786376953125 26.726665496826171875 26.549333572387695313 25.520000457763671875 25.095333099365234375 25.344667434692382813 24.3600006103515625 24.523332595825195313 24.250667572021484375 24.063999176025390625 24.068666458129882813 24.264667510986328125 23.995332717895507813 24.113332748413085938 24.317333221435546875 24.502000808715820313 24.740667343139648438 24.774000167846679688 24.59799957275390625 24.369333267211914063 24.215999603271484375 24.537334442138671875 24.89333343505859375 24.979999542236328125 25.00533294677734375 25.076000213623046875 24.797332763671875 25.294666290283203125 24.997999191284179688 25.071332931518554688 24.409999847412109375 24.22533416748046875 23.927333831787109375 22.031999588012695313 23.194000244140625 25.89133453369140625 26.70999908447265625 26.908666610717773438 26.992000579833984375 27.043333053588867188 26.700000762939453125 26.177778244018554688 26.541667938232421875
27.7220001220703125 27.543333053588867188 26.627332687377929688 26.621999740600585938 27.240665435791015625 27.245332717895507813 26.987333297729492188 26.643999099731445313 26.409999847412109375 26.197999954223632813 25.824666976928710938 25.322666168212890625 24.779333114624023438 24.455999374389648438 24.12599945068359375 23.91933441162109375 23.97733306884765625 24.191999435424804688 23.952667236328125 24.079334259033203125 24.355998992919921875 24.600000381469726563 24.799999237060546875 24.84600067138671875 24.806667327880859375 24.500667572021484375 24.257333755493164063 24.469333648681640625 24.72733306884765625 24.665332794189453125 24.549333572387695313 24.6959991455078125 24.63666534423828125 24.650667190551757813 24.960666656494140625 25.571332931518554688 25.726665496826171875 24.264667510986328125 22.397333145141601563 21.959333419799804688 23.271333694458007813 23.334667205810546875 24.911333084106445313 25.843334197998046875 26.39133453369140625 26.726316452026367188 26.983333587646484375 25.26833343505859375 25.807638168334960938
27.737333297729492188 26.917333602905273438 26.732000350952148438 26.701999664306640625 27.2586669921875 27.193332672119140625 26.9333343505859375 26.0579986572265625 26.369335174560546875 26.198665618896484375 25.19733428955078125 25.16266632080078125 24.65200042724609375 24.373332977294921875 23.968000411987304688 23.878000259399414063 24.023332595825195313 24.327999114990234375 24.621334075927734375 24.276666641235351563 24.3813323974609375 24.61533355712890625 24.8899993896484375 24.935333251953125 24.953332901000976563 24.765333175659179688 24.514667510986328125 24.475999832153320313 24.476665496826171875 24.384000778198242188 24.513332366943359375 24.313999176025390625 24.278667449951171875 24.366666793823242188 24.282667160034179688 24.753999710083007813 25.902666091918945313 24.656665802001953125 23.076000213623046875 23.611333847045898438 23.2393341064453125 24.065334320068359375 22.444000244140625 22.988666534423828125 23.703332901000976563 25.7866668701171875 26.934999465942382813 26.5666656494140625 25.480953216552734375
27.68000030517578125 27.469333648681640625 26.684665679931640625 26.616666793823242188 27.154666900634765625 27.098667144775390625 26.83733367919921875 26.624666213989257813 26.350000381469726563 26.1139984130859375 25.715999603271484375 25.193332672119140625 24.551332473754882813 24.448665618896484375 24.217332839965820313 24.145999908447265625 24.327999114990234375 24.6013336181640625 24.865999221801757813 24.472665786743164063 24.440000534057617188 24.6746673583984375 24.954000473022460938 25.086666107177734375 25.072000503540039063 24.85333251953125 24.673999786376953125 24.506000518798828125 24.482000350952148438 24.735332489013671875 24.884000778198242188 24.620000839233398438 24.329999923706054688 24.303333282470703125 24.200000762939453125 23.670000076293945313 23.9160003662109375 25.17333221435546875 25.638666152954101563 24.715333938598632813 24.0193328857421875 25.048000335693359375 24.832666397094726563 23.318666458129882813 23.86733245849609375 24.87599945068359375 26.73400115966796875 26.977451324462890625 26.916667938232421875
27.625333786010742188 27.422000885009765625 26.555999755859375 26.534000396728515625 27.076000213623046875 27.037334442138671875 26.855333328247070313 26.67333221435546875 26.43000030517578125 26.135334014892578125 25.7306671142578125 25.267999649047851563 24.218000411987304688 24.433332443237304688 24.481332778930664063 24.55933380126953125 24.77266693115234375 24.913333892822265625 25.025999069213867188 25.18199920654296875 25.302000045776367188 25.455333709716796875 25.122667312622070313 25.228666305541992188 25.21533203125 25.052667617797851563 24.72733306884765625 24.677333831787109375 24.897333145141601563 25.098667144775390625 25.105333328247070313 24.850000381469726563 24.5279998779296875 24.512666702270507813 24.506000518798828125 23.961334228515625 23.630001068115234375 24.158666610717773438 25.48600006103515625 26.001333236694335938 24.908666610717773438 25.708665847778320313 24.958665847778320313 25.329999923706054688 25.47533416748046875 24.663333892822265625 25.14333343505859375 26.460666656494140625 26.9349212646484375
27.554666519165039063 27.3426666259765625 26.936666488647460938 26.821332931518554688 26.852666854858398438 26.932666778564453125 26.81800079345703125 26.747333526611328125 26.4913330078125 26.233999252319335938 25.890666961669921875 25.502666473388671875 24.89666748046875 24.552000045776367188 24.776666641235351563 25.006666183471679688 25.186666488647460938 25.261999130249023438 25.245332717895507813 25.256000518798828125 25.47533416748046875 25.675333023071289063 25.278667449951171875 25.394666671752929688 25.392665863037109375 25.324666976928710938 25.18000030517578125 25.123332977294921875 25.229999542236328125 25.176666259765625 25.539999008178710938 25.47533416748046875 25.409999847412109375 25.338666915893554688 25.09600067138671875 24.340667724609375 24.000667572021484375 22.696666717529296875 24.940000534057617188 26.294000625610351563 26.512666702270507813 26.695333480834960938 26.6013336181640625 26.822666168212890625 26.667333602905273438 26.208665847778320313 24.934667587280273438 24.826000213623046875 26.899333953857421875
27.447999954223632813 27.349334716796875 26.765333175659179688 26.572666168212890625 26.48799896240234375 26.733999252319335938 26.752666473388671875 26.667333602905273438 26.526666641235351563 26.37066650390625 26.155332565307617188 25.728666305541992188 25.26200103759765625 24.982000350952148438 25.189332962036132813 25.3986663818359375 25.535999298095703125 25.609333038330078125 25.598667144775390625 25.515333175659179688 25.591333389282226563 25.80066680908203125 25.428667068481445313 25.517999649047851563 25.586000442504882813 25.534000396728515625 25.444000244140625 25.364000320434570313 25.2046661376953125 25.045999526977539063 25.000667572021484375 24.952667236328125 24.951999664306640625 25.282667160034179688 24.670665740966796875 24.257333755493164063 23.951333999633789063 23.832000732421875 22.778667449951171875 23.9546661376953125 26.36199951171875 26.866666793823242188 27.00333404541015625 27.049333572387695313 27.021333694458007813 26.676666259765625 26.45800018310546875 23.9913330078125 26.096666336059570313
27.48600006103515625 27.329334259033203125 27.132665634155273438 26.7306671142578125 26.610666275024414063 26.685998916625976563 26.76599884033203125 26.728000640869140625 26.682666778564453125 26.4806671142578125 26.2866668701171875 26.229333877563476563 25.8253326416015625 25.492666244506835938 25.596666336059570313 25.797332763671875 25.35666656494140625 25.34799957275390625 25.32666778564453125 25.866666793823242188 25.897333145141601563 25.914667129516601563 26.017333984375 25.628000259399414063 25.7306671142578125 26.1959991455078125 26.122667312622070313 25.343999862670898438 25.158666610717773438 25.100000381469726563 25.087999343872070313 24.974000930786132813 24.752666473388671875 24.703332901000976563 24.652666091918945313 24.285999298095703125 23.86733245849609375 23.799999237060546875 23.935333251953125 23.29199981689453125 25.899333953857421875 26.65399932861328125 26.253332138061523438 26.57866668701171875 26.901332855224609375 26.899333953857421875 26.214666366577148438 23.485332489013671875 24.922666549682617188
27.46666717529296875 27.415332794189453125 27.322000503540039063 27.040666580200195313 26.897333145141601563 26.880001068115234375 26.819334030151367188 26.822000503540039063 26.711334228515625 26.579334259033203125 26.502666473388671875 26.394001007080078125 26.163333892822265625 26.020000457763671875 26.04000091552734375 26.116001129150390625 26.196666717529296875 25.634000778198242188 25.60666656494140625 26.149333953857421875 26.194665908813476563 26.180667877197265625 26.11199951171875 25.726665496826171875 25.748666763305664063 26.003999710083007813 26.156665802001953125 25.576000213623046875 25.395999908447265625 25.268667221069335938 25.123332977294921875 24.993333816528320313 24.822000503540039063 24.628665924072265625 24.515333175659179688 24.332666397094726563 24.074001312255859375 23.976665496826171875 24.051332473754882813 24.1746673583984375 24.004667282104492188 25.847333908081054688 26.159332275390625 26.4246673583984375 26.88800048828125 26.894001007080078125 26.048666000366210938 24.4739990234375 25.525333404541015625
27.40533447265625 27.361333847045898438 27.266666412353515625 27.198665618896484375 27.0453338623046875 27.00533294677734375 26.925998687744140625 26.892000198364257813 26.779333114624023438 26.70800018310546875 26.640666961669921875 26.48600006103515625 26.3513336181640625 26.301334381103515625 26.350000381469726563 26.448665618896484375 26.434665679931640625 26.375333786010742188 25.7866668701171875 25.7866668701171875 25.781999588012695313 25.810667037963867188 25.813333511352539063 25.848667144775390625 25.745332717895507813 25.349334716796875 25.503999710083007813 25.591333389282226563 25.392000198364257813 25.156665802001953125 25.079999923706054688 25.029333114624023438 24.855333328247070313 24.584667205810546875 24.412000656127929688 24.330667495727539063 24.159999847412109375 23.996000289916992188 24.014667510986328125 24.018667221069335938 24.203332901000976563 25.118000030517578125 26.2519989013671875 26.77466583251953125 26.9633331298828125 27.030000686645507813 26.978000640869140625 26.889333724975585938 27.032667160034179688
27.35666656494140625 27.34600067138671875 27.3253326416015625 27.298000335693359375 27.2519989013671875 27.132665634155273438 27.058666229248046875 26.90399932861328125 26.8040008544921875 26.770666122436523438 26.693332672119140625 26.5666656494140625 26.534000396728515625 26.559999465942382813 26.6013336181640625 26.644666671752929688 26.63266754150390625 25.98799896240234375 25.886667251586914063 25.926666259765625 25.920000076293945313 26.016666412353515625 26.074666976928710938 25.9980010986328125 26.231332778930664063 25.408666610717773438 25.515333175659179688 25.604665756225585938 25.371999740600585938 25.175333023071289063 25.11733245849609375 25.027332305908203125 24.87933349609375 24.684000015258789063 24.390666961669921875 24.298000335693359375 24.147333145141601563 23.9633331298828125 23.953332901000976563 23.954000473022460938 24.047332763671875 24.092000961303710938 25.39666748046875 26.635334014892578125 26.889331817626953125 27.06133270263671875 27.122667312622070313 27.13800048828125 27.168666839599609375
27.32866668701171875 27.313999176025390625 27.290666580200195313 27.247333526611328125 27.217332839965820313 27.145999908447265625 27.032665252685546875 26.92133331298828125 26.82666778564453125 26.801334381103515625 26.72533416748046875 26.670667648315429688 26.690000534057617188 26.743999481201171875 26.763334274291992188 26.719333648681640625 26.779998779296875 26.701999664306640625 26.668001174926757813 26.555999755859375 26.05066680908203125 26.113332748413085938 26.705999374389648438 25.880001068115234375 26.184667587280273438 26.017333984375 25.693332672119140625 25.737333297729492188 25.926000595092773438 25.215999603271484375 25.343334197998046875 25.201333999633789063 25.200000762939453125 25.109998703002929688 24.77266693115234375 24.697999954223632813 24.555999755859375 24.00333404541015625 23.894666671752929688 23.944665908813476563 23.942667007446289063 23.81133270263671875 24.900667190551757813 26.590665817260742188 26.925998687744140625 27.02266693115234375 27.10666656494140625 27.154666900634765625 27.186000823974609375
27.262666702270507813 27.2239990234375 27.202667236328125 27.133998870849609375 27.1313323974609375 27.099332809448242188 27.0193328857421875 26.909332275390625 26.771999359130859375 26.792667388916015625 26.738666534423828125 26.642665863037109375 26.662000656127929688 26.713998794555664063 26.72733306884765625 26.184667587280273438 26.86533355712890625 26.899333953857421875 26.79000091552734375 26.1746673583984375 26.1660003662109375 26.176000595092773438 26.065334320068359375 25.764667510986328125 26.020000457763671875 26.243333816528320313 26.338666915893554688 26.271999359130859375 26.088001251220703125 25.53133392333984375 25.670000076293945313 26.011999130249023438 25.644001007080078125 25.605998992919921875 25.3079986572265625 25.788000106811523438 25.091333389282226563 24.62066650390625 24.329334259033203125 23.91266632080078125 23.818666458129882813 24.05933380126953125 25.813333511352539063 26.71666717529296875 26.756000518798828125 26.624666213989257813 26.982666015625 27.09600067138671875 27.187334060668945313
27.219333648681640625 27.183332443237304688 27.053998947143554688 26.945333480834960938 27.081998825073242188 27.094667434692382813 27.001333236694335938 26.878000259399414063 26.738000869750976563 26.735332489013671875 26.68866729736328125 26.590667724609375 26.588666915893554688 26.693332672119140625 26.582668304443359375 26.707332611083984375 26.919332504272460938 27.034666061401367188 26.955999374389648438 26.895334243774414063 26.2413330078125 26.02266693115234375 25.87066650390625 25.667333602905273438 25.586666107177734375 26.507333755493164063 25.982000350952148438 25.90533447265625 26.355333328247070313 26.376667022705078125 25.9913330078125 25.941999435424804688 25.9806671142578125 25.838001251220703125 25.6100006103515625 25.7433319091796875 26.25533294677734375 25.80266571044921875 24.873332977294921875 24.242000579833984375 23.90399932861328125 24.7693328857421875 25.91266632080078125 26.03466796875 25.954000473022460938 26.332666397094726563 26.826000213623046875 26.965999603271484375 27.10466766357421875
27.205331802368164063 27.19266510009765625 27.038000106811523438 26.908666610717773438 27.03133392333984375 27.1013336181640625 27.031999588012695313 26.878000259399414063 26.691333770751953125 26.652666091918945313 26.6313323974609375 26.62066650390625 26.719999313354492188 26.715333938598632813 26.471332550048828125 26.583333969116210938 26.85333251953125 26.947999954223632813 26.964666366577148438 26.3899993896484375 26.295999526977539063 26.431333541870117188 26.212667465209960938 26.123332977294921875 25.929332733154296875 26.19733428955078125 26.559999465942382813 25.99466705322265625 26.588666915893554688 26.13466644287109375 26.054666519165039063 26.107332229614257813 26.073999404907226563 25.941999435424804688 25.87400054931640625 26.0453338623046875 26.14533233642578125 25.99466705322265625 25.37400054931640625 24.697332382202148438 24.267999649047851563 23.895999908447265625 24.009332656860351563 25.453332901000976563 26.49466705322265625 26.667333602905273438 27.040666580200195313 26.903333663940429688 27.040666580200195313
27.169332504272460938 27.166666030883789063 26.967334747314453125 26.74666595458984375 26.836666107177734375 27.0366668701171875 27.05266571044921875 26.91266632080078125 26.793333053588867188 26.631999969482421875 26.62400054931640625 26.711332321166992188 26.592000961303710938 26.621332168579101563 26.513332366943359375 26.523332595825195313 26.737333297729492188 26.766666412353515625 26.8813323974609375 26.960666656494140625 26.94933319091796875 26.12933349609375 26.210666656494140625 26.221332550048828125 26.676000595092773438 26.882665634155273438 26.597333908081054688 25.98600006103515625 26.12066650390625 26.249332427978515625 26.085332870483398438 26.165332794189453125 26.145999908447265625 25.936666488647460938 25.862667083740234375 26.071332931518554688 26.266000747680664063 26.247333526611328125 25.812665939331054688 25.282667160034179688 24.8426666259765625 24.179332733154296875 23.850666046142578125 23.86199951171875 24.273332595825195313 25.462667465209960938 25.173334121704101563 25.719333648681640625 26.45800018310546875
27.065999984741210938 27.048666000366210938 26.97733306884765625 26.83733367919921875 26.872667312622070313 26.734666824340820313 26.944000244140625 26.998666763305664063 26.95133209228515625 26.805332183837890625 26.777332305908203125 26.62933349609375 26.534000396728515625 26.507999420166015625 26.295999526977539063 26.509334564208984375 26.597333908081054688 26.770000457763671875 26.767333984375 26.26200103759765625 26.437999725341796875 26.89333343505859375 26.558666229248046875 26.641332626342773438 26.86199951171875 26.946666717529296875 26.504667282104492188 26.086000442504882813 26.315334320068359375 26.350666046142578125 26.238666534423828125 26.2413330078125 26.19066619873046875 26.05066680908203125 25.975999832153320313 26.107999801635742188 26.305999755859375 26.317333221435546875 25.9459991455078125 25.698665618896484375 25.153333663940429688 24.663333892822265625 24.287334442138671875 23.973333358764648438 23.733333587646484375 23.996000289916992188 23.506666183471679688 23.637332916259765625 24.432666778564453125
26.997999191284179688 26.81999969482421875 26.879999160766601563 26.739999771118164063 26.520000457763671875 26.45800018310546875 26.757333755493164063 27.0453338623046875 27.042667388916015625 26.317333221435546875 26.934665679931640625 26.111333847045898438 26.76200103759765625 26.560665130615234375 26.27266693115234375 26.474000930786132813 26.749332427978515625 26.82866668701171875 26.780666351318359375 26.8040008544921875 26.492000579833984375 26.559999465942382813 26.530000686645507813 26.51399993896484375 26.791334152221679688 26.87066650390625 26.673999786376953125 26.225999832153320313 26.409999847412109375 26.461999893188476563 26.470666885375976563 26.378665924072265625 26.201333999633789063 26.176666259765625 26.158666610717773438 26.206666946411132813 26.335332870483398438 26.374666213989257813 26.05933380126953125 25.870000839233398438 25.327333450317382813 25.08933258056640625 24.843334197998046875 24.413333892822265625 24.148000717163085938 23.95800018310546875 23.768667221069335938 23.109333038330078125 22.510000228881835938
26.425333023071289063 26.240667343139648438 26.652666091918945313 26.465999603271484375 26.026666641235351563 26.289333343505859375 26.763332366943359375 27.071332931518554688 27.053333282470703125 26.384000778198242188 27.047332763671875 26.9073333740234375 26.824666976928710938 26.663333892822265625 26.610666275024414063 26.719333648681640625 26.773334503173828125 26.8339996337890625 26.8040008544921875 26.8079986572265625 27.017333984375 26.59600067138671875 27.190000534057617188 26.614000320434570313 26.7779998779296875 26.2693328857421875 26.233333587646484375 26.256000518798828125 26.467332839965820313 26.590000152587890625 26.521333694458007813 26.312000274658203125 26.242000579833984375 26.369333267211914063 26.413999557495117188 26.426000595092773438 26.355333328247070313 26.8686676025390625 26.310667037963867188 25.930665969848632813 25.512666702270507813 25.1660003662109375 24.6660003662109375 24.394666671752929688 24.357334136962890625 24.43199920654296875 23.779998779296875 23.195333480834960938 22.770666122436523438
26.151332855224609375 25.829999923706054688 26.37933349609375 26.305999755859375 26.350666046142578125 26.702667236328125 26.927999496459960938 27.0366668701171875 27.017999649047851563 26.987333297729492188 26.99666595458984375 26.8726654052734375 26.802667617797851563 26.791332244873046875 26.69066619873046875 26.688665390014648438 26.582666397094726563 26.682001113891601563 26.656000137329101563 26.664667129516601563 26.962665557861328125 26.52466583251953125 26.59600067138671875 26.49666595458984375 26.58599853515625 26.672666549682617188 26.330667495727539063 27.017333984375 26.552000045776367188 26.57866668701171875 26.5279998779296875 26.420667648315429688 26.3339996337890625 26.663333892822265625 25.98799896240234375 26.378665924072265625 26.40399932861328125 26.501333236694335938 26.086000442504882813 25.526666641235351563 25.510000228881835938 25.364000320434570313 25.228000640869140625 24.8513336181640625 25.135999679565429688 24.451333999633789063 23.636667251586914063 22.887332916259765625 22.646665573120117188
26.555999755859375 26.14533233642578125 26.214666366577148438 26.291332244873046875 26.558000564575195313 26.7866668701171875 26.895999908447265625 26.899999618530273438 26.868000030517578125 26.797332763671875 26.81999969482421875 26.760000228881835938 26.60333251953125 26.642665863037109375 26.545999526977539063 26.616666793823242188 26.71866607666015625 26.753999710083007813 26.76599884033203125 26.869333267211914063 26.803333282470703125 26.336666107177734375 27.127332687377929688 26.87599945068359375 26.58933258056640625 26.676666259765625 26.7693328857421875 26.441999435424804688 26.571332931518554688 26.616666793823242188 26.470666885375976563 26.391332626342773438 26.329999923706054688 26.2239990234375 25.9980010986328125 26.267333984375 26.423999786376953125 26.465999603271484375 26.187999725341796875 25.820667266845703125 26.0666656494140625 26.05066680908203125 25.817333221435546875 25.614665985107421875 25.273334503173828125 24.566667556762695313 23.681333541870117188 22.889333724975585938 23.535333633422851563
