data/tempdryq.asc
ncols        384
nrows        480
xllcorner    138.000000000000
yllcorner    -29.000000000000
cellsize     0.041666666667
NODATA_value -9999
[rows 418 to 439 of 480, columns 294 to 342 of 384]
13.622666358947753906 13.613332748413085938 13.659999847412109375 12.310666084289550781 13.677999496459960938 13.633999824523925781 12.241999626159667969 12.243332862854003906 12.21866607666015625 12.156000137329101563 12.135334014892578125 12.139332771301269531 12.088000297546386719 12.176666259765625 12.188666343688964844 12.219333648681640625 12.176667213439941406 12.276666641235351563 12.456666946411132813 12.562666893005371094 12.6660003662109375 12.698666572570800781 12.641332626342773438 12.677333831787109375 12.732666969299316406 12.7220001220703125 12.7220001220703125 12.710666656494140625 12.6399993896484375 12.437333106994628906 12.23600006103515625 12.183333396911621094 12.229333877563476563 12.479332923889160156 12.512666702270507813 12.514666557312011719 12.529333114624023438 12.540666580200195313 12.498000144958496094 12.711333274841308594 12.759332656860351563 12.844666481018066406 12.920666694641113281 12.905333518981933594 12.622666358947753906 12.635334014892578125 13.635999679565429688 13.506666183471679688 13.352000236511230469
13.752666473388671875 13.739333152770996094 13.81800079345703125 13.869333267211914063 13.744000434875488281 13.703332901000976563 13.654666900634765625 13.658666610717773438 12.19933319091796875 12.118000030517578125 12.154000282287597656 12.198666572570800781 12.215999603271484375 12.312000274658203125 12.431333541870117188 12.361333847045898438 12.282667160034179688 12.407999992370605469 12.539999961853027344 12.668000221252441406 12.727999687194824219 12.817333221435546875 12.568666458129882813 12.364000320434570313 12.361332893371582031 12.612666130065917969 12.697333335876464844 12.687999725341796875 12.682000160217285156 12.520000457763671875 12.333333015441894531 12.082666397094726563 12.182666778564453125 12.285999298095703125 12.350000381469726563 12.317333221435546875 12.442667007446289063 12.435999870300292969 12.172666549682617188 12.482666969299316406 12.633333206176757813 12.713999748229980469 12.767999649047851563 12.843333244323730469 12.617333412170410156 12.534000396728515625 13.261333465576171875 13.076000213623046875 13.159999847412109375
13.852666854858398438 13.834666252136230469 13.869333267211914063 14.012666702270507813 13.854000091552734375 13.934666633605957031 13.92133331298828125 13.855333328247070313 12.368000030517578125 12.234000205993652344 12.303999900817871094 12.445333480834960938 12.485333442687988281 12.465332984924316406 12.581999778747558594 12.645999908447265625 12.444000244140625 12.424666404724121094 12.469332695007324219 12.62933349609375 12.694666862487792969 12.701999664306640625 12.52266693115234375 12.132666587829589844 12.13466644287109375 12.363333702087402344 12.464667320251464844 12.468667030334472656 12.5453338623046875 12.435333251953125 12.349333763122558594 12.151999473571777344 12.035333633422851563 12.12599945068359375 12.199999809265136719 12.248666763305664063 12.373332977294921875 12.328000068664550781 12.228667259216308594 12.380666732788085938 12.627332687377929688 12.628666877746582031 12.716666221618652344 12.747333526611328125 12.686666488647460938 13.807999610900878906 13.308667182922363281 12.943332672119140625 13.185999870300292969
12.485333442687988281 13.913333892822265625 13.987999916076660156 14.069333076477050781 14.024666786193847656 14.031999588012695313 14.002666473388671875 12.642000198364257813 12.572000503540039063 12.490666389465332031 12.505999565124511719 12.584666252136230469 12.62599945068359375 12.581333160400390625 12.62066650390625 12.644666671752929688 12.37933349609375 12.251999855041503906 12.289333343505859375 12.403333663940429688 12.479332923889160156 12.392000198364257813 12.354666709899902344 12.133333206176757813 11.875333786010742188 12.022000312805175781 12.141333580017089844 12.290666580200195313 12.425999641418457031 12.267333030700683594 12.220666885375976563 12.113332748413085938 11.927999496459960938 12.01399993896484375 12.01399993896484375 12.13466644287109375 12.216666221618652344 12.385333061218261719 12.331999778747558594 12.332666397094726563 12.421999931335449219 12.585999488830566406 12.675333023071289063 12.590000152587890625 12.534000396728515625 13.721333503723144531 13.746000289916992188 13.566666603088378906 13.512666702270507813
12.575333595275878906 13.993332862854003906 13.953332901000976563 13.965999603271484375 13.973999977111816406 12.586667060852050781 14.023333549499511719 14.028666496276855469 13.875333786010742188 12.472666740417480469 12.583333969116210938 12.656665802001953125 12.657999038696289063 12.640666961669921875 12.675999641418457031 12.660666465759277344 12.368666648864746094 12.275333404541015625 12.194000244140625 12.260000228881835938 12.427999496459960938 12.414667129516601563 12.355999946594238281 12.224666595458984375 11.982000350952148438 11.715332984924316406 11.683333396911621094 11.9806671142578125 12.266666412353515625 12.243999481201171875 12.046666145324707031 11.943333625793457031 11.8513336181640625 11.972666740417480469 11.867333412170410156 12.073999404907226563 12.252666473388671875 12.221333503723144531 12.185333251953125 12.258000373840332031 12.281332969665527344 12.523999214172363281 12.630000114440917969 12.518667221069335938 13.562000274658203125 13.632666587829589844 14.107999801635742188 13.959333419799804688 13.475333213806152344
13.954667091369628906 14.057332992553710938 14.094666481018066406 14.052000045776367188 14.020666122436523438 14.057332992553710938 14.13466644287109375 12.6486663818359375 12.586667060852050781 12.56133270263671875 12.672666549682617188 12.707333564758300781 12.664666175842285156 12.666666030883789063 12.756666183471679688 12.802666664123535156 12.665333747863769531 12.647334098815917969 12.535333633422851563 12.49466705322265625 12.475333213806152344 12.494000434875488281 12.441333770751953125 12.338666915893554688 12.178000450134277344 11.909333229064941406 11.770667076110839844 11.796000480651855469 12.053333282470703125 11.996000289916992188 11.894000053405761719 11.823333740234375 11.723333358764648438 11.89333343505859375 11.949999809265136719 12.06999969482421875 12.109999656677246094 12.057332992553710938 12.20800018310546875 12.396666526794433594 12.493999481201171875 12.544666290283203125 12.461333274841308594 13.551333427429199219 13.373332977294921875 13.685999870300292969 14.290666580200195313 14.126667022705078125 13.79199981689453125
12.656666755676269531 12.695333480834960938 14.074666023254394531 12.645333290100097656 12.664666175842285156 14.093999862670898438 14.114666938781738281 12.650000572204589844 12.632666587829589844 12.664667129516601563 12.736666679382324219 12.7693328857421875 12.753999710083007813 12.766666412353515625 12.862667083740234375 12.911999702453613281 12.877999305725097656 12.885999679565429688 12.835332870483398438 12.669333457946777344 12.602666854858398438 12.52266693115234375 12.397999763488769531 12.30933380126953125 12.2306671142578125 12.024666786193847656 11.779333114624023438 11.689332962036132813 11.746000289916992188 11.761333465576171875 11.7133331298828125 11.702667236328125 11.635999679565429688 11.819333076477050781 11.968000411987304688 11.979332923889160156 11.880000114440917969 11.975999832153320313 12.305999755859375 12.442667007446289063 12.4160003662109375 12.448666572570800781 13.52266693115234375 13.482666969299316406 13.785333633422851563 13.741999626159667969 14.360666275024414063 14.167333602905273438 13.889332771301269531
14.232000350952148438 12.754667282104492188 14.098667144775390625 14.08733367919921875 12.672666549682617188 12.691332817077636719 12.672666549682617188 12.670000076293945313 12.675333023071289063 12.725333213806152344 12.820667266845703125 12.891333580017089844 12.895333290100097656 12.862667083740234375 12.868000030517578125 12.899999618530273438 12.933333396911621094 12.927999496459960938 12.9160003662109375 12.783333778381347656 12.63800048828125 12.506000518798828125 12.509333610534667969 12.434666633605957031 12.246666908264160156 12.131333351135253906 11.871333122253417969 11.673333168029785156 11.45800018310546875 11.404666900634765625 11.490666389465332031 11.5086669921875 11.581999778747558594 11.767999649047851563 11.8339996337890625 11.890666961669921875 12.070667266845703125 12.202667236328125 12.266666412353515625 12.2586669921875 12.275333404541015625 12.290666580200195313 12.485332489013671875 12.729333877563476563 14.107333183288574219 14.288666725158691406 14.543334007263183594 14.561333656311035156 14.098666191101074219
12.812000274658203125 12.843999862670898438 12.845333099365234375 12.744000434875488281 12.597332954406738281 12.700666427612304688 12.75533294677734375 12.810667037963867188 12.780666351318359375 12.763333320617675781 12.821332931518554688 12.895333290100097656 12.931333541870117188 12.934666633605957031 12.89333343505859375 12.904000282287597656 12.904666900634765625 12.857333183288574219 12.842000007629394531 12.792666435241699219 12.720666885375976563 12.660666465759277344 12.590000152587890625 12.485333442687988281 12.324000358581542969 12.24666595458984375 12.099333763122558594 11.868666648864746094 11.555999755859375 11.191999435424804688 10.784000396728515625 11.176666259765625 11.34799957275390625 11.484666824340820313 11.576000213623046875 11.814000129699707031 12.010000228881835938 12.077333450317382813 12.164666175842285156 12.052000045776367188 11.923333168029785156 12.211999893188476563 12.526666641235351563 12.878666877746582031 13.713999748229980469 12.704000473022460938 12.75533294677734375 14.383333206176757813 14.580666542053222656
12.901332855224609375 12.939332962036132813 12.935333251953125 12.8426666259765625 12.704667091369628906 12.764666557312011719 12.776666641235351563 12.850666999816894531 12.904000282287597656 12.892666816711425781 12.86533355712890625 12.813333511352539063 12.8426666259765625 12.895333290100097656 12.908666610717773438 12.859333038330078125 12.813332557678222656 12.773333549499511719 12.7779998779296875 12.718667030334472656 12.640000343322753906 12.669333457946777344 12.656000137329101563 12.563333511352539063 12.452667236328125 12.317999839782714844 12.110667228698730469 11.960000038146972656 11.869333267211914063 11.396666526794433594 10.420666694641113281 10.092000007629394531 10.714666366577148438 11.241999626159667969 11.636666297912597656 11.771333694458007813 11.783999443054199219 11.907999992370605469 11.855333328247070313 11.7220001220703125 11.623332977294921875 11.952666282653808594 13.352666854858398438 12.611332893371582031 13.461999893188476563 13.307332992553710938 13.323333740234375 14.176000595092773438 14.618000030517578125
12.765999794006347656 12.7413330078125 12.757333755493164063 12.766666412353515625 12.784000396728515625 12.78333282470703125 12.700666427612304688 12.720666885375976563 12.833333015441894531 12.886666297912597656 12.866666793823242188 12.831999778747558594 12.803999900817871094 12.788000106811523438 12.829999923706054688 12.802000045776367188 12.749332427978515625 12.738666534423828125 12.758000373840332031 12.677999496459960938 12.609333038330078125 12.640000343322753906 12.657999992370605469 12.584667205810546875 12.432000160217285156 12.2953338623046875 12.182000160217285156 12.184666633605957031 12.060667037963867188 11.831333160400390625 11.070000648498535156 10.602000236511230469 10.880666732788085938 11.614665985107421875 11.173333168029785156 12.567333221435546875 11.584667205810546875 11.705333709716796875 11.322000503540039063 11.33733367919921875 11.542666435241699219 11.831999778747558594 13.288000106811523438 12.354000091552734375 13.307332992553710938 13.160666465759277344 13.31133270263671875 13.935999870300292969 14.597333908081054688
12.461999893188476563 12.414000511169433594 12.515333175659179688 12.5926666259765625 12.62400054931640625 12.656666755676269531 12.57866668701171875 12.574666023254394531 12.695333480834960938 12.77266693115234375 12.751333236694335938 12.672666549682617188 12.693333625793457031 12.684000015258789063 12.751999855041503906 12.757999420166015625 12.742666244506835938 12.750666618347167969 12.748000144958496094 12.671999931335449219 12.636000633239746094 12.635333061218261719 12.672666549682617188 12.619333267211914063 12.450666427612304688 12.340000152587890625 12.353333473205566406 12.394666671752929688 12.237333297729492188 11.955332756042480469 11.712667465209960938 10.763333320617675781 10.55933380126953125 10.9633331298828125 11.543333053588867188 11.073333740234375 11.441999435424804688 11.414667129516601563 11.163332939147949219 11.369333267211914063 11.631999969482421875 12.010000228881835938 13.139333724975585938 11.928000450134277344 13.076000213623046875 13.086000442504882813 13.604666709899902344 14.267333030700683594 14.645333290100097656
12.308666229248046875 12.288666725158691406 12.37066650390625 12.514000892639160156 12.594666481018066406 12.683333396911621094 12.522000312805175781 12.37400054931640625 12.538666725158691406 12.649999618530273438 12.584667205810546875 12.42133331298828125 12.449999809265136719 12.512000083923339844 12.660666465759277344 12.683333396911621094 12.685999870300292969 12.664667129516601563 12.697999954223632813 12.665332794189453125 12.629332542419433594 12.613999366760253906 12.608666419982910156 12.607333183288574219 12.517999649047851563 12.385999679565429688 12.335332870483398438 12.420000076293945313 12.313333511352539063 12.12599945068359375 11.685333251953125 11.326666831970214844 10.971333503723144531 10.777333259582519531 10.550000190734863281 10.831333160400390625 11.055333137512207031 11.188666343688964844 11.489333152770996094 11.6573333740234375 12.021333694458007813 11.976666450500488281 11.657999992370605469 12.859999656677246094 13.344666481018066406 13.311333656311035156 13.682000160217285156 14.302000045776367188 14.822000503540039063
12.286000251770019531 12.161999702453613281 12.27266693115234375 12.3986663818359375 12.512666702270507813 12.590000152587890625 12.480666160583496094 12.289999961853027344 12.412667274475097656 12.541333198547363281 12.405333518981933594 12.216666221618652344 12.220666885375976563 12.258000373840332031 12.425999641418457031 12.551333427429199219 12.576000213623046875 12.574666976928710938 12.608666419982910156 12.62066650390625 12.596666336059570313 12.586666107177734375 12.592000007629394531 12.597332954406738281 12.489333152770996094 12.418666839599609375 12.429332733154296875 12.371333122253417969 12.2133331298828125 12.118000030517578125 11.885999679565429688 11.647999763488769531 11.53333282470703125 11.463999748229980469 10.940667152404785156 11.124666213989257813 11.339333534240722656 11.588666915893554688 11.715333938598632813 11.871333122253417969 11.867333412170410156 11.572667121887207031 11.673999786376953125 13.1100006103515625 13.568666458129882813 13.890666961669921875 14.192000389099121094 14.599332809448242188 14.828000068664550781
12.3986663818359375 12.185333251953125 12.182000160217285156 12.150667190551757813 12.165332794189453125 12.242666244506835938 12.25 12.229999542236328125 12.301333427429199219 12.405333518981933594 12.36533355712890625 12.20800018310546875 12.170000076293945313 12.059332847595214844 12.142000198364257813 12.357333183288574219 12.456000328063964844 12.595333099365234375 12.670000076293945313 12.647333145141601563 12.607999801635742188 12.584666252136230469 12.592000007629394531 12.58733367919921875 12.577333450317382813 12.487999916076660156 12.340000152587890625 12.359999656677246094 12.326666831970214844 12.210666656494140625 12.063333511352539063 11.772000312805175781 11.805999755859375 11.554666519165039063 11.399333000183105469 11.184666633605957031 11.397999763488769531 11.610666275024414063 11.665332794189453125 11.610666275024414063 11.443333625793457031 11.6100006103515625 11.998666763305664063 13.376000404357910156 13.314666748046875 13.542666435241699219 13.79199981689453125 14.206665992736816406 14.637333869934082031
12.536000251770019531 12.417332649230957031 12.223999977111816406 12.145333290100097656 12.054666519165039063 12.015333175659179688 12.047333717346191406 12.162000656127929688 12.182666778564453125 12.175999641418457031 12.230666160583496094 12.180666923522949219 12.177332878112792969 11.997333526611328125 12.049333572387695313 12.12066650390625 12.214666366577148438 12.525333404541015625 12.659333229064941406 12.619999885559082031 12.555333137512207031 12.538666725158691406 12.529333114624023438 12.562666893005371094 12.562000274658203125 12.396666526794433594 12.387332916259765625 12.401999473571777344 12.363333702087402344 12.24466705322265625 12.173999786376953125 11.985333442687988281 11.737999916076660156 11.781999588012695313 11.63466644287109375 11.192666053771972656 11.222666740417480469 11.38466644287109375 11.526666641235351563 11.460666656494140625 11.482666969299316406 11.872000694274902344 12.089333534240722656 12.118666648864746094 12.141333580017089844 13.466000556945800781 13.589333534240722656 14.0106658935546875 13.961333274841308594
12.602666854858398438 12.446000099182128906 12.317999839782714844 12.336666107177734375 12.115999221801757813 11.992666244506835938 11.987333297729492188 12.142666816711425781 12.235333442687988281 12.268667221069335938 12.250666618347167969 12.185333251953125 12.215999603271484375 12.054667472839355469 12.119999885559082031 12.150000572204589844 12.167332649230957031 12.404666900634765625 12.54199981689453125 12.589333534240722656 12.538000106811523438 12.542666435241699219 12.536000251770019531 12.526000022888183594 12.54199981689453125 12.434000015258789063 12.381999969482421875 12.43000030517578125 12.377333641052246094 12.21666717529296875 12.064666748046875 11.890666961669921875 11.859999656677246094 11.877999305725097656 11.701333045959472656 11.455333709716796875 11.144666671752929688 11.176666259765625 11.540666580200195313 11.783999443054199219 11.866000175476074219 11.9913330078125 11.86533355712890625 11.87933349609375 12.12066650390625 13.514666557312011719 13.822000503540039063 13.91266632080078125 13.947333335876464844
12.649333000183105469 12.58733367919921875 12.443332672119140625 12.447999954223632813 12.324000358581542969 12.176000595092773438 12.062666893005371094 12.206000328063964844 12.274666786193847656 12.246666908264160156 12.167333602905273438 12.033333778381347656 12.140666961669921875 12.167333602905273438 12.1573333740234375 12.033999443054199219 12.04199981689453125 12.294667243957519531 12.4546661376953125 12.562000274658203125 12.557333946228027344 12.524000167846679688 12.536000251770019531 12.531999588012695313 12.487333297729492188 12.465332984924316406 12.429333686828613281 12.418000221252441406 12.423333168029785156 12.363333702087402344 12.225333213806152344 12.099333763122558594 11.9720001220703125 11.936666488647460938 11.826666831970214844 11.655333518981933594 11.343333244323730469 11.060667037963867188 11.186666488647460938 11.450666427612304688 11.729332923889160156 11.707333564758300781 11.655333518981933594 12.672666549682617188 12.047999382019042969 12.475333213806152344 13.684666633605957031 14.081333160400390625 14.226666450500488281
12.62066650390625 12.650000572204589844 12.596666336059570313 12.564000129699707031 12.534667015075683594 12.420000076293945313 12.336666107177734375 12.304666519165039063 12.163999557495117188 11.995332717895507813 12.046667098999023438 12.1100006103515625 11.974666595458984375 11.943332672119140625 11.897333145141601563 11.87400054931640625 11.987333297729492188 12.198666572570800781 12.399333953857421875 12.530666351318359375 12.607333183288574219 12.547999382019042969 12.566666603088378906 12.555999755859375 12.443333625793457031 12.423999786376953125 12.438000679016113281 12.425333023071289063 12.404000282287597656 12.383333206176757813 12.307332992553710938 12.231999397277832031 12.154666900634765625 12.077333450317382813 11.966000556945800781 11.7586669921875 11.475333213806152344 11.180666923522949219 11.055999755859375 11.402667045593261719 11.579333305358886719 11.439332962036132813 11.4073333740234375 11.308667182922363281 12.587332725524902344 12.368666648864746094 13.745333671569824219 13.957333564758300781 14.123999595642089844
12.567333221435546875 12.567999839782714844 12.57866668701171875 12.565999984741210938 12.575333595275878906 12.525333404541015625 12.431333541870117188 12.219333648681640625 12.116000175476074219 11.966666221618652344 11.985333442687988281 12.029999732971191406 11.772000312805175781 11.731332778930664063 11.785333633422851563 11.774666786193847656 12.004667282104492188 12.196000099182128906 12.369999885559082031 12.492666244506835938 12.560666084289550781 12.501333236694335938 12.535999298095703125 12.548666954040527344 12.454000473022460938 12.406666755676269531 12.395333290100097656 12.371333122253417969 12.350666999816894531 12.355333328247070313 12.295999526977539063 12.250666618347167969 12.234000205993652344 12.137333869934082031 12.022000312805175781 11.891333580017089844 11.565333366394042969 11.273332595825195313 11.187333106994628906 11.166666984558105469 11.225333213806152344 11.960666656494140625 12.117333412170410156 11.168000221252441406 12.415332794189453125 12.224666595458984375 12.507333755493164063 13.145999908447265625 13.848000526428222656
12.495332717895507813 12.493999481201171875 12.486666679382324219 12.446000099182128906 12.492667198181152344 12.526666641235351563 12.414666175842285156 12.152667045593261719 12.004667282104492188 11.878000259399414063 11.871999740600585938 11.8899993896484375 11.796000480651855469 11.800000190734863281 11.816666603088378906 11.769333839416503906 11.960666656494140625 12.2306671142578125 12.343999862670898438 12.438666343688964844 12.489333152770996094 12.454000473022460938 12.439332962036132813 12.451999664306640625 12.437999725341796875 12.422666549682617188 12.394666671752929688 12.369333267211914063 12.340666770935058594 12.409999847412109375 12.361332893371582031 12.232666969299316406 12.167333602905273438 12.058666229248046875 12.007332801818847656 11.850666999816894531 11.5926666259765625 11.333333015441894531 11.249333381652832031 11.17133331298828125 11.116666793823242188 11.761333465576171875 12.04199981689453125 12.173333168029785156 12.345333099365234375 11.952000617980957031 12.542666435241699219 13.366666793823242188 13.2779998779296875
12.4546661376953125 12.44066619873046875 12.429333686828613281 12.40200042724609375 12.400000572204589844 12.434666633605957031 12.457333564758300781 12.270000457763671875 11.975999832153320313 11.797332763671875 11.829999923706054688 11.967333793640136719 12.012000083923339844 12.015999794006347656 11.973999977111816406 11.894000053405761719 12.017999649047851563 12.206666946411132813 12.277333259582519531 12.368666648864746094 12.457333564758300781 12.451333045959472656 12.376000404357910156 12.346666336059570313 12.381999969482421875 12.400666236877441406 12.353333473205566406 12.37933349609375 12.349332809448242188 12.371999740600585938 12.418000221252441406 12.312000274658203125 12.080666542053222656 12.017333030700683594 12.001333236694335938 11.877333641052246094 11.774000167846679688 11.62066650390625 11.485333442687988281 11.42133331298828125 11.308666229248046875 11.999333381652832031 11.932666778564453125 11.650667190551757813 12.086667060852050781 11.420000076293945313 11.720666885375976563 12.5926666259765625 13.131999969482421875
