data/trees.asc
ncols        384
nrows        480
xllcorner    138.000000000000
yllcorner    -29.000000000000
cellsize     0.041666666667
NODATA_value -9999
[rows 357 to 377 of 480, columns 48 to 95 of 384]
0 0 1.2884884131869611679e-12 0.0020880000665783882141 3.9999999899009708315e-06 2.5647751067045532203e-15 3.9999999899009708315e-06 7.8853185442252955728e-15 1.1999999514955561608e-05 0 0 0 0 0 0 6.1543797625271424083e-22 8.538564278369464855e-13 2.4797462802768344137e-13 1.5999999959603883326e-05 0.00012399999832268804312 0.0017320000333711504936 1.5999999959603883326e-05 0.00041599999531172215939 2.7928218548564642809e-13 4.000031822215532884e-06 0.033507999032735824585 0.0044080000370740890503 0.00021200001356191933155 0.00010800000745803117752 0.0077920001931488513947 0.0094400001689791679382 0.00011200000153621658683 0.0012439999263733625412 0.00093200005358085036278 0.0013719999697059392929 0.0050880000926554203033 0.0047120000235736370087 0.02286799997091293335 0.036139998584985733032 0.03724399954080581665 0.01558800041675567627 0.021875999867916107178 0.029084000736474990845 0.027227999642491340637 0.027696000412106513977 0.04872399941086769104 0.045419998466968536377 0.044495999813079833984
0 2.4374457259414977761e-15 3.9999999899009708315e-06 2.0000003132736310363e-05 3.6011440581091864327e-15 2.3090311711074101947e-24 3.6011440581091864327e-15 2.6284395853278441288e-15 3.9999999899009708315e-06 0 0 0 0 0 0 0 0 1.062481885590170032e-23 1.4404577926502640239e-14 1.9602930932151318988e-13 0.00011200000153621658683 1.2000001333944965154e-05 0.00083199999062344431877 0.0015320000238716602325 2.222255712780452086e-11 0.028000000864267349243 0.011983999982476234436 1.9086066006725882493e-13 1.163604260688566594e-12 0.0012919999426230788231 0.0030760001391172409058 2.8000000384054146707e-05 1.1233882747652135237e-12 4.0000049921218305826e-06 0.0045759999193251132965 0.00075200002174824476242 0.0091120004653930664063 0.019083999097347259521 0.050563998520374298096 0.048640001565217971802 0.039588000625371932983 0.01617999933660030365 0.0411759987473487854 0.043280001729726791382 0.041751999408006668091 0.05073599889874458313 0.058148000389337539673 0.048328001052141189575
0 2.1747240521194594403e-24 3.5688572797422206395e-15 1.7844287245744050452e-14 0 0 0 5.2568791706556882576e-15 7.999999979801941663e-06 0 0 0 8.3655320152098595898e-15 1.1999999514955561608e-05 1.5999999959603883326e-05 0 0 0 0 7.8365706122646844323e-14 0.00010400000610388815403 0.00031199998920783400536 0.00010800000018207356334 1.7375569299343807117e-12 0.00047199998516589403152 0.018972000107169151306 0.02154799923300743103 0 9.5143360148518438643e-22 2.7264867880766319175e-12 0.001888000057078897953 0.00033199999597854912281 3.0624657135815304967e-24 8.7080880700751706058e-12 0.010048000141978263855 0.017211999744176864624 0.0158959999680519104 0.012856000103056430817 0.01157999970018863678 0.035455998033285140991 0.044996000826358795166 0.021436000242829322815 0.028031999245285987854 0.041368000209331512451 0.033736001700162887573 0.068631999194622039795 0.052996002137660980225 0.075839996337890625
0 0 0 2.5011104163230254982e-15 3.9999999899009708315e-06 5.9999998484272509813e-05 0 4.6478307973342404909e-24 7.0731401557175624384e-15 0 0 0 7.3963227708896613e-24 1.0609710233576343658e-14 2.0524203267913848636e-13 0.00026800000341609120369 0.00079600000753998756409 8.3999999333173036575e-05 3.1999999919207766652e-05 3.3456126324188373289e-13 0.00044400000479072332382 0.00080000003799796104431 3.1686335413144695039e-12 0.0039519998244941234589 0.00019200002134311944246 0.012935999780893325806 0.0059360000304877758026 8.5034118689573251482e-14 0.00010400000610388815403 6.8000001192558556795e-05 1.669261191945825562e-12 2.9353532408557536648e-13 0 1.10885598121092388e-13 0.00012800001422874629498 0.0083200000226497650146 0.039627999067306518555 0.014403999783098697662 0.047712001949548721313 0.028772000223398208618 0.016148000955581665039 0.027111999690532684326 0.038876000791788101196 0.020516000688076019287 0.0033960000146180391312 0.021571999415755271912 0.084739997982978820801 0.0775279998779296875
2.5730334746523753076e-13 0.00042800002847798168659 7.4051059202736788101e-15 1.2000000424450263381e-05 3.5047379444262541717e-15 1.2438476897774775054e-13 0.00011200000153621658683 7.6000003900844603777e-05 0 0 0 0 0 0 1.674351339097590295e-22 2.34817428088757163e-13 6.9744280880093545427e-13 7.3599492386028364521e-14 2.8037901861344138865e-14 3.827862777184415366e-13 0.00050799996824935078621 0.0025560001377016305923 0.00072800001362338662148 3.4626808798760011499e-12 1.8190974768184098309e-11 0.022711999714374542236 0.0054120002314448356628 0.001323999953456223011 0.003607999999076128006 0.0073959999717772006989 0.01340799964964389801 0.011435999535024166107 0.0059960000216960906982 0.0060000000521540641785 0.0027119999285787343979 0.0058800000697374343872 0.0091599998995661735535 0.023608000949025154114 0.021676000207662582397 0.021972000598907470703 0.034380000084638595581 0.019107999280095100403 0.025399999693036079407 0.016580000519752502441 0.0073520001024007797241 0.0041880002245306968689 0.039627999067306518555 0.089447997510433197021
2.2339755761486178378e-22 3.7160091627061464514e-13 6.4293086742771570725e-24 1.0418717009464707746e-14 0 6.2350549895822848437e-23 9.7241354237494886936e-14 6.5985208291298447225e-14 0 0 0 0 0 0 0 0 0 0 0 1.2056262089468923471e-14 1.6000001778593286872e-05 0.0014599999412894248962 6.0000002122251316905e-05 3.1413946913720494983e-15 4.0000199987844098359e-06 0.025243999436497688293 0.0018720000516623258591 0.00048400001833215355873 3.1325608339932697888e-12 6.541433627410553342e-12 0.00014400001964531838894 4.0000099943426903337e-06 5.9472908368884969121e-12 0.0008640000014565885067 0.0089400000870227813721 0.013803999871015548706 0.026704000309109687805 0.024731999263167381287 0.0193280000239610672 0.016596000641584396362 0.021107999607920646667 0.02307599969208240509 0.052276000380516052246 0.016604000702500343323 0.0027439999394118785858 0.002732000080868601799 0.029500000178813934326 0.038724001497030258179
0 0 0 0 0 0 0 0 0 0 0 0 0 0 0 0 0 0 0 1.0370249497482353705e-23 9.6026268533999648014e-14 0.00010800000018207356334 0.00097599998116493225098 1.0209532871896520589e-12 0.0013000000035390257835 0.022167999297380447388 0.0026759998872876167297 5.56948205002877339e-13 0.00017200000002048909664 3.9999999899009708315e-06 3.5999997635371983051e-05 3.9999999899009708315e-06 1.9999999494757503271e-05 0.00018000000272877514362 0.00033199999597854912281 0.0035080001689493656158 0.0044280001893639564514 0.0015760000096634030342 0.0039079999551177024841 0.0093680005520582199097 0.0068319998681545257568 0.015204000286757946014 0.024059999734163284302 0.0023479999508708715439 0.00080799998249858617783 0.012560000643134117126 0.0098120002076029777527 0.025236001238226890564
0 0 0 0 0 0 0 0 0 0 0 0 0 0 0 0 0 0 0 0 1.4929355494908147506e-13 0.00019600000814534723759 0.00085599999874830245972 3.7476840207550932149e-12 0.0047720000147819519043 0.0042920000851154327393 4.8000001697801053524e-05 0.00011200000153621658683 0.00016399999731220304966 0.00030799998785369098186 6.3999999838415533304e-05 1.0204075472498679023e-14 7.999999979801941663e-06 0.00017200000002048909664 0.0055880001746118068695 0.0028240000829100608826 0.0040480000898241996765 0.0012120000319555401802 0.0032399999909102916718 0.0012600000482052564621 0.0011640000157058238983 0.026944000273942947388 0.01118800044059753418 0.0050599998794496059418 0.01254799962043762207 0.0083280000835657119751 0.0023280000314116477966 0.01511999964714050293
0 0 0 0 0 0 0 0 0 0 0 0 0 0 0 0 0 0 0 6.8419282826109872886e-13 0.00090799998724833130836 0.00093199999537318944931 0.0020599998533725738525 2.0000008589704521e-05 0.010700000450015068054 0.0061719999648630619049 3.1999999919207766652e-05 9.454197543107625834e-14 1.3843646281402888221e-13 2.9666668969509368825e-13 4.4000000343658030033e-05 5.7364560855260685089e-24 8.9131393238295331116e-14 9.6000003395602107048e-05 0.00036800000816583633423 0.0020960001274943351746 0.00040000001899898052216 0.0006160000339150428772 9.1999994765501469374e-05 0.0009520000312477350235 0.006039999891072511673 0.046936001628637313843 0.057987999171018600464 0.031583998352289199829 0.049899999052286148071 0.067627996206283569336 0.026552001014351844788 0.0017320000333711504936
4.8094077582472392202e-15 7.999999979801941663e-06 0 0 0 0 0 0 0 0 0 0 0 0 0 0 0 0 0 1.7180172215414124537e-12 0.0022799998987466096878 0.00037999998312443494797 0.00029999998514540493488 3.2000018109101802111e-05 0.021991999819874763489 0.0020759999752044677734 0.00047600001562386751175 0.0001320000010309740901 0 3.0663316842197471093e-23 3.678633257926146316e-14 0 6.8872706709783613378e-23 8.0261094808058847105e-14 6.2581239019046663863e-13 0.00036400000681169331074 0.0013200000394135713577 1.2000001333944965154e-05 4.4000007619615644217e-05 0.0074200001545250415802 0.014232000336050987244 0.025375999510288238525 0.062416002154350280762 0.041299998760223388672 0.064575999975204467773 0.068052001297473907471 0.049508001655340194702 0.038847997784614562988
3.9820996409351029237e-24 6.623849740054884791e-15 0 0 0 0 0 0 0 0 0 0 0 0 2.8521754185870107356e-14 4.0000002627493813634e-05 0 0 3.2814567984531736733e-14 4.4000000343658030033e-05 1.963967400167576649e-12 9.9999997473787516356e-05 0.0023199999704957008362 0.0029519998934119939804 0.01235199999064207077 3.6000001273350790143e-05 7.9236866633997093956e-13 0.00049200002104043960571 0.00012799999967683106661 3.5999997635371983051e-05 2.0000001313746906817e-05 3.9999998989515006542e-05 0 1.0395524400335937748e-14 1.2000004062429070473e-05 0.0041479999199509620667 0.0021959999576210975647 0.00044400000479072332382 0.0032039999496191740036 0.014516000635921955109 0.0067759999074041843414 0.011463999748229980469 0.060848001390695571899 0.056056000292301177979 0.065619997680187225342 0.11420000344514846802 0.04564400017261505127 0.040327999740839004517
0 0 0 0 0 0 0 0 0 0 0 0 0 0 2.338525773163582822e-23 3.2796380493088292396e-14 5.8389565697671702571e-14 8.0000005254987627268e-05 0.002632000017911195755 0.00038400001358240842819 1.6148078696692075296e-13 0.00021200001356191933155 0.012164000421762466431 0.024215999990701675415 0.0030080000869929790497 2.9516743460218999862e-14 3.2652858755044692591e-22 4.0339547023940380832e-13 1.1155134568884353397e-13 8.000000889296643436e-06 0.00075199996354058384895 0.00011200000153621658683 0 1.3860698918103601246e-14 1.5999999959603883326e-05 0.00057199998991563916206 1.2000002243439666927e-05 3.9277985703321804944e-13 3.2000003557186573744e-05 0.0004520000074990093708 0.0013840000610798597336 0.00048400004743598401546 0.015239999629557132721 0.041636001318693161011 0.11632800102233886719 0.11360400170087814331 0.062332000583410263062 0.050764001905918121338
0 0 0 0 0 0 0 0 0 0 0 0 0 0 1.4260877092935053678e-14 2.0000001313746906817e-05 2.5516238427725213e-12 0.0034960000775754451752 0.0054080002009868621826 3.1480341337181139139e-13 4.0000090848479885608e-06 0.01224400009959936142 0.013504000380635261536 0.0049879997968673706055 2.4423499247333557705e-12 0 0 0 5.361259639506661316e-24 6.4956114929394254826e-15 8.0913010666594509246e-13 0.00023599999258294701576 0.00031999999191612005234 1.1254213895715000252e-23 1.2991222985878850965e-14 4.6443621518066358078e-13 9.7434174511673750374e-15 1.0777511695592156826e-14 1.1999999514955561608e-05 2.4000000848900526762e-05 0.00041999999666586518288 0.00073199998587369918823 0.0071839997544884681702 0.030020000413060188293 0.090992003679275512695 0.098944000899791717529 0.028931999579071998596 0.039519999176263809204
0 0 0 0 0 0 0 1.0513758341311376515e-14 1.5999999959603883326e-05 0 0 0 0 0 1.1465650706419577604e-23 1.6079866794636507588e-14 2.0514884965398115287e-21 1.2774264285253522644e-11 0.013508000411093235016 0.0025919999461621046066 0.035307999700307846069 0.0061840000562369823456 0.00018400001863483339548 4.0103185529327678438e-12 0 0 0 0 0 0 1.5962698866988145465e-22 4.2079772825942551862e-13 0.00027200000477023422718 0.0011279999744147062302 0.00010800000018207356334 6.3999999838415533304e-05 0.00037600001087412238121 1.2000000424450263381e-05 4.000000444648321718e-06 0.00057999999262392520905 0.011451999656856060028 0.0015680000651627779007 0.0068560000509023666382 0.018095999956130981445 0.027648000046610832214 0.024544000625610351563 0.021948000416159629822 0.029596000909805297852
9.2000002041459083557e-05 0 0 0 0 0 0 8.3681268309186675112e-24 1.273474479758203784e-14 0 0 0 0 0 0 0 0 7.3671511599537886639e-12 0.0099880006164312362671 0.017656000331044197083 0.0040520001202821731567 8.0000045272754505277e-06 1.4644957067790759231e-13 0 0 0 0 0 0 0 0 1.8390190479776381468e-22 2.1649067087625706307e-13 8.9779946714843572586e-13 8.5959525901371097723e-14 5.0938979190328151359e-14 3.0282628618247264818e-13 3.9999999899009708315e-06 1.2568893408698711411e-12 0.0013839999446645379066 0.00080400001024827361107 0.012032000347971916199 0.020547999069094657898 0.013992000371217727661 0.038031999021768569946 0.012107999995350837708 0.014312000013887882233 0.016268000006675720215
7.2482181389700583996e-14 1.4624676049714881165e-14 2.4000000848900526762e-05 0 0 0 0 0 0 0 0 0 9.2020853014341402742e-14 0.0001320000010309740901 3.9999999899009708315e-06 5.4778864820928530044e-13 0.00075999996624886989594 0.02680799923837184906 0.018996000289916992188 0.00057999999262392520905 5.2000003051944077015e-05 0.00057600002037361264229 0 0 0 0 0 0 0 0 0 0 0 0 0 0 3.5597622634710775896e-15 4.0000036278797779232e-06 0.00397199997678399086 0.0023320000618696212769 0.0071000000461935997009 0.021271999925374984741 0.019480001181364059448 0.0048279999755322933197 0.0034799999557435512543 0.005100000184029340744 0.04840800166130065918 0.019967999309301376343
6.0000002122251316905e-05 1.1405663356603856203e-23 1.8717402031510205207e-14 0 0 0 0 0 0 0 0 0 1.784646920261617753e-13 0.00025599999935366213322 4.3926173462494055855e-12 0.006155999843031167984 0.023647999390959739685 0.0038519999943673610687 4.8000016249716281891e-05 0.0022319999989122152328 0.00058799999533221125603 4.4921764875624492497e-13 0 0 0 4.489629357846101898e-14 5.5999997130129486322e-05 0 0 0 0 0 0 0 0 5.6461430718518848537e-14 6.3999999838415533304e-05 0.0007600000244565308094 0.0029680000152438879013 0.0040159998461604118347 0.00092799996491521596909 0.00072400004137307405472 0.0014080000109970569611 0.013191999867558479309 0.051176000386476516724 0.079024001955986022949 0.016076000407338142395 0.01043200027197599411
4.6309198744589816221e-14 5.6061255084786237868e-14 9.2000002041459083557e-05 0 0 0 5.1913959005364055527e-15 7.999999979801941663e-06 0 8.0763134624028259934e-15 1.2000000424450263381e-05 3.9999999899009708315e-06 1.3774259876385739818e-22 1.3422758998044015399e-12 0.0016240000259131193161 0.031543999910354614258 0.0014519999967887997627 8.0000036177807487547e-06 0.00034400000004097819328 0.001456000027246773243 4.5383011584854138221e-13 0 0 0 0 3.4651854376980082694e-23 4.3221916117778397259e-14 0 0 0 0 0 0 0 1.2236342310494724428e-13 0.00014000000373926013708 0.0031560000497847795486 2.0000003132736310363e-05 0.0032120000105351209641 0.0012120000319555401802 0.0037200001534074544907 0.0094280000776052474976 0.022800000384449958801 0.054960001260042190552 0.069095999002456665039 0.0068600000813603401184 0.017915999516844749451 0.0075759999454021453857
1.3947282456565346376e-13 0.00023199999122880399227 7.0264832092905432637e-14 0 0 8.720235362795480949e-14 0.00013600000238511711359 0.00014000000373926013708 0 6.1682694731436403295e-24 9.1649786514874133359e-15 1.407806874819273607e-14 1.5999999959603883326e-05 1.5853676010868511526e-11 0.02249200083315372467 0.01302000042051076889 0.00020799999765586107969 3.6000001273350790143e-05 0.00025599999935366213322 0.00023600000713486224413 0 0 0 0 0 0 0 0 0 0 0 0 6.8648661889325179181e-15 7.999999979801941663e-06 0.00017200000002048909664 0.0012280000373721122742 0.0020119999535381793976 1.3121689065170860644e-12 0.0014439999358728528023 0.01578800007700920105 0.071327999234199523926 0.046036001294851303101 0.021479999646544456482 0.0073040002025663852692 0.017227999866008758545 0.025803999975323677063 0.014864000491797924042 0.03195200115442276001
1.0539632291101779962e-22 1.753169143062574542e-13 0 0 0 6.5896763654717176066e-23 1.0536769346576255191e-13 3.9999999899009708315e-06 2.0970109329554453836e-12 0.0031520000193268060684 0.00096000003395602107048 8.4000006609130650759e-05 1.4036231758048772766e-13 0.00018400001863483339548 0.029284000396728515625 4.0000113585847429931e-06 0.0022519999183714389801 0.0024959999136626720428 1.5999999959603883326e-05 1.7833964285809272843e-13 0 0 0 0 0 0 0 0 0 0 0 0 2.4027029755439681391e-14 2.7999998565064743161e-05 8.3999999333173036575e-05 0.00051600002916529774666 3.0368797754309895254e-12 0.0017040000529959797859 0.0033400000538676977158 0.010875999927520751953 0.006883999798446893692 0.012368000112473964691 0.015275999903678894043 0.023275999352335929871 0.014852000400424003601 0.0082320002838969230652 0.034171998500823974609 0.033100001513957977295
0 0 0 0 3.2916432166768538892e-14 5.1999999413965269923e-05 2.5956979502682027763e-15 3.9999999899009708315e-06 1.5679735596245072048e-21 2.4160343864432221039e-12 8.8000000687316060066e-05 0.00085599999874830245972 0.00094400002853944897652 0.007532000076025724411 0.0048400000669062137604 0.0026000000070780515671 0.0034159999340772628784 0.00058799999533221125603 1.1963493347019737989e-14 0 0 0 0 0 0 0 0 0 0 0 0 0 1.7965450413465473849e-23 2.0936111663218646972e-14 7.6792732058277718421e-14 1.5999999959603883326e-05 4.7273643333234360853e-12 0.005311999935656785965 0.0026960000395774841309 7.600001117680221796e-05 0.003924000076949596405 0.0054600001312792301178 0.01568800024688243866 0.017087999731302261353 0.019400000572204589844 0.0012760000536218285561 0.030748000368475914001 0.042320001870393753052
