data/trees.asc
ncols        384
nrows        480
xllcorner    138.000000000000
yllcorner    -29.000000000000
cellsize     0.041666666667
NODATA_value -9999
[rows 378 to 398 of 480, columns 48 to 95 of 384]
0 0 0 0 2.4350268121549071077e-23 3.8467533737367165525e-14 1.9201941367453738762e-24 2.9590409915641706362e-15 0 4.3813258945328094455e-23 6.5098900120345859488e-14 6.3323478405319377771e-13 3.1605885443541925639e-12 0.0035319998860359191895 0.0017239999724552035332 0.0092280004173517227173 0.0023080001119524240494 4.3497903846542729234e-13 0 0 0 0 0 0 0 0 0 0 0 0 0 0 1.0297299071640540064e-14 1.2000000424450263381e-05 1.0345095878658476523e-23 5.5174858822407135683e-13 0.00061200000345706939697 0.0018439999548718333244 0.00015999999595806002617 0.002268000040203332901 0.0030440001282840967178 0.019096000120043754578 0.023824000731110572815 0.0043520000763237476349 0.015791999176144599915 0.02736799977719783783 0.046523999422788619995 0.062224000692367553711
1.5999999959603883326e-05 0 3.085460489535285511e-13 0.00049999996554106473923 3.9999999899009708315e-06 2.5647752761111426711e-14 4.0000002627493813634e-05 2.6284395853278441288e-15 3.9999999899009708315e-06 7.999999979801941663e-06 1.2534291909515465901e-13 0.00018400000408291816711 7.768790818984960822e-12 0.011144000105559825897 0.0045440001413226127625 0.0034320000559091567993 1.6887371492510516724e-12 0 0 0 0 0 0 0 0 0 0 0 0 0 0 0 7.5344152389313150796e-24 2.2015592474056155936e-13 0.00024399999529123306274 2.8000013116979971528e-05 0.015267999842762947083 0.0005559999844990670681 0.00215200008824467659 0.00058799999533221125603 0.0022719998378306627274 0.0013680000556632876396 0.017060000449419021606 0.002747999969869852066 0.009283999912440776825 0.033571999520063400269 0.04307999834418296814 0.041919998824596405029
2.6166707147411150114e-13 0.00041599999531172215939 1.727858036770085759e-13 0.00028000000747852027416 0.0009520000312477350235 1.1999999514955561608e-05 2.8944670960170601481e-14 2.654724042591011246e-13 0.00040399999124929308891 5.7889335991110572183e-15 2.1798768980218000135e-14 3.1999999919207766652e-05 0.00029200001154094934464 0.011044000275433063507 0.0028880001045763492584 0.00012399999832268804312 0 0 0 0 0 0 0 0 0 0 0 0 0 0 0 2.7182977955153217464e-14 3.1999999919207766652e-05 1.2128111828626358948e-13 0.00014000001829117536545 0.011304000392556190491 0.002368000103160738945 8.8000000687316060066e-05 0.00019199999223928898573 0.00079199997708201408386 0.0033080000430345535278 0.032444000244140625 0.0040159998461604118347 0.00050800002645701169968 0.0049640000797808170319 0.02238400094211101532 0.016392000019550323486 0.062359999865293502808
9.6188163635274256946e-15 1.5999999959603883326e-05 1.2365565083294887788e-22 2.0038442747564305657e-13 9.3451039007846903317e-13 0.00039999998989515006542 0 1.8998761958274562351e-22 2.8912609069051131705e-13 0 8.7195075920872000541e-14 0.00012799999967683106661 0.0054520000703632831573 0.01052800007164478302 0.0047599999234080314636 8.8741669991131838513e-14 0 0 0 0 0 0 0 0 0 0 0 0 0 0 0 5.0968083242395809118e-14 6.0000002122251316905e-05 1.9999999494757503271e-05 0.00032399999327026307583 8.1568536647314004995e-12 7.5999996624886989594e-05 2.8000000384054146707e-05 0.00024799999664537608624 0.0014919999521225690842 0.0051319999620318412781 0.021431999281048774719 0.0018799999961629509926 0.0026879999786615371704 0.0014080000109970569611 0.0053199999965727329254 0.012988000176846981049 0.074904002249240875244
6.8061483175621396329e-24 3.5695848810439120835e-14 4.0000002627493813634e-05 0 7.849303211527811075e-14 0.00012399999832268804312 0 0 4.098219701965943873e-13 0.0006160000339150428772 4.713984194312792475e-13 0.00069200003053992986679 0.0073639997281134128571 0.00034800000139512121677 0.0049560000188648700714 0 0 0 0 0 0 0 0 0 0 0 0 3.2705428636310967389e-15 3.9999999899009708315e-06 0 0 6.9316590228102326066e-13 0.00081599998520687222481 0.00021199999901000410318 2.2925815434428342687e-13 4.7442246301285452412e-23 2.6380257028314757495e-13 0.00023599999258294701576 0.00052399997366592288017 0.0013200000394135713577 4.0000040826271288097e-06 0.00038800004404038190842 0.0049400003626942634583 0.0027439999394118785858 0.010959999635815620422 0.031555999070405960083 0.011436000466346740723 0.07286799699068069458
0 1.7050302343649440706e-23 2.3038683591089514913e-13 0.00032800002372823655605 5.490706034254911762e-23 9.1869423852163067945e-14 7.999999979801941663e-06 0 1.3572025176888241615e-13 0.0002039999963017180562 0.00015199999324977397919 0.0064639998599886894226 0.0048519996926188468933 0.00017600000137463212013 0.0076040001586079597473 3.1999999919207766652e-05 0 0 0 9.0421969906181662302e-15 1.2000000424450263381e-05 0 0 5.3403709541566604657e-14 6.8000001192558556795e-05 1.9241269886530361355e-14 2.4000000848900526762e-05 5.1999999413965269923e-05 2.4000000848900526762e-05 0 3.4526238205240256107e-12 0.0041040000505745410919 0.0031359998974949121475 0.00082000001566484570503 5.9999998484272509813e-05 0 2.6128654361662340122e-12 0.0029360000044107437134 0.012004000134766101837 2.8000004022032953799e-05 0.0045159999281167984009 0.0044800001196563243866 0.010831999592483043671 0.017847999930381774902 0.0071040000766515731812 0.015188000164926052094 0.041891999542713165283 0.077455997467041015625
0 0 8.3924532633724430175e-14 0.00013600000238511711359 5.0640665197733501085e-15 7.999999979801941663e-06 5.5324562578471913471e-15 0 1.7297679944221905357e-13 0.00026000000070780515671 0.00014000001829117536545 0.012195999734103679657 0.00012399999832268804312 0.0022879999596625566483 0.0017480000387877225876 0.00023200000578071922064 0 0 0 6.2531946883256609659e-24 8.2986850220454974614e-15 0 0 3.1413946913720494983e-15 3.9999999899009708315e-06 2.0844709693133151029e-13 0.00026000000070780515671 7.6000003900844603777e-05 1.6597370044090994923e-14 1.8671563318910233686e-13 0.00022400000307243317366 0.0014920000685378909111 7.5999996624886989594e-05 9.1999994765501469374e-05 8.4000006609130650759e-05 0.0053240000270307064056 0.0015080000739544630051 0.0072599998675286769867 0.014291999861598014832 0.0015200000489130616188 0.0040640002116560935974 0.0025359999854117631912 0.0047639999538660049438 0.0077240001410245895386 0.032756000757217407227 0.061255998909473419189 0.0933760032057762146 0.17174400389194488525
0 0 5.7361181375142718274e-23 9.2953998719145364271e-14 3.4612147852176688286e-24 5.4678822775967861336e-15 0 0 1.1822708873645238072e-22 4.5768499667281359322e-13 0.00041599999531172215939 0.010928000323474407196 5.2000003051944077015e-05 0.00050399999599903821945 0.00030000001424923539162 1.5999999959603883326e-05 0 0 0 0 0 0 3.1104718478083999422e-15 3.9999999899009708315e-06 9.0822142151782483954e-15 7.999999979801941663e-06 0.00031599999056197702885 7.4838681259070671814e-14 2.7999998565064743161e-05 7.8020456848598707111e-13 0.00093600002583116292953 0.00016799999866634607315 0.00049999996554106473923 0.0022800001315772533417 0.052287999540567398071 0.015375999733805656433 0.030600000172853469849 0.035268001258373260498 0.00091200001770630478859 0.00069600000279024243355 0.0010360000887885689735 0.014143999665975570679 0.027968000620603561401 0.040492001920938491821 0.080115996301174163818 0.16665199398994445801 0.21885199844837188721 0.26778000593185424805
0 0 0 0 0 0 0 0 9.1278525536642174387e-13 0.0013719999697059392929 0.0041439998894929885864 0.0070239999331533908844 0.00038399998447857797146 0.00058400002308189868927 2.7999998565064743161e-05 3.9999999899009708315e-06 0 0 4.80285949899794673e-13 0.0006440000142902135849 0.0012400000123307108879 0.000483999989228323102 2.1012083294248766029e-24 1.3464068456068428725e-13 0.00016799999866634607315 0.00032399999327026307583 7.999999979801941663e-06 1.5465384544029991026e-23 1.8914760708220457186e-14 5.3013902946361102231e-13 0.00063600001158192753792 0.00011200000153621658683 0.001324000069871544838 3.5999997635371983051e-05 1.6000034520402550697e-05 1.0951520072743914369e-11 0.00063999998383224010468 0.0010120000224560499191 0.003856000024825334549 4.6345431832517380855e-12 0.0045560002326965332031 0.03512400016188621521 0.080531999468803405762 0.062863998115062713623 0.077143996953964233398 0.2073040008544921875 0.18695199489593505859 0.12566000223159790039
0 0 0 0 0 0 0 3.9426595262225319627e-14 5.9999998484272509813e-05 0.0010280000278726220131 0.012575999833643436432 6.0000005760230123997e-05 1.7732527685804244655e-12 0.0021760000381618738174 1.2000000424450263381e-05 2.6698215917241897854e-15 0 6.874433747944275197e-13 0.00093199999537318944931 0.00083200004883110523224 3.9999998989515006542e-05 0.0012120000319555401802 7.999999979801941663e-06 7.2252079807381269783e-14 9.2000002041459083557e-05 0.00016399999731220304966 5.3396431834483795709e-15 0 2.8458635187994518745e-12 0.0034479999449104070663 0.002383999992161989212 0.00025599999935366213322 0.0024119999725371599197 2.7493567996252424313e-14 3.9999999899009708315e-06 2.7999998565064743161e-05 6.977133714530792119e-13 0.00030399998649954795837 0.00054400000954046845436 1.1999999514955561608e-05 5.7412095910702731771e-12 0.0029279999434947967529 0.0079880002886056900024 0.033183999359607696533 0.079227998852729797363 0.23440399765968322754 0.15090000629425048828 0.099303998053073883057
0 0 0 0 0 0 0 1.3142198138397457458e-14 2.0000001313746906817e-05 0.003924000076949596405 0.012864000163972377777 0.00063999998383224010468 0.00018000000272877514362 3.9999998989515006542e-05 0.00027600000612437725067 0 0 4.5336707125490912454e-22 6.7133120893944631113e-13 7.5999996624886989594e-05 0.00032399999327026307583 0.010196000337600708008 0.00034800000139512121677 0.00013600000238511711359 7.9718573593474256755e-14 2.4000000848900526762e-05 0 2.6164343586675131714e-13 0.00031999999191612005234 0.0026279999874532222748 0.0031999999191612005234 0.00053200003458186984062 4.0000013541430234909e-06 2.2852736388705478979e-24 2.637989458291662738e-15 3.9638963362760917808e-14 2.4000000848900526762e-05 0.00040400002035312354565 0.00087200000416487455368 0.0020479999948292970657 0.00073599995812401175499 0.00082000001566484570503 0.0006440000142902135849 4.0000390981731470674e-06 0.018264001235365867615 0.16266399621963500977 0.16690400242805480957 0.081748001277446746826
0 0 0 0 0 0 2.5956979502682027763e-15 4.0000008993956726044e-06 0.001308000064454972744 0.0081559997051954269409 0.0016639999812468886375 8.1098729077730413728e-13 0.00057199998991563916206 1.6702870369363770342e-13 0.00019999999494757503271 2.3064785080765745628e-14 3.1999999919207766652e-05 1.2000000424450263381e-05 3.6922612580764111364e-23 8.5677125116756513989e-14 4.7999998059822246432e-05 0.00060799997299909591675 0.00022800000442657619715 0.0018119999440386891365 4.4437909840593092792e-14 5.5999997130129486322e-05 3.3996912815296986832e-13 0.00041999999666586518288 0.0016520000062882900238 0.0092879999428987503052 1.6000003597582690418e-05 0.0011199999134987592697 2.6057022564082233176e-15 1.2474629619216304199e-13 0.00014400000509340316057 2.4000000848900526762e-05 0.00089600001228973269463 0.0014120000414550304413 0.0097000002861022949219 0.00018400000408291816711 0.0054359999485313892365 0.0018119999440386891365 4.3828094907667758395e-13 2.000007043534424156e-05 0.072392001748085021973 0.084063999354839324951 0.14736799895763397217 0.28602799773216247559
1.5999999959603883326e-05 0 0 0 0 2.5647751067045532203e-15 3.9999999899009708315e-06 3.6000004911329597235e-05 0.0086000002920627593994 0.0017760000191628932953 0.00058799999533221125603 1.2841883589506664087e-12 0.0018639999907463788986 1.4661054759546737758e-13 0.00020799999765586107969 0.0017000000225380063057 0.012488000094890594482 0.0052720000967383384705 0 2.3273436698320749796e-23 3.0886439781642460733e-14 3.9122822819911973191e-13 1.467105923509334775e-13 1.3638709302557505687e-12 0.00025199999799951910973 0.00060800003120675683022 0.00015999999595806002617 8.0000063462648540735e-06 0.0076640001498162746429 0.0038000000640749931335 0.003407999873161315918 7.2068354972990023022e-13 0 8.0270188001078517246e-23 9.2659326121190960235e-14 4.8477888370257460338e-13 0.00053200003458186984062 0.0027999999001622200012 0.0035840000491589307785 0.00072399998316541314125 0.00062400003662332892418 1.6458216083384269446e-12 0.00051600002916529774666 6.6780254937004457361e-11 0.070588000118732452393 0.12065199762582778931 0.060812000185251235962 0.15658800303936004639
6.0000002122251316905e-05 0 0 0 0 1.4260149051176229662e-12 0.0022239999379962682724 0.01158799976110458374 0.0044359997846186161041 0.00026800000341609120369 0.0029799998737871646881 0.0008640000014565885067 0.00046400001156143844128 8.8000000687316060066e-05 0.004900000058114528656 0.0027040001004934310913 0.020471999421715736389 0.021231999620795249939 0 0 0 0 6.3142579272840171356e-13 0.00081200001295655965805 0.0011599999852478504181 0.000483999989228323102 4.1896781183270448423e-13 0.00039200001629069447517 0.021808000281453132629 0.015080000273883342743 0.0029720000457018613815 0 0 3.084005490219809964e-13 0.00035600000410340726376 0.0010560000082477927208 0.001191999996080994606 2.8000002203043550253e-05 0.00099600001703947782516 0.00060000002849847078323 3.9648696110138048621e-13 3.0490006625675311506e-22 5.9054448614190291345e-13 0.00028000006568618118763 0.067383997142314910889 0.11736400425434112549 0.084388002753257751465 0.065803997218608856201
3.7639440446813471342e-14 0 2.4683685695051473322e-15 3.9999999899009708315e-06 9.176088708318097531e-12 0.014496000483632087708 0.021891999989748001099 0.0025800000876188278198 4.7228102505181279724e-12 0.0029159998521208763123 0.0011040000244975090027 0.0047920001670718193054 0.00044800000614486634731 0.0030040000565350055695 0.00082800001837313175201 0.00094399997033178806305 0.00069600006099790334702 0.052659999579191207886 0 1.2839917930967947868e-12 0.001703999936580657959 0 4.1991369691303515044e-13 0.00053999997908249497414 6.3999999838415533304e-05 1.0398877939299389084e-11 0.012591999955475330353 0.01512399967759847641 0.0020759999752044677734 9.4633797326215685075e-12 4.0000018088903743774e-06 0 0 5.5442795672414404984e-14 6.3999999838415533304e-05 0.0027039998676627874374 0.0025359999854117631912 0.00025599999935366213322 0.00015200000780168920755 3.8005056458671748754e-13 3.9999999899009708315e-06 2.8000000384054146707e-05 6.4000007114373147488e-05 0.006688000168651342392 0.012079999782145023346 0.015336000360548496246 0.049648001790046691895 0.12850800156593322754
1.2023520877925755745e-14 2.0000001313746906817e-05 8.1456163428944572402e-14 0.0001320000010309740901 0.00014800000644754618406 0.027876000851392745972 1.355666967572943804e-11 1.5976707803955214615e-12 1.1549527610330012628e-12 0.0017359999474138021469 0.00017200000002048909664 0.00070000003324821591377 0.0015040000434964895248 0.0016320000868290662766 5.5439784707456141177e-12 0.0070560001768171787262 0.0020039998926222324371 0.00033200002508237957954 0.014867999590933322906 7.9511479252921225043e-22 1.0917674099844565383e-12 4.8000001697801053524e-05 3.9999999899009708315e-06 3.343961663560685027e-13 1.6342347397210743587e-13 0.00015600002370774745941 0.012364000082015991211 0.00047199998516589403152 3.1999999919207766652e-05 9.6000003395602107048e-05 2.4770087290836148228e-15 0 3.0891898061954567445e-14 3.6000001273350790143e-05 0.00055200001224875450134 0.0075840000063180923462 0.010916000232100486755 0.0020000000949949026108 9.4126339751990362181e-14 2.2640905541978743732e-24 2.4770087290836148228e-15 4.7859838921832098535e-13 0.00049599999329075217247 0.0056080003269016742706 0.034076001495122909546 0.0048360000364482402802 0.012372000142931938171 0.043320000171661376953
0.00019600000814534723759 1.2225882978255438877e-14 4.9793676576681002633e-23 8.0690825115387054822e-14 1.2836727340814757525e-11 0.020136000588536262512 0 0 1.8282315765449919098e-12 0.002747999969869852066 0.00011200000153621658683 0.002895999932661652565 0.00030399998649954795837 8.000000889296643436e-06 3.0755659637585194381e-21 4.3132914774590691565e-12 1.2250333126379020499e-12 7.1865486651889742831e-12 0.0094680003821849822998 0.0076479995623230934143 0.00032799999462440609932 0.0029799998737871646881 0.0031240000389516353607 0.0018560000462457537651 0.0034839999862015247345 0.013240000233054161072 0.0035880000796169042587 0.0091280005872249603271 0.0026519999373704195023 0.00050799996824935078621 0 3.397872244394152183e-15 3.9999999899009708315e-06 4.4000000343658030033e-05 0.0015920000150799751282 0.0049600000493228435516 0.0011239999439567327499 8.000000889296643436e-06 3.9999999899009708315e-06 3.1999999919207766652e-05 0 7.4136278713221592795e-12 0.0079720001667737960815 0.041756000369787216187 0.011064000427722930908 0.024307999759912490845 0.00027200003387406468391 0.0096439998596906661987
0.0010920000495389103889 0 6.6645954976529003799e-14 0.0001080000147339887917 0.022568000480532646179 0.039863999933004379272 5.1999999413965269923e-05 1.1617703327138073632e-12 0.0017679999582469463348 0.00093200005358085036278 0.00065599998924881219864 0.0052160001359879970551 8.3999999333173036575e-05 0.00016399999731220304966 8.3999999333173036575e-05 0 0 1.1801607563107548854e-14 1.6000014511519111693e-05 0.011864000000059604645 0.012524000369012355804 0.0040440000593662261963 0.00029599998379126191139 0.0021959999576210975647 0.00028000000747852027416 2.0000008589704521e-05 0.00029600001289509236813 5.5062139743544680215e-12 2.5538692254717387797e-12 0.0011559999547898769379 0.0028039999306201934814 0.0010079999919980764389 0.00055200001224875450134 0.0018279999494552612305 0.0056679998524487018585 0.0097839999943971633911 0.0014639999717473983765 4.82577878753529671e-15 6.0363163476202536667e-15 4.000000444648321718e-06 0.00035999997635371983051 9.2000002041459083557e-05 0.00066399999195709824562 0.00071599998045712709427 0.00010800000745803117752 0.00020000002405140548944 8.3999999333173036575e-05 5.8174762750107245068e-12
6.5002864202412524719e-13 0 7.35573841420533725e-12 0.011920000426471233368 0.027024000883102416992 0.0032479998189955949783 0.0010560000082477927208 0.0040040002204477787018 0.0012080000014975667 0.0020840000361204147339 0.0015000000130385160446 0.0019480000482872128487 1.2853124597630993797e-12 0.0017719999887049198151 0.00010399999882793053985 0.00053999997908249497414 2.7999998565064743161e-05 7.0250729959790748292e-24 1.1157528026495278084e-11 0.014947999268770217896 0.0011040000244975090027 0.00037600001087412238121 2.8000002203043550253e-05 0.0018159999744966626167 0.00087600003462284803391 0.0048919999971985816956 3.9999999899009708315e-06 0 5.6795566843921804456e-22 7.0813071118697168416e-13 2.40000063058687374e-05 0.0046480000019073486328 0.0016160000814124941826 0.00098400004208087921143 0.0049080001190304756165 0.0071199997328221797943 0.00023199999122880399227 2.4000000848900526762e-05 2.4000000848900526762e-05 7.7017651154212551923e-13 0.00084000005153939127922 0.0024679999332875013351 0.00014800000644754618406 7.6000003900844603777e-05 5.2000003051944077015e-05 4.8000008973758667707e-05 0.0069440002553164958954 0.02518799901008605957
3.1999999919207766652e-05 0.00015599999460391700268 0.0095760002732276916504 0.036912001669406890869 0.0074200001545250415802 0.005543999839574098587 0.0012519999872893095016 0.00023199999122880399227 0.00014800000644754618406 0.0013160000089555978775 0.0080439997836947441101 0.00039200001629069447517 4.0000002627493813634e-05 1.0405051386469521546e-12 1.6089416582897031471e-13 0.00014000000373926013708 0.00026000000070780515671 5.200001396588049829e-05 0.016868000850081443787 0.0089760003611445426941 0.0020560000557452440262 6.3999999838415533304e-05 0.00038799998583272099495 0.00089599995408207178116 0.0019799999427050352097 0.0012400000123307108879 0.00092799996491521596909 0.0011840000515803694725 0 8.6689397251361183239e-14 0.00010399999882793053985 0.0036039999686181545258 0.0033879999537020921707 0.0045159999281167984009 0.0032120000105351209641 0.0012440000427886843681 0.00018400000408291816711 1.2000000424450263381e-05 8.0000017987913452089e-06 0.0016240000259131193161 0.0020119999535381793976 1.4491911360173248546e-12 8.6904496186118729284e-14 2.2239215677344326139e-12 0.0023040000814944505692 0.007811999879777431488 0.031143998727202415466 0.0098999999463558197021
0.02164799906313419342 0.054540000855922698975 0.076535999774932861328 0.00032000002101995050907 0.00070400000549852848053 0.00044799997704103589058 0.00012000000424450263381 8.0000036177807487547e-06 0.0050960001535713672638 0.0011159999994561076164 0.0014639999717473983765 0.0012039999710395932198 0.00018800000543706119061 0 5.7822740735343911397e-23 1.7623507091602680363e-13 0.0001320000010309740901 3.0120200225029064578e-14 9.994262362145178713e-12 0.00030000001424923539162 0.0021319999359548091888 0.00032399999327026307583 0.00020000000949949026108 0.00022400000307243317366 0.0028639999218285083771 5.2000006689922884107e-05 0.0090920003131031990051 8.000000889296643436e-06 5.9999998484272509813e-05 4.3344698625680591619e-14 5.1999999413965269923e-05 0.00062000000616535544395 0.00031600001966580748558 0.00023999999393709003925 0.00036800000816583633423 0.0010679999832063913345 0.00024399999529123306274 0.00084400002378970384598 0.0034680000972002744675 0.0060680001042783260345 3.1999999919207766652e-05 0 0 5.9098238455734808383e-12 0.0062480000779032707214 0.00397199997678399086 0.0099320001900196075439 0.014940000139176845551
