data/trees.asc
ncols        384
nrows        480
xllcorner    138.000000000000
yllcorner    -29.000000000000
cellsize     0.041666666667
NODATA_value -9999
[rows 399 to 419 of 480, columns 144 to 191 of 384]
0.5813840031623840332 0.73830801248550415039 0.25989201664924621582 0.30991598963737487793 0.3944199979305267334 0.45543599128723144531 0.55181998014450073242 0.53976798057556152344 0.60804802179336547852 0.53629201650619506836 0.57878798246383666992 0.68430799245834350586 0.48847600817680358887 0.55954402685165405273 0.7548720240592956543 0.82989597320556640625 0.68154001235961914063 0.79053199291229248047 0.62341201305389404297 0.45567199587821960449 0.29049199819564819336 0.75712001323699951172 0.68907600641250610352 0.56344801187515258789 0.62078398466110229492 0.42345598340034484863 0.16967999935150146484 0.74185597896575927734 0.86488801240921020508 0.92713201045989990234 0.49455600976943969727 0.58050400018692016602 0.57719999551773071289 0.44011199474334716797 0.61820000410079956055 0.86968797445297241211 0.76706397533416748047 0.66541600227355957031 0.3290239870548248291 0.12851600348949432373 0.25018000602722167969 0.29314398765563964844 0.18800799548625946045 0.50573199987411499023 0.094379998743534088135 0.78437197208404541016 0.75856798887252807617 0.18952399492263793945
0.62447601556777954102 0.77836000919342041016 0.18677599728107452393 0.54242402315139770508 0.45813199877738952637 0.29306399822235107422 0.35269200801849365234 0.63658797740936279297 0.59321600198745727539 0.57546401023864746094 0.77822399139404296875 0.89500802755355834961 0.48156398534774780273 0.60761201381683349609 0.8715559840202331543 0.68958401679992675781 0.56962001323699951172 0.49534401297569274902 0.5707759857177734375 0.53397601842880249023 0.70279598236083984375 0.66909998655319213867 0.69915997982025146484 0.76792001724243164063 0.74873203039169311523 0.57563602924346923828 0.59879201650619506836 0.67803597450256347656 0.72231602668762207031 0.84076797962188720703 0.91121602058410644531 0.61951202154159545898 0.55952399969100952148 0.9238719940185546875 0.95244002342224121094 0.80465602874755859375 0.66505199670791625977 0.37677600979804992676 0.36213600635528564453 0.26397201418876647949 0.42014801502227783203 0.28234398365020751953 0.29516398906707763672 0.27788001298904418945 0.42869201302528381348 0.68635600805282592773 0.95179200172424316406 0.56136000156402587891
0.66518801450729370117 0.75209599733352661133 0.56418001651763916016 0.62179201841354370117 0.52784800529479980469 0.58381199836730957031 0.65076798200607299805 0.80751198530197143555 0.75500398874282836914 0.41828000545501708984 0.58865600824356079102 0.69749200344085693359 0.13777600228786468506 0.39537200331687927246 0.81005197763442993164 0.87453997135162353516 0.6086400151252746582 0.42959600687026977539 0.50999200344085693359 0.80877602100372314453 0.69792801141738891602 0.46729600429534912109 0.64115601778030395508 0.87932801246643066406 0.80199199914932250977 0.18321199715137481689 0.33597201108932495117 0.65677201747894287109 0.19959999620914459229 0.36171600222587585449 0.86657202243804931641 0.35948398709297180176 0.20943200588226318359 0.52722400426864624023 0.90001201629638671875 0.81401997804641723633 0.44207200407981872559 0.25477200746536254883 0.077420003712177276611 0.20019999146461486816 0.11419200152158737183 0.054919999092817306519 0.21554000675678253174 0.37424400448799133301 0.34218800067901611328 0.84912002086639404297 0.79408001899719238281 0.90030801296234130859
0.68071997165679931641 0.81884402036666870117 0.71836000680923461914 0.63764798641204833984 0.62844800949096679688 0.72582799196243286133 0.89569199085235595703 0.84110397100448608398 0.68357598781585693359 0.62300002574920654297 0.27985599637031555176 0.21145199239253997803 0.20374000072479248047 0.32418000698089599609 0.76845198869705200195 0.88259202241897583008 0.60493201017379760742 0.35214400291442871094 0.46388000249862670898 0.55506402254104614258 0.55661600828170776367 0.6117560267448425293 0.76067602634429931641 0.74505597352981567383 0.30373600125312805176 0.20000000298023223877 0.45521199703216552734 0.94944000244140625 0.70841997861862182617 0.58446401357650756836 0.36200800538063049316 0.57194399833679199219 0.46114000678062438965 0.46746799349784851074 0.61354798078536987305 0.74016797542572021484 0.31750398874282836914 0.1586520075798034668 0.16372400522232055664 0.24699999392032623291 0.10480400174856185913 0.015728000551462173462 0.33608400821685791016 0.36527198553085327148 0.16094799339771270752 0.61069601774215698242 0.68592000007629394531 0.66778802871704101563
0.46576800942420959473 0.63893198966979980469 0.58193200826644897461 0.71574002504348754883 0.79114001989364624023 0.8606039881706237793 0.81030797958374023438 0.6196200251579284668 0.25803598761558532715 0.18155600130558013916 0.72612398862838745117 0.47169598937034606934 0.28937199711799621582 0.65215200185775756836 0.86262798309326171875 0.53825598955154418945 0.47007998824119567871 0.2007919996976852417 0.42131599783897399902 0.43476000428199768066 0.71901202201843261719 0.67008000612258911133 0.69393599033355712891 0.3756999969482421875 0.25027200579643249512 0.27669999003410339355 0.57216399908065795898 0.84358799457550048828 0.78863197565078735352 0.50787198543548583984 0.29882401227951049805 0.38158398866653442383 0.62272799015045166016 0.67665600776672363281 0.79671597480773925781 0.81815600395202636719 0.52929997444152832031 0.10056000202894210815 0.1539240032434463501 0.30667200684547424316 0.11314800381660461426 0.21285599470138549805 0.41490799188613891602 0.28558799624443054199 0.54680401086807250977 0.56454002857208251953 0.5389639735221862793 0.2604160010814666748
0.66416001319885253906 0.6143360137939453125 0.57606399059295654297 0.53252798318862915039 0.49415999650955200195 0.69686800241470336914 0.59020000696182250977 0.36953598260879516602 0.35289999842643737793 0.45967999100685119629 0.53086400032043457031 0.51399600505828857422 0.17891199886798858643 0.47448399662971496582 0.75220000743865966797 0.35249599814414978027 0.4232400059700012207 0.44557198882102966309 0.19686399400234222412 0.20380400121212005615 0.22914400696754455566 0.26680800318717956543 0.582427978515625 0.66438001394271850586 0.70142799615859985352 0.7340520024299621582 0.65856403112411499023 0.62173599004745483398 0.6251239776611328125 0.50017201900482177734 0.39042800664901733398 0.57831597328186035156 0.57222402095794677734 0.82838797569274902344 0.86758399009704589844 0.69698798656463623047 0.64913201332092285156 0.22878399491310119629 0.42570000886917114258 0.23491600155830383301 0.12372399866580963135 0.032432001084089279175 0.12083199620246887207 0.075216002762317657471 0.084623999893665313721 0.22092799842357635498 0.3810800015926361084 0.73037201166152954102
0.6212800145149230957 0.51756399869918823242 0.26982000470161437988 0.2939999997615814209 0.34558400511741638184 0.49626800417900085449 0.54007202386856079102 0.46432000398635864258 0.37279999256134033203 0.52362400293350219727 0.40444400906562805176 0.43112000823020935059 0.19932000339031219482 0.1855439990758895874 0.21357199549674987793 0.47640001773834228516 0.73686802387237548828 0.75727599859237670898 0.52135199308395385742 0.26493999361991882324 0.11606799811124801636 0.015156000852584838867 0.39893200993537902832 0.78149199485778808594 0.55023998022079467773 0.68781197071075439453 0.74583202600479125977 0.23048000037670135498 0.44841200113296508789 0.24644400179386138916 0.47602000832557678223 0.60189199447631835938 0.53540802001953125 0.64905601739883422852 0.19216400384902954102 0.16434399783611297607 0.16186399757862091064 0.3976039886474609375 0.59359598159790039063 0.48783600330352783203 0.31724798679351806641 0.069176003336906433105 0.027171999216079711914 0.14955200254917144775 0.12274400144815444946 0.085404001176357269287 0.16655600070953369141 0.57226002216339111328
0.65854400396347045898 0.70296800136566162109 0.51695603132247924805 0.31182399392127990723 0.49647998809814453125 0.42185199260711669922 0.37051600217819213867 0.40481600165367126465 0.25636398792266845703 0.3930479884147644043 0.43924400210380554199 0.39188399910926818848 0.47943598031997680664 0.58128798007965087891 0.40088799595832824707 0.4465720057487487793 0.70046800374984741211 0.55831599235534667969 0.45871999859809875488 0.23743599653244018555 0.047660000622272491455 0.049715999513864517212 0.056976001709699630737 0.78329998254776000977 0.95726400613784790039 0.89291602373123168945 0.8009039759635925293 0.39539200067520141602 0.29290801286697387695 0.30496001243591308594 0.74972802400588989258 0.70820802450180053711 0.62315201759338378906 0.52178400754928588867 0.77803200483322143555 0.72385603189468383789 0.65782797336578369141 0.25727999210357666016 0.43067601323127746582 0.76078802347183227539 0.39094400405883789063 0.069991998374462127686 0.093404002487659454346 0.30642399191856384277 0.28449201583862304688 0.060095999389886856079 0.10988400131464004517 0.082415997982025146484
0.73067998886108398438 0.54148000478744506836 0.51967602968215942383 0.32267200946807861328 0.6257680058479309082 0.59153598546981811523 0.57839602231979370117 0.57023197412490844727 0.37522798776626586914 0.38917598128318786621 0.33325600624084472656 0.26408401131629943848 0.63803601264953613281 0.73303598165512084961 0.58116799592971801758 0.35673600435256958008 0.67557197809219360352 0.65359199047088623047 0.43656000494956970215 0.22970399260520935059 0.30060398578643798828 0.19325999915599822998 0.20837999880313873291 0.74991202354431152344 0.96915602684020996094 0.89565598964691162109 0.84858000278472900391 0.50107997655868530273 0.31031599640846252441 0.59074002504348754883 0.85128003358840942383 0.80731999874114990234 0.71764397621154785156 0.47297999262809753418 0.6923440098762512207 0.57694798707962036133 0.752964019775390625 0.48645198345184326172 0.24693599343299865723 0.37669199705123901367 0.53497201204299926758 0.19250400364398956299 0.17111599445343017578 0.13985200226306915283 0.18311199545860290527 0.016923999413847923279 0.098696000874042510986 0.073136001825332641602
0.52748399972915649414 0.1909720003604888916 0.18389199674129486084 0.25672799348831176758 0.42421200871467590332 0.41730800271034240723 0.55561202764511108398 0.40244001150131225586 0.33502799272537231445 0.30850401520729064941 0.24490000307559967041 0.47774401307106018066 0.62792402505874633789 0.63390803337097167969 0.37228798866271972656 0.45983600616455078125 0.51451599597930908203 0.49765598773956298828 0.39462000131607055664 0.24572800099849700928 0.11949200183153152466 0.14592400193214416504 0.4017480015754699707 0.82404398918151855469 0.94730401039123535156 0.80875998735427856445 0.70864397287368774414 0.46392798423767089844 0.50797998905181884766 0.37724798917770385742 0.58950001001358032227 0.51452797651290893555 0.43954399228096008301 0.56721198558807373047 0.77266800403594970703 0.37513199448585510254 0.54768002033233642578 0.38214400410652160645 0.32752400636672973633 0.11750800162553787231 0.17557999491691589355 0.53569197654724121094 0.16095599532127380371 0.43453201651573181152 0.13426800072193145752 0.10382000356912612915 0.029475999996066093445 0.13617600500583648682
0.35373198986053466797 0.28369599580764770508 0.44748800992965698242 0.39705601334571838379 0.49145999550819396973 0.53368401527404785156 0.52257597446441650391 0.22804400324821472168 0.28339600563049316406 0.29948401451110839844 0.35496398806571960449 0.79521602392196655273 0.52228403091430664063 0.3388920128345489502 0.16099999845027923584 0.27956399321556091309 0.24612000584602355957 0.49810799956321716309 0.17012800276279449463 0.11320400238037109375 0.14990399777889251709 0.27625998854637145996 0.44051599502563476563 0.83933997154235839844 0.91632002592086791992 0.83682799339294433594 0.64117199182510375977 0.694087982177734375 0.52305597066879272461 0.30867600440979003906 0.11719600111246109009 0.03523999825119972229 0.36940801143646240234 0.55925601720809936523 0.78096002340316772461 0.79199200868606567383 0.78236800432205200195 0.55823999643325805664 0.17588800191879272461 0.1979719996452331543 0.10419599711894989014 0.57366001605987548828 0.58562397956848144531 0.49634400010108947754 0.44685599207878112793 0.17493599653244018555 0.14987200498580932617 0.22900000214576721191
0.27320000529289245605 0.20428399741649627686 0.20285600423812866211 0.28726798295974731445 0.48869600892066955566 0.64445596933364868164 0.25201198458671569824 0.33602800965309143066 0.23306800425052642822 0.38453200459480285645 0.40747600793838500977 0.68785202503204345703 0.42284798622131347656 0.19383600354194641113 0.19925199449062347412 0.41710799932479858398 0.36241200566291809082 0.46342799067497253418 0.26677998900413513184 0.25874400138854980469 0.25997599959373474121 0.1845079958438873291 0.59398400783538818359 0.78908801078796386719 0.84253197908401489258 0.83778399229049682617 0.75792801380157470703 0.87379598617553710938 0.53322798013687133789 0.33392000198364257813 0.30846801400184631348 0.32994800806045532227 0.34911200404167175293 0.27226400375366210938 0.23654000461101531982 0.78241598606109619141 0.881175994873046875 0.41785600781440734863 0.37621998786926269531 0.43303599953651428223 0.29144400358200073242 0.37359198927879333496 0.44383600354194641113 0.49907600879669189453 0.80086797475814819336 0.60358798503875732422 0.39329600334167480469 0.47342398762702941895
0.51866799592971801758 0.1322599947452545166 0.23945200443267822266 0.32915198802947998047 0.33786401152610778809 0.58975201845169067383 0.49220800399780273438 0.21404400467872619629 0.36121600866317749023 0.51042401790618896484 0.49850800633430480957 0.54141199588775634766 0.18472400307655334473 0.098815999925136566162 0.26236400008201599121 0.14242000877857208252 0.19245599210262298584 0.21799999475479125977 0.096684001386165618896 0.21764799952507019043 0.19341999292373657227 0.33290401101112365723 0.75520402193069458008 0.71191197633743286133 0.85660398006439208984 0.75716400146484375 0.7112839818000793457 0.85826402902603149414 0.71692800521850585938 0.67637199163436889648 0.65570402145385742188 0.73228001594543457031 0.68529599905014038086 0.82412797212600708008 0.36552000045776367188 0.89343202114105224609 0.86064398288726806641 0.29565599560737609863 0.1768160015344619751 0.17163200676441192627 0.36925199627876281738 0.40169999003410339355 0.40982401371002197266 0.40903198719024658203 0.39879199862480163574 0.29529601335525512695 0.18079599738121032715 0.50295197963714599609
0.5556240081787109375 0.18953199684619903564 0.43892401456832885742 0.36535599827766418457 0.40972399711608886719 0.69770401716232299805 0.51233202219009399414 0.2200399935245513916 0.25604799389839172363 0.16662800312042236328 0.37861600518226623535 0.35232400894165039063 0.21215599775314331055 0.25829198956489562988 0.22628000378608703613 0.06898800283670425415 0.040756002068519592285 0.10762800276279449463 0.11786000430583953857 0.25242000818252563477 0.2391439974308013916 0.5790240168571472168 0.60527598857879638672 0.62838000059127807617 0.760951995849609375 0.72256797552108764648 0.68064397573471069336 0.84158802032470703125 0.81811600923538208008 0.80172002315521240234 0.71663999557495117188 0.8384119868278503418 0.71378397941589355469 0.6583359837532043457 0.64460802078247070313 0.76187598705291748047 0.58601999282836914063 0.59987199306488037109 0.50704801082611083984 0.14105999469757080078 0.24252399802207946777 0.36429998278617858887 0.50198799371719360352 0.57943999767303466797 0.53283601999282836914 0.47775200009346008301 0.4366759955883026123 0.57814800739288330078
0.45319199562072753906 0.21970400214195251465 0.4986279904842376709 0.59765601158142089844 0.52816802263259887695 0.6439120173454284668 0.52277600765228271484 0.33518400788307189941 0.36238399147987365723 0.23327200114727020264 0.22090800106525421143 0.38507598638534545898 0.44975200295448303223 0.25285199284553527832 0.26919600367546081543 0.055815998464822769165 0.034543998539447784424 0.074455998837947845459 0.28431600332260131836 0.31801199913024902344 0.38036400079727172852 0.29716798663139343262 0.260951995849609375 0.48320001363754272461 0.75508803129196166992 0.78220397233963012695 0.81379199028015136719 0.70663601160049438477 0.75576001405715942383 0.83337599039077758789 0.847332000732421875 0.84111601114273071289 0.77005201578140258789 0.46378400921821594238 0.67125201225280761719 0.59687197208404541016 0.25951999425888061523 0.29371601343154907227 0.43907201290130615234 0.38856801390647888184 0.56912398338317871094 0.54783600568771362305 0.64852797985076904297 0.77068001031875610352 0.64178001880645751953 0.4347279965877532959 0.13413600623607635498 0.21854799985885620117
0.38011598587036132813 0.3586679995059967041 0.52533197402954101563 0.36115598678588867188 0.29058799147605895996 0.51262402534484863281 0.3173719942569732666 0.22337199747562408447 0.47148799896240234375 0.2584399878978729248 0.0616319999098777771 0.29663601517677307129 0.59237200021743774414 0.53763997554779052734 0.45598000288009643555 0.12506400048732757568 0.078879997134208679199 0.042475998401641845703 0.35547199845314025879 0.47249999642372131348 0.52812802791595458984 0.18885999917984008789 0.21243600547313690186 0.21368800103664398193 0.49693199992179870605 0.75051599740982055664 0.75577598810195922852 0.47451198101043701172 0.43037998676300048828 0.76530396938323974609 0.79315602779388427734 0.91811597347259521484 0.82354402542114257813 0.56412398815155029297 0.8371760249137878418 0.50521200895309448242 0.30849599838256835938 0.23013600707054138184 0.59509599208831787109 0.4600760042667388916 0.59844797849655151367 0.44806000590324401855 0.71099603176116943359 0.66299200057983398438 0.50666797161102294922 0.19684800505638122559 0.082404002547264099121 0.039223998785018920898
0.54294401407241821289 0.46560001373291015625 0.6756839752197265625 0.41797199845314025879 0.3448199927806854248 0.48864400386810302734 0.33933198451995849609 0.14468400180339813232 0.14187200367450714111 0.116963997483253479 0.12177199870347976685 0.31385201215744018555 0.52999997138977050781 0.52405202388763427734 0.30023199319839477539 0.13769599795341491699 0.098020002245903015137 0.15131999552249908447 0.32833600044250488281 0.60835999250411987305 0.83308798074722290039 0.50787597894668579102 0.15518800914287567139 0.29956799745559692383 0.55540001392364501953 0.5779120326042175293 0.7461439967155456543 0.4862079918384552002 0.17878800630569458008 0.30904799699783325195 0.57468402385711669922 0.83507597446441650391 0.88432800769805908203 0.8225319981575012207 0.82955598831176757813 0.74269598722457885742 0.43266001343727111816 0.32536798715591430664 0.24443200230598449707 0.55307602882385253906 0.57851201295852661133 0.67867600917816162109 0.60696399211883544922 0.72103202342987060547 0.31288000941276550293 0.33227199316024780273 0.27477601170539855957 0.2978560030460357666
0.50256001949310302734 0.62788802385330200195 0.68958801031112670898 0.34789201617240905762 0.2474399954080581665 0.2936159968376159668 0.29223999381065368652 0.16460399329662322998 0.15062800049781799316 0.19413200020790100098 0.26567599177360534668 0.24711599946022033691 0.35647600889205932617 0.44024398922920227051 0.44599601626396179199 0.2714239954948425293 0.27572798728942871094 0.32366400957107543945 0.21626800298690795898 0.50756400823593139648 0.73870801925659179688 0.67465198040008544922 0.22122800350189208984 0.20561999082565307617 0.33463600277900695801 0.28995200991630554199 0.7153880000114440918 0.68592000007629394531 0.18138399720191955566 0.09852399677038192749 0.29105600714683532715 0.46379199624061584473 0.83129197359085083008 0.76941198110580444336 0.73358398675918579102 0.71044802665710449219 0.55482399463653564453 0.3128159940242767334 0.36257600784301757813 0.61418801546096801758 0.50407999753952026367 0.49278801679611206055 0.56449598073959350586 0.57237601280212402344 0.28838801383972167969 0.17613600194454193115 0.26666399836540222168 0.28387999534606933594
0.50112801790237426758 0.51491600275039672852 0.48381599783897399902 0.40813601016998291016 0.39950001239776611328 0.31297600269317626953 0.21106800436973571777 0.12584799528121948242 0.18604800105094909668 0.29143598675727844238 0.22888000309467315674 0.093791998922824859619 0.29611200094223022461 0.25999200344085693359 0.26347601413726806641 0.29124400019645690918 0.47935199737548828125 0.46248799562454223633 0.42964801192283630371 0.67736399173736572266 0.82056802511215209961 0.30057600140571594238 0.26689198613166809082 0.22871200740337371826 0.26346001029014587402 0.17313599586486816406 0.49679201841354370117 0.48751598596572875977 0.15044000744819641113 0.031068000942468643188 0.25520798563957214355 0.52330797910690307617 0.82028800249099731445 0.75148802995681762695 0.82442802190780639648 0.81036400794982910156 0.49197599291801452637 0.43813601136207580566 0.54860401153564453125 0.28809601068496704102 0.33692800998687744141 0.13571600615978240967 0.35941198468208312988 0.45205599069595336914 0.32454401254653930664 0.11185599863529205322 0.1453399956226348877 0.20042400062084197998
0.6353759765625 0.68719601631164550781 0.56731998920440673828 0.48568800091743469238 0.47603601217269897461 0.45329999923706054688 0.24144800007343292236 0.1454080045223236084 0.13507600128650665283 0.25568398833274841309 0.20377600193023681641 0.28025999665260314941 0.11464399844408035278 0.14081999659538269043 0.21723599731922149658 0.38679599761962890625 0.59814399480819702148 0.5395399928092956543 0.59802800416946411133 0.77396398782730102539 0.73194801807403564453 0.40032398700714111328 0.53623598814010620117 0.38673999905586242676 0.1924480050802230835 0.23932400345802307129 0.60174000263214111328 0.45570400357246398926 0.26613599061965942383 0.22277599573135375977 0.28317999839782714844 0.62271201610565185547 0.79940003156661987305 0.75436800718307495117 0.58587598800659179688 0.48059201240539550781 0.26051598787307739258 0.43545198440551757813 0.52332401275634765625 0.28411200642585754395 0.18053600192070007324 0.27636000514030456543 0.31944799423217773438 0.2662639915943145752 0.15345600247383117676 0.06028800085186958313 0.058472000062465667725 0.11585199832916259766
0.61484801769256591797 0.80674803256988525391 0.71231597661972045898 0.32560399174690246582 0.29671201109886169434 0.35260000824928283691 0.18149200081825256348 0.065228000283241271973 0.084027998149394989014 0.1246159970760345459 0.048227999359369277954 0.081872001290321350098 0.090379998087882995605 0.27902799844741821289 0.25304400920867919922 0.24885199964046478271 0.20664799213409423828 0.5527560114860534668 0.73435598611831665039 0.86317199468612670898 0.56654798984527587891 0.26499199867248535156 0.34782800078392028809 0.58451199531555175781 0.41644001007080078125 0.5847479701042175293 0.82142400741577148438 0.69967198371887207031 0.37001201510429382324 0.34875598549842834473 0.54102802276611328125 0.72768002748489379883 0.84061998128890991211 0.60817199945449829102 0.36592400074005126953 0.37643200159072875977 0.64902001619338989258 0.57036000490188598633 0.82708400487899780273 0.87173998355865478516 0.64896798133850097656 0.39558801054954528809 0.31217199563980102539 0.41692399978637695313 0.28645598888397216797 0.21770000457763671875 0.27354800701141357422 0.20481599867343902588
