data/trees.asc
ncols        384
nrows        480
xllcorner    138.000000000000
yllcorner    -29.000000000000
cellsize     0.041666666667
NODATA_value -9999
[rows 252 to 272 of 480, columns 192 to 239 of 384]
0.72837603092193603516 0.67500799894332885742 0.66553997993469238281 0.61047601699829101563 0.51472401618957519531 0.30355998873710632324 0.3183600008487701416 0.38205200433731079102 0.22947999835014343262 0.22583599388599395752 0.3832480013370513916 0.46450001001358032227 0.87833601236343383789 0.95393598079681396484 0.945652008056640625 0.50660002231597900391 0.46359997987747192383 0.72814399003982543945 0.57837998867034912109 0.38158398866653442383 0.30090799927711486816 0.87680000066757202148 0.99917203187942504883 0.99997997283935546875 0.85326802730560302734 0.2333520054817199707 0.24031199514865875244 0.24814800918102264404 0.19929200410842895508 0.34246799349784851074 0.12423999607563018799 0.17362399399280548096 0.15830400586128234863 0.15968799591064453125 0.32844001054763793945 0.31292399764060974121 0.16879999637603759766 0.00087200000416487455368 0 0 0 0 0 0 0 0 0 0
0.80798000097274780273 0.82765996456146240234 0.72918802499771118164 0.56462800502777099609 0.57594799995422363281 0.54677599668502807617 0.45060798525810241699 0.17918400466442108154 0.20839600265026092529 0.22516399621963500977 0.31119200587272644043 0.36043199896812438965 0.42518800497055053711 0.8961359858512878418 0.99238801002502441406 0.94134402275085449219 0.67965596914291381836 0.61856001615524291992 0.48004800081253051758 0.20435599982738494873 0.12145999819040298462 0.59135997295379638672 0.99420797824859619141 0.99997597932815551758 0.9674879908561706543 0.54856401681900024414 0.19733199477195739746 0.21643599867820739746 0.22696399688720703125 0.59478801488876342773 0.13422399759292602539 0.26414000988006591797 0.35023200511932373047 0.24833999574184417725 0.28475201129913330078 0.19159999489784240723 0.28051599860191345215 0.049628000706434249878 0 0 0 0 0 0 0 0 0 0
0.89392399787902832031 0.85351997613906860352 0.61651200056076049805 0.38824000954627990723 0.34358000755310058594 0.83788400888442993164 0.34402799606323242188 0.41135200858116149902 0.24514399468898773193 0.27045199275016784668 0.35975998640060424805 0.43112000823020935059 0.41004398465156555176 0.77583998441696166992 0.90773999691009521484 0.9728119969367980957 0.79546397924423217773 0.72695201635360717773 0.5898119807243347168 0.26140001416206359863 0.33271199464797973633 0.43516400456428527832 0.45169600844383239746 0.80309200286865234375 0.5809599757194519043 0.74177199602127075195 0.36616399884223937988 0.41094800829887390137 0.56825602054595947266 0.43002799153327941895 0.24526399374008178711 0.24806399643421173096 0.31122800707817077637 0.33311998844146728516 0.22043199837207794189 0.25089600682258605957 0.25462800264358520508 0.052176002413034439087 0 0 0 0 0 0 0 0 0 0
0.81934398412704467773 0.63389599323272705078 0.55672001838684082031 0.69499599933624267578 0.85289597511291503906 0.87288397550582885742 0.65001201629638671875 0.33827200531959533691 0.57311201095581054688 0.47749999165534973145 0.47903999686241149902 0.45508399605751037598 0.50026398897171020508 0.83327597379684448242 0.75630801916122436523 0.9156640172004699707 0.92083197832107543945 0.97222799062728881836 0.92945998907089233398 0.27418801188468933105 0.30628800392150878906 0.46427199244499206543 0.58263999223709106445 0.26038798689842224121 0.63791602849960327148 0.57396799325942993164 0.60225999355316162109 0.37021601200103759766 0.62223201990127563477 0.22003600001335144043 0.21570800244808197021 0.38686800003051757813 0.308712005615234375 0.30717599391937255859 0.27601200342178344727 0.22837199270725250244 0.26648399233818054199 0.15207600593566894531 0.011896000243723392487 0 0 0 0 0 0 0 0 0
0.7948920130729675293 0.64439600706100463867 0.58878797292709350586 0.48110398650169372559 0.86949598789215087891 0.64667201042175292969 0.47262799739837646484 0.29580798745155334473 0.33997198939323425293 0.44768801331520080566 0.70184397697448730469 0.80396002531051635742 0.72523599863052368164 0.84743201732635498047 0.87107998132705688477 0.92279201745986938477 0.96510398387908935547 0.99113202095031738281 0.95047998428344726563 0.71047997474670410156 0.67167198657989501953 0.71238797903060913086 0.32649999856948852539 0.14896799623966217041 0.41706800460815429688 0.38457199931144714355 0.36916399002075195313 0.42667999863624572754 0.26796400547027587891 0.18535199761390686035 0.18102799355983734131 0.2645759880542755127 0.28146401047706604004 0.34816399216651916504 0.2467879951000213623 0.21735599637031555176 0.38501998782157897949 0.33791598677635192871 0.0052919997833669185638 0 0 2.1047408607643980361e-11 0.010087999515235424042 0 0 0 0 0
0.80717200040817260742 0.68783199787139892578 0.71795201301574707031 0.69313997030258178711 0.76062399148941040039 0.68138402700424194336 0.66558802127838134766 0.57806801795959472656 0.5840600132942199707 0.49413600564002990723 0.64158397912979125977 0.7499319911003112793 0.77832800149917602539 0.87300401926040649414 0.92250400781631469727 0.83502000570297241211 0.80442398786544799805 0.86902797222137451172 0.87792402505874633789 0.80887597799301147461 0.8128840327262878418 0.8596280217170715332 0.548748016357421875 0.42906400561332702637 0.23634800314903259277 0.16841199994087219238 0.27283599972724914551 0.54724800586700439453 0.10481999814510345459 0.12962000072002410889 0.226991996169090271 0.5440959930419921875 0.2548719942569732666 0.25576001405715942383 0.21117600798606872559 0.21986399590969085693 0.29013198614120483398 0.16072000563144683838 0.075419999659061431885 0 1.6625562688707407055e-14 8.0014460763777606189e-06 0.69309198856353759766 0.78889602422714233398 0.17786800861358642578 0 0 0
0.5256239771842956543 0.79243999719619750977 0.86865997314453125 0.90179598331451416016 0.73961997032165527344 0.86001598834991455078 0.6412079930305480957 0.81181997060775756836 0.6842200160026550293 0.59543997049331665039 0.72960799932479858398 0.71560400724411010742 0.62409597635269165039 0.76273202896118164063 0.80244398117065429688 0.92255997657775878906 0.94971597194671630859 0.93069601058959960938 0.74755197763442993164 0.60389602184295654297 0.75810402631759643555 0.86937600374221801758 0.76859998703002929688 0.52141201496124267578 0.57484000921249389648 0.44356399774551391602 0.29297199845314025879 0.29667201638221740723 0.24011600017547607422 0.2716160118579864502 0.38291999697685241699 0.63789999485015869141 0.35012000799179077148 0.36508399248123168945 0.20187200605869293213 0.12459599971771240234 0.18118000030517578125 0.051791999489068984985 0.060056000947952270508 0.018447998911142349243 6.5305212626487474381e-11 0.031424000859260559082 0.82156801223754882813 0.93154001235961914063 0.31106400489807128906 0 0 0
0.64976799488067626953 0.6558520197868347168 0.55467200279235839844 0.68513602018356323242 0.76797199249267578125 0.76219600439071655273 0.69024801254272460938 0.82620400190353393555 0.70040398836135864258 0.44151601195335388184 0.55298399925231933594 0.77730000019073486328 0.62537997961044311523 0.58590799570083618164 0.70617198944091796875 0.92254799604415893555 0.86699599027633666992 0.8493760228157043457 0.92580401897430419922 0.72208398580551147461 0.66306799650192260742 0.79838800430297851563 0.76167601346969604492 0.67827200889587402344 0.79882800579071044922 0.48404800891876220703 0.31985199451446533203 0.2596200108528137207 0.16032800078392028809 0.27090799808502197266 0.3089599907398223877 0.20889599621295928955 0.67573201656341552734 0.74948000907897949219 0.7888399958610534668 0.31514400243759155273 0.11769600212574005127 0.23099599778652191162 0.049663998186588287354 0.25313600897789001465 0.036224000155925750732 5.347924880716448115e-10 0.23079599440097808838 0.5451399683952331543 0.26564401388168334961 0 0 0
0.48023599386215209961 0.55575197935104370117 0.61396002769470214844 0.57658797502517700195 0.52281600236892700195 0.78992003202438354492 0.65333598852157592773 0.7287279963493347168 0.76376402378082275391 0.66627597808837890625 0.66154801845550537109 0.8264719843864440918 0.73937201499938964844 0.43847998976707458496 0.55624800920486450195 0.89520800113677978516 0.87470799684524536133 0.94658398628234863281 0.82528799772262573242 0.81948399543762207031 0.85891199111938476563 0.89832800626754760742 0.78703600168228149414 0.87770003080368041992 0.76914799213409423828 0.64022397994995117188 0.4969120025634765625 0.37337198853492736816 0.19583199918270111084 0.1984039992094039917 0.19527599215507507324 0.24331200122833251953 0.69932401180267333984 0.78241598606109619141 0.73175197839736938477 0.66787201166152954102 0.35561200976371765137 0.57528400421142578125 0.20791199803352355957 0.051351998001337051392 0.19684399664402008057 0.075520001351833343506 0.057755999267101287842 0.19465999305248260498 0.14439199864864349365 0.016631999984383583069 0 0
0.95799201726913452148 0.75910001993179321289 0.75625199079513549805 0.70121598243713378906 0.754199981689453125 0.6361719965934753418 0.51566398143768310547 0.55074000358581542969 0.68747597932815551758 0.71867197751998901367 0.71484398841857910156 0.74831598997116088867 0.62973201274871826172 0.67095202207565307617 0.77767598628997802734 0.83505600690841674805 0.90141600370407104492 0.95077598094940185547 0.90538001060485839844 0.90547198057174682617 0.93480002880096435547 0.86303597688674926758 0.83245599269866943359 0.88264799118041992188 0.68027997016906738281 0.7634080052375793457 0.31228801608085632324 0.19996000826358795166 0.22366799414157867432 0.48031201958656311035 0.86069202423095703125 0.89322799444198608398 0.63293999433517456055 0.54059201478958129883 0.71208798885345458984 0.66934001445770263672 0.77901196479797363281 0.955615997314453125 0.34111198782920837402 0.2333319932222366333 0.18814000487327575684 0.25911998748779296875 0.23624399304389953613 0.51831603050231933594 0.22190399467945098877 0.21689999103546142578 0.00047199998516589403152 3.9549685748596630219e-10
0.86522400379180908203 0.89914000034332275391 0.90518397092819213867 0.44333198666572570801 0.6788679957389831543 0.89118403196334838867 0.67966800928115844727 0.64293199777603149414 0.66926401853561401367 0.73141998052597045898 0.67568796873092651367 0.64011996984481811523 0.56123602390289306641 0.69733202457427978516 0.9080479741096496582 0.91149598360061645508 0.7067279815673828125 0.80905199050903320313 0.90987998247146606445 0.95093202590942382813 0.95825999975204467773 0.9502360224723815918 0.96886003017425537109 0.96443200111389160156 0.6445840001106262207 0.51984399557113647461 0.33438000082969665527 0.79337602853775024414 0.87664002180099487305 0.46168801188468933105 0.32623600959777832031 0.75565600395202636719 0.72012001276016235352 0.52688401937484741211 0.78905200958251953125 0.61682397127151489258 0.66767603158950805664 0.89547199010848999023 0.73187202215194702148 0.64756399393081665039 0.27181199193000793457 0.66976398229598999023 0.34755998849868774414 0.5441640019416809082 0.43888798356056213379 0.5259240269660949707 0.28466001152992248535 0.18696799874305725098
0.88963997364044189453 0.97118800878524780273 0.9676240086555480957 0.80355602502822875977 0.73714798688888549805 0.72343200445175170898 0.54732799530029296875 0.62809199094772338867 0.72821199893951416016 0.77424001693725585938 0.57986801862716674805 0.75130802392959594727 0.57760399580001831055 0.75068402290344238281 0.82869201898574829102 0.84730398654937744141 0.79924798011779785156 0.72024798393249511719 0.78869199752807617188 0.76623201370239257813 0.96575999259948730469 0.97819602489471435547 0.99261200428009033203 0.89093601703643798828 0.63095200061798095703 0.8094120025634765625 0.66702800989151000977 0.69221198558807373047 0.63093602657318115234 0.66244399547576904297 0.35449999570846557617 0.10059600323438644409 0.28522801399230957031 0.54400402307510375977 0.55210399627685546875 0.59967201948165893555 0.77139198780059814453 0.94742000102996826172 0.86980402469635009766 0.54949998855590820313 0.65254002809524536133 0.85640001296997070313 0.80276799201965332031 0.53668797016143798828 0.69564801454544067383 0.49526798725128173828 0.48547598719596862793 0.11501999944448471069
0.82924401760101318359 0.89410001039505004883 0.94221198558807373047 0.82023197412490844727 0.37963199615478515625 0.51601201295852661133 0.73191201686859130859 0.6973400115966796875 0.62279599905014038086 0.60829597711563110352 0.56618797779083251953 0.64125198125839233398 0.74330401420593261719 0.82222002744674682617 0.70267999172210693359 0.87253600358963012695 0.8317279815673828125 0.89598798751831054688 0.882740020751953125 0.91816800832748413086 0.97121196985244750977 0.9471759796142578125 0.95111602544784545898 0.86895596981048583984 0.87805998325347900391 0.87769198417663574219 0.82760399580001831055 0.59198397397994995117 0.62454801797866821289 0.57413202524185180664 0.53843200206756591797 0.39284798502922058105 0.13052000105381011963 0.29585599899291992188 0.22473199665546417236 0.59738397598266601563 0.85094803571701049805 0.76285201311111450195 0.7771880030632019043 0.4382959902286529541 0.56454002857208251953 0.71307200193405151367 0.67746400833129882813 0.58110398054122924805 0.76663601398468017578 0.5910599827766418457 0.8689200282096862793 0.74067598581314086914
0.45582401752471923828 0.89787602424621582031 0.90892398357391357422 0.79626798629760742188 0.41618400812149047852 0.36048400402069091797 0.46902000904083251953 0.77022397518157958984 0.64779198169708251953 0.94063597917556762695 0.7989959716796875 0.6485360264778137207 0.73091197013854980469 0.88238000869750976563 0.74024802446365356445 0.86093199253082275391 0.82814800739288330078 0.91209197044372558594 0.88502001762390136719 0.88574397563934326172 0.91971600055694580078 0.88020801544189453125 0.87826800346374511719 0.86982798576354980469 0.91052001714706420898 0.94818401336669921875 0.94876003265380859375 0.69527196884155273438 0.65931200981140136719 0.4570840001106262207 0.46858799457550048828 0.25422000885009765625 0.18259599804878234863 0.46503999829292297363 0.60313200950622558594 0.73803997039794921875 0.55923599004745483398 0.78302401304244995117 0.76574397087097167969 0.67910802364349365234 0.8537960052490234375 0.90819603204727172852 0.87760001420974731445 0.67243599891662597656 0.61813598871231079102 0.72704398632049560547 0.95433598756790161133 0.86647599935531616211
0.30449199676513671875 0.58180797100067138672 0.69507998228073120117 0.72630000114440917969 0.46239998936653137207 0.47671601176261901855 0.37849599123001098633 0.53513997793197631836 0.66649597883224487305 0.74676400423049926758 0.61924797296524047852 0.47128400206565856934 0.63518798351287841797 0.86454397439956665039 0.85566800832748413086 0.93300402164459228516 0.77926802635192871094 0.85500001907348632813 0.90561997890472412109 0.86152797937393188477 0.55407202243804931641 0.4206880033016204834 0.89071601629257202148 0.97936803102493286133 0.94007599353790283203 0.95078396797180175781 0.93740797042846679688 0.93183600902557373047 0.62766802310943603516 0.34514400362968444824 0.37678000330924987793 0.141599997878074646 0.58113199472427368164 0.71688401699066162109 0.80136799812316894531 0.54878401756286621094 0.54761201143264770508 0.49176001548767089844 0.80904400348663330078 0.7783120274543762207 0.94331198930740356445 0.96956402063369750977 0.9401760101318359375 0.83682000637054443359 0.62835997343063354492 0.72634398937225341797 0.97019600868225097656 0.94516402482986450195
0.54423600435256958008 0.42831599712371826172 0.6571280360221862793 0.50967997312545776367 0.46207198500633239746 0.77697998285293579102 0.75579601526260375977 0.5092080235481262207 0.49909600615501403809 0.65222799777984619141 0.4066199958324432373 0.62750798463821411133 0.80085998773574829102 0.80533200502395629883 0.77125597000122070313 0.97737199068069458008 0.86740797758102416992 0.8941599726676940918 0.97198402881622314453 0.893939971923828125 0.63890802860260009766 0.86648797988891601563 0.87216800451278686523 0.84139603376388549805 0.97662001848220825195 0.97623199224472045898 0.95174401998519897461 0.91784399747848510742 0.6488119959831237793 0.7697079777717590332 0.64752000570297241211 0.38551598787307739258 0.47682401537895202637 0.66784399747848510742 0.39650800824165344238 0.30453598499298095703 0.53123998641967773438 0.35537600517272949219 0.61466002464294433594 0.7597439885139465332 0.8159440159797668457 0.72980803251266479492 0.56376397609710693359 0.88950800895690917969 0.63528001308441162109 0.45044800639152526855 0.63538801670074462891 0.57707202434539794922
0.40085199475288391113 0.75939601659774780273 0.68949198722839355469 0.69451999664306640625 0.64097601175308227539 0.66880398988723754883 0.5983759760856628418 0.53131997585296630859 0.7986800074577331543 0.6594759821891784668 0.62860798835754394531 0.85006803274154663086 0.84814399480819702148 0.65336400270462036133 0.63143199682235717773 0.74187201261520385742 0.74541199207305908203 0.75297200679779052734 0.77417600154876708984 0.85751199722290039063 0.88717198371887207031 0.81222802400588989258 0.78519999980926513672 0.81462401151657104492 0.92758399248123168945 0.97683602571487426758 0.9618600010871887207 0.93289601802825927734 0.79023599624633789063 0.78958797454833984375 0.8843600153923034668 0.59027200937271118164 0.37952399253845214844 0.50708800554275512695 0.5943120121955871582 0.24250400066375732422 0.38802000880241394043 0.17380799353122711182 0.23132400214672088623 0.53960400819778442383 0.48464399576187133789 0.62901198863983154297 0.30235999822616577148 0.36727198958396911621 0.89037597179412841797 0.81774002313613891602 0.68958801031112670898 0.3194440007209777832
0.30730798840522766113 0.71533602476119995117 0.47693598270416259766 0.54519599676132202148 0.50119602680206298828 0.41538000106811523438 0.36081999540328979492 0.67719197273254394531 0.6410840153694152832 0.77182000875473022461 0.58770799636840820313 0.74574798345565795898 0.80932801961898803711 0.76382398605346679688 0.52036798000335693359 0.63513600826263427734 0.83142000436782836914 0.77030402421951293945 0.35965999960899353027 0.78402799367904663086 0.83164799213409423828 0.77889198064804077148 0.78157198429107666016 0.80391198396682739258 0.91751199960708618164 0.97709202766418457031 0.97151201963424682617 0.95016801357269287109 0.94364398717880249023 0.81745201349258422852 0.84360402822494506836 0.51347601413726806641 0.15930399298667907715 0.29936000704765319824 0.26072800159454345703 0.31002399325370788574 0.26175600290298461914 0.22617599368095397949 0.45459198951721191406 0.26219999790191650391 0.36323601007461547852 0.3645280003547668457 0.43652400374412536621 0.29792398214340209961 0.78971999883651733398 0.96699601411819458008 0.76322001218795776367 0.35745599865913391113
0.78720802068710327148 0.38350799679756164551 0.37556800246238708496 0.54573601484298706055 0.60429602861404418945 0.77752000093460083008 0.63204801082611083984 0.62277597188949584961 0.77474397420883178711 0.54039198160171508789 0.64067602157592773438 0.8074359893798828125 0.70139199495315551758 0.61856001615524291992 0.59573197364807128906 0.78294396400451660156 0.71527999639511108398 0.81948000192642211914 0.84773600101470947266 0.75147998332977294922 0.59687197208404541016 0.66293197870254516602 0.68855202198028564453 0.90004402399063110352 0.84835600852966308594 0.92596000432968139648 0.92701202630996704102 0.97559601068496704102 0.89718002080917358398 0.80370801687240600586 0.62441200017929077148 0.51828801631927490234 0.27889600396156311035 0.10614799708127975464 0.048004001379013061523 0.30669999122619628906 0.46417999267578125 0.56911599636077880859 0.63032001256942749023 0.56510001420974731445 0.40808799862861633301 0.48110800981521606445 0.50573998689651489258 0.59688001871109008789 0.78233599662780761719 0.82637602090835571289 0.52668797969818115234 0.64463597536087036133
0.95330399274826049805 0.80088001489639282227 0.40050399303436279297 0.48960399627685546875 0.71229600906372070313 0.82439601421356201172 0.59885197877883911133 0.51584798097610473633 0.7755680084228515625 0.53819602727890014648 0.72720801830291748047 0.95354801416397094727 0.82567602396011352539 0.85097599029541015625 0.83777201175689697266 0.69730800390243530273 0.6795679926872253418 0.70732402801513671875 0.7523199915885925293 0.77373600006103515625 0.73315197229385375977 0.59590798616409301758 0.65986800193786621094 0.76837599277496337891 0.89731597900390625 0.88722002506256103516 0.75906401872634887695 0.8982760310173034668 0.90508002042770385742 0.91675996780395507813 0.84422397613525390625 0.67276400327682495117 0.51396399736404418945 0.4608719944953918457 0.39985600113868713379 0.27023601531982421875 0.48815199732780456543 0.69241601228713989258 0.79777199029922485352 0.87923198938369750977 0.65650802850723266602 0.68632400035858154297 0.6249319911003112793 0.65942800045013427734 0.71995997428894042969 0.57965999841690063477 0.39787599444389343262 0.38277599215507507324
0.91637599468231201172 0.87308400869369506836 0.71421599388122558594 0.87036001682281494141 0.77651202678680419922 0.8711159825325012207 0.75432002544403076172 0.63826799392700195313 0.89329200983047485352 0.86880397796630859375 0.94537997245788574219 0.97399199008941650391 0.9604880213737487793 0.97733998298645019531 0.97280800342559814453 0.94773602485656738281 0.84239602088928222656 0.95113599300384521484 0.90770798921585083008 0.72840797901153564453 0.65289998054504394531 0.74290800094604492188 0.71625602245330810547 0.8379039764404296875 0.89862400293350219727 0.807888031005859375 0.81317597627639770508 0.86702001094818115234 0.88565999269485473633 0.92978799343109130859 0.90418398380279541016 0.73744398355484008789 0.70076000690460205078 0.91616797447204589844 0.53408801555633544922 0.17396800220012664795 0.60726797580718994141 0.87348800897598266602 0.95885998010635375977 0.77616000175476074219 0.48349198698997497559 0.42271599173545837402 0.59283602237701416016 0.55023199319839477539 0.87660801410675048828 0.51886397600173950195 0.53807997703552246094 0.38944399356842041016
