data/water_occ_99.asc
ncols        384
nrows        480
xllcorner    138.000000000000
yllcorner    -29.000000000000
cellsize     0.041666666667
NODATA_value -9999
[rows 285 to 303 of 480, columns 294 to 335 of 384]
40.097900390625 44.32610321044921875 46.383121490478515625 46.584529876708984375 47.18360137939453125 48.165500640869140625 49.507450103759765625 51.181140899658203125 53.155242919921875 55.39765167236328125 57.877185821533203125 60.564731597900390625 63.433856964111328125 66.4610443115234375 69.6256866455078125 72.90987396240234375 76.298187255859375 79.77735137939453125 83.33599090576171875 86.96434783935546875 88.23383331298828125 88.1279296875 88.23383331298828125 88.55077362060546875 89.076507568359375 89.8073577880859375 90.738372802734375 91.86347198486328125 93.17562103271484375 94.6670379638671875 96.32940673828125 98.15402984619140625 100.132049560546875 102.254547119140625 104.5127410888671875 106.89801788330078125 109.402069091796875 112.01692962646484375 110.80985260009765625 109.19830322265625 107.73595428466796875 106.42896270751953125
41.412425994873046875 41.96842193603515625 41.744808197021484375 41.96842193603515625 42.63222503662109375 43.7161712646484375 45.190032958984375 47.017162322998046875 49.15818023681640625 51.574008941650390625 54.227931976318359375 57.086757659912109375 60.121257781982421875 63.306179046630859375 66.61994171142578125 70.04427337646484375 73.5637359619140625 77.1652984619140625 80.83800506591796875 83.93570709228515625 83.6013641357421875 83.48961639404296875 83.6013641357421875 83.93570709228515625 84.4900054931640625 85.2599639892578125 86.23981475830078125 87.4225006103515625 88.79990386962890625 90.36313629150390625 92.10272979736328125 94.0088958740234375 96.07172393798828125 98.28133392333984375 100.62807464599609375 103.10257720947265625 105.69586181640625 108.37418365478515625 106.5513916015625 104.87490081787109375 103.35182952880859375 101.9890594482421875
38.101818084716796875 37.357814788818359375 37.10649871826171875 37.357814788818359375 38.101818084716796875 39.310550689697265625 40.942867279052734375 42.95050048828125 45.28356170654296875 47.8945159912109375 50.740478515625 53.7841644287109375 56.993900299072265625 60.34319305419921875 63.8100738525390625 67.3763885498046875 71.02716827392578125 74.750030517578125 78.53472900390625 79.3233489990234375 78.96958160400390625 78.8513031005859375 78.96958160400390625 79.3233489990234375 79.90948486328125 80.7229156494140625 81.75687408447265625 83.00310516357421875 84.4522247314453125 86.09397125244140625 87.917572021484375 89.911956787109375 92.06601715087890625 94.36882781982421875 96.80977630615234375 99.37868499755859375 102.065887451171875 104.22214508056640625 102.32595062255859375 100.57955169677734375 98.99086761474609375 97.5676116943359375
33.600872039794921875 32.75502777099609375 32.4681854248046875 32.75502777099609375 33.600872039794921875 34.965167999267578125 36.790287017822265625 39.01160430908203125 41.565643310546875 44.395023345947265625 47.4505157470703125 50.691242218017578125 54.08392333984375 57.60170745849609375 61.2230377197265625 64.93059539794921875 68.71041107177734375 72.55120086669921875 75.33603668212890625 74.714202880859375 74.33861541748046875 74.2129974365234375 74.33861541748046875 74.714202880859375 75.33603668212890625 76.19806671142578125 77.292266845703125 78.60894775390625 80.1371307373046875 81.86498260498046875 83.7801513671875 85.87009429931640625 88.12238311767578125 90.52490234375 93.06601715087890625 95.73468780517578125 98.52056121826171875 100.1128082275390625 98.13780975341796875 96.31601715087890625 94.656280517578125 93.1672515869140625
29.143032073974609375 28.163904190063476563 27.82987213134765625 28.163904190063476563 29.143032073974609375 30.705610275268554688 32.768276214599609375 35.2433319091796875 38.05039215087890625 41.12152099609375 44.401958465576171875 47.84867095947265625 51.428241729736328125 55.114788055419921875 58.88822174072265625 62.732868194580078125 66.6363983154296875 70.58905029296875 70.771026611328125 70.10890960693359375 69.70862579345703125 69.57468414306640625 69.70862579345703125 70.10890960693359375 70.771026611328125 71.68772125244140625 72.84937286376953125 74.2444915771484375 75.860198974609375 77.6827239990234375 79.6978912353515625 81.89147186279296875 84.24953460693359375 86.75867462158203125 89.406158447265625 92.18007659912109375 95.06935882568359375 96.05165863037109375 93.99195098876953125 92.08872222900390625 90.3518524169921875 88.79111480712890625
24.751605987548828125 23.591245651245117188 23.191560745239257813 23.591245651245117188 24.751605987548828125 26.573179244995117188 28.931339263916015625 31.706586837768554688 34.79927825927734375 38.1322479248046875 41.647853851318359375 45.30359649658203125 49.0681610107421875 52.918331146240234375 56.836711883544921875 60.810115814208984375 64.82843017578125 67.194793701171875 66.21620941162109375 65.50827789306640625 65.0798187255859375 64.936370849609375 65.0798187255859375 65.50827789306640625 66.21620941162109375 67.194793701171875 68.43241119384765625 69.91530609130859375 71.6282501220703125 73.55517578125 75.6797332763671875 77.98577880859375 80.45770263671875 83.0807037353515625 85.8409271240234375 88.7255706787109375 91.722900390625 92.0450592041015625 89.89421844482421875 87.90288543701171875 86.082122802734375 84.44297027587890625
20.469377517700195313 19.050357818603515625 18.553249359130859375 19.050357818603515625 20.469377517700195313 22.637599945068359375 25.36360931396484375 28.487726211547851563 31.893175125122070313 35.499080657958984375 39.25023651123046875 43.10874176025390625 47.048191070556640625 51.049846649169921875 55.10015869140625 59.18914031982421875 63.309295654296875 62.7230377197265625 61.6738433837890625 60.91335296630859375 60.4524688720703125 60.29805755615234375 60.4524688720703125 60.91335296630859375 61.6738433837890625 62.7230377197265625 64.0467529296875 65.6283721923828125 67.44976806640625 69.4920806884765625 71.7364501953125 74.16452789306640625 76.758880615234375 79.50324249267578125 82.3826141357421875 85.3833465576171875 88.49308013916015625 88.10047149658203125 85.85150909423828125 83.76471710205078125 81.852508544921875 80.12737274169921875
16.38220977783203125 14.570974349975585938 13.914936065673828125 14.570974349975585938 16.38220977783203125 19.021459579467773438 22.195285797119140625 25.706441879272460938 29.43445587158203125 33.30658721923828125 37.277957916259765625 41.319957733154296875 45.41373443603515625 49.54645538330078125 53.70912933349609375 57.895298004150390625 59.699291229248046875 58.27732086181640625 57.146884918212890625 56.3255462646484375 55.826938629150390625 55.6597442626953125 55.826938629150390625 56.3255462646484375 57.146884918212890625 58.27732086181640625 59.699291229248046875 61.392547607421875 63.3353271484375 65.50543975830078125 67.88108062744140625 70.44145965576171875 73.1671905517578125 76.0404815673828125 79.045257568359375 82.167083740234375 85.39312744140625 84.22660064697265625 81.87197113037109375 79.68166351318359375 77.6695709228515625 75.849884033203125
12.680139541625976563 10.234173774719238281 9.2766246795654296875 10.234173774719238281 12.680139541625976563 15.943609237670898438 19.620817184448242188 23.518489837646484375 27.54319000244140625 31.646490097045898438 35.801372528076171875 39.99176788330078125 44.20757293701171875 48.4421539306640625 52.690990447998046875 56.950885772705078125 55.399028778076171875 53.864093780517578125 52.639324188232421875 51.74674224853515625 51.203723907470703125 51.021434783935546875 51.203723907470703125 51.74674224853515625 52.639324188232421875 53.864093780517578125 55.399028778076171875 57.21916961669921875 59.298259735107421875 61.610088348388671875 64.129486083984375 66.8329925537109375 69.69918060302734375 72.7088165283203125 75.844818115234375 79.09217071533203125 82.4376983642578125 80.43366241455078125 77.9652862548828125 75.662628173828125 73.5412750244140625 71.61731719970703125
9.8093309402465820313 6.33965301513671875 4.6383123397827148438 6.33965301513671875 9.8093309402465820313 13.769867897033691406 17.898326873779296875 22.100799560546875 26.341890335083007813 30.6055450439453125 34.883495330810546875 39.171051025390625 43.465373992919921875 47.76464080810546875 52.06761932373046875 53.122966766357421875 51.157863616943359375 49.4920501708984375 48.156597137451171875 47.1795654296875 46.583507537841796875 46.383121490478515625 46.583507537841796875 47.1795654296875 48.156597137451171875 49.4920501708984375 51.157863616943359375 53.122966766357421875 55.355495452880859375 57.824481964111328125 60.50098419189453125 63.358707427978515625 66.3742523193359375 69.5270843505859375 72.79936981201171875 76.17571258544921875 79.474273681640625 76.73366546630859375 74.1429595947265625 71.71839141845703125 69.47735595703125 67.43814849853515625
8.6422138214111328125 4.3211069107055664063 4.9846541824716261715e-12 4.3211069107055664063 8.6422138214111328125 12.963320732116699219 17.284427642822265625 21.605533599853515625 25.926639556884765625 30.247745513916015625 34.568851470947265625 38.88995361328125 43.2110595703125 47.532161712646484375 51.528690338134765625 49.123249053955078125 46.991802215576171875 45.17314910888671875 43.70635223388671875 42.627750396728515625 41.96728515625 41.744808197021484375 41.96728515625 42.627750396728515625 43.70635223388671875 45.17314910888671875 46.991802215576171875 49.123249053955078125 51.528690338134765625 54.171634674072265625 57.019069671630859375 60.041904449462890625 63.214984893798828125 66.51680755615234375 69.92914581298828125 73.43659210205078125 76.01016998291015625 73.140716552734375 70.41873931884765625 67.86197662353515625 65.48979949951171875 63.32294464111328125
9.807170867919921875 6.3388171195983886719 4.6383123397827148438 6.3388171195983886719 9.807170867919921875 13.766405105590820313 17.893589019775390625 22.094806671142578125 26.334650039672851563 30.597063064575195313 34.87377166748046875 39.16009521484375 43.45318603515625 47.751216888427734375 47.845672607421875 45.24561309814453125 42.922718048095703125 40.924213409423828125 39.299625396728515625 38.09680938720703125 37.356536865234375 37.10649871826171875 37.356536865234375 38.09680938720703125 39.299625396728515625 40.924213409423828125 42.922718048095703125 45.24561309814453125 47.845672607421875 50.68025970458984375 53.71225738525390625 56.91011810302734375 60.2474365234375 63.702301025390625 67.25659942626953125 70.8953704833984375 72.67708587646484375 69.6713714599609375 66.80902099609375 64.1092529296875 61.59344482421875 59.285022735595703125
12.676796913146972656 10.233138084411621094 9.2766246795654296875 10.233138084411621094 12.676796913146972656 15.937627792358398438 19.612176895141601563 23.50722503662109375 27.529338836669921875 31.6300811767578125 35.782428741455078125 39.970302581787109375 44.183597564697265625 47.3860626220703125 44.342288970947265625 41.524265289306640625 38.980987548828125 36.769512176513671875 34.95287322998046875 33.595188140869140625 32.753570556640625 32.4681854248046875 32.753570556640625 33.595188140869140625 34.95287322998046875 36.769512176513671875 38.980987548828125 41.524265289306640625 44.342288970947265625 47.3860626220703125 50.614879608154296875 53.995555877685546875 57.501308441162109375 61.11061859130859375 64.806182861328125 68.57405853271484375 69.49387359619140625 66.34502410888671875 63.333404541015625 60.479518890380859375 57.806735992431640625 55.341304779052734375
15.934628486633300781 14.569883346557617188 13.914936065673828125 14.569883346557617188 16.378328323364257813 19.01393890380859375 22.183826446533203125 25.690980911254882813 29.415010452270507813 33.283199310302734375 37.25066375732421875 41.288791656494140625 45.378726959228515625 44.333019256591796875 41.06453704833984375 38.00514984130859375 35.209415435791015625 32.74493408203125 30.691598892211914063 29.136472702026367188 28.162206649780273438 27.82987213134765625 28.162206649780273438 29.136472702026367188 30.691598892211914063 32.74493408203125 35.209415435791015625 38.00514984130859375 41.06453704833984375 44.333019256591796875 47.7677001953125 51.335231781005859375 55.009765625 58.771244049072265625 62.6039886474609375 66.4956817626953125 66.4820709228515625 63.184268951416015625 60.015178680419921875 56.996273040771484375 54.152679443359375 51.513431549072265625
19.011423110961914063 19.049245834350585938 18.553249359130859375 19.049245834350585938 20.465236663818359375 22.629175186157226563 25.350238800048828125 28.46912384033203125 31.8692474365234375 35.469821929931640625 39.215671539306640625 43.06890869140625 45.2180023193359375 41.574291229248046875 38.07073974609375 34.74976348876953125 31.668853759765625 28.904876708984375 26.556974411010742188 24.743875503540039063 23.5892181396484375 23.191560745239257813 23.5892181396484375 24.743875503540039063 26.556974411010742188 28.904876708984375 31.668853759765625 34.74976348876953125 38.07073974609375 41.574291229248046875 45.2180023193359375 48.970592498779296875 52.808856964111328125 56.715404510498046875 60.6770477294921875 64.68366241455078125 63.6660003662109375 60.215183258056640625 56.881900787353515625 53.688037872314453125 50.65998077392578125 47.829227447509765625
22.627058029174804688 23.590122222900390625 23.191560745239257813 23.590122222900390625 24.747323989868164063 26.564205169677734375 28.91668701171875 31.685695648193359375 34.7718658447265625 38.09819793701171875 41.6071319580078125 45.256214141845703125 43.018711090087890625 39.17211151123046875 35.432952880859375 31.839099884033203125 28.445690155029296875 25.33339691162109375 22.618562698364257813 20.46002197265625 19.047845840454101563 18.553249359130859375 19.047845840454101563 20.46002197265625 22.618562698364257813 25.33339691162109375 28.445690155029296875 31.839099884033203125 35.432952880859375 39.17211151123046875 43.018711090087890625 46.94634246826171875 50.936267852783203125 54.974925994873046875 59.05231475830078125 63.1609344482421875 61.07274627685546875 57.467487335205078125 53.965789794921875 50.589160919189453125 47.36435699462890625 44.324527740478515625
26.562402725219726563 28.162775039672851563 27.82987213134765625 28.162775039672851563 29.138669967651367188 30.696292877197265625 32.75275421142578125 35.2207794189453125 38.0203094482421875 41.083629608154296875 44.356121063232421875 45.30812835693359375 41.22594451904296875 37.19562530517578125 33.2360382080078125 29.3758087158203125 25.65981292724609375 22.160726547241210938 18.998781204223632813 16.370508193969726563 14.567686080932617188 13.914936065673828125 14.567686080932617188 16.370508193969726563 18.998781204223632813 22.160726547241210938 25.65981292724609375 29.3758087158203125 33.2360382080078125 37.19562530517578125 41.22594451904296875 45.30812835693359375 49.42932891845703125 53.58054351806640625 57.7552947998046875 61.94882965087890625 58.731830596923828125 54.974384307861328125 51.303897857666015625 47.74042510986328125 44.3097991943359375 41.045345306396484375
30.694730758666992188 32.750148773193359375 32.4681854248046875 32.753894805908203125 33.59645843505859375 34.955623626708984375 36.7741546630859375 38.98783111572265625 41.53351593017578125 44.354076385498046875 47.400470733642578125 44.098995208740234375 39.894550323486328125 35.715572357177734375 31.572174072265625 27.480459213256835938 23.467473983764648438 19.581686019897460938 15.916524887084960938 12.665007591247558594 10.229488372802734375 9.2766246795654296875 10.229488372802734375 12.665007591247558594 15.916524887084960938 19.581686019897460938 23.467473983764648438 27.480459213256835938 31.572174072265625 35.715572357177734375 39.894550323486328125 44.098995208740234375 48.322261810302734375 52.559810638427734375 56.808444976806640625 60.63220977783203125 56.674533843994140625 52.77197265625 48.93772125244140625 45.189167022705078125 41.549510955810546875 38.050022125244140625
34.954250335693359375 36.7718353271484375 37.10649871826171875 37.356678009033203125 38.097370147705078125 39.300846099853515625 40.926300048828125 42.925823211669921875 45.24985504150390625 47.85113525390625 47.6429443359375 43.354854583740234375 39.07171630859375 34.79535675048828125 30.528635025024414063 26.276239395141601563 22.046461105346679688 17.85538482666015625 13.738473892211914063 9.7897472381591796875 6.3320803642272949219 4.6383123397827148438 6.3320803642272949219 9.7897472381591796875 13.738473892211914063 17.85538482666015625 22.046461105346679688 26.276239395141601563 30.528635025024414063 34.79535675048828125 39.07171630859375 43.354854583740234375 47.6429443359375 51.93476104736328125 56.229450225830078125 59.006206512451171875 54.9327239990234375 50.897998809814453125 46.91202545166015625 42.988376617431640625 39.14579010009765625 35.410671234130859375
