data/water_occ_92.asc
ncols        384
nrows        480
xllcorner    138.000000000000
yllcorner    -29.000000000000
cellsize     0.041666666667
NODATA_value -9999
[rows 76 to 94 of 480, columns 0 to 41 of 384]
373.37957763671875 368.871490478515625 364.36395263671875 359.856964111328125 355.350616455078125 350.84490966796875 346.339813232421875 341.835418701171875 337.33172607421875 332.828765869140625 328.326568603515625 323.8251953125 319.324615478515625 314.824920654296875 310.326141357421875 305.828277587890625 301.3314208984375 296.8355712890625 292.3408203125 287.847198486328125 283.354766845703125 278.86358642578125 274.373687744140625 269.885162353515625 265.3980712890625 260.9124755859375 256.428497314453125 251.9461669921875 247.4656219482421875 242.9869384765625 238.510223388671875 234.03558349609375 229.5631561279296875 225.0930633544921875 220.625457763671875 216.1604766845703125 211.6982879638671875 207.23907470703125 202.783050537109375 198.330413818359375 193.8813934326171875 189.4362640380859375
372.917816162109375 368.40478515625 363.892181396484375 359.380035400390625 354.86834716796875 350.35711669921875 345.846405029296875 341.33624267578125 336.82659912109375 332.3175048828125 327.80902099609375 323.301116943359375 318.79388427734375 314.287322998046875 309.78143310546875 305.276275634765625 300.771881103515625 296.268280029296875 291.7655029296875 287.26361083984375 282.762603759765625 278.2625732421875 273.7635498046875 269.26556396484375 264.768707275390625 260.272979736328125 255.77850341796875 251.285308837890625 246.793487548828125 242.3031005859375 237.8142242431640625 233.32696533203125 228.8414154052734375 224.357666015625 219.875823974609375 215.3960113525390625 210.9183807373046875 206.44305419921875 201.9701690673828125 197.4999237060546875 193.0324859619140625 188.5680694580078125
372.51318359375 367.99591064453125 363.47894287109375 358.962310791015625 354.446044921875 349.93011474609375 345.41455078125 340.89935302734375 336.38458251953125 331.870208740234375 327.356292724609375 322.842803955078125 318.329803466796875 313.817291259765625 309.3052978515625 304.7938232421875 300.28289794921875 295.7725830078125 291.26287841796875 286.7537841796875 282.245391845703125 277.737701416015625 273.230743408203125 268.724578857421875 264.21923828125 259.7147216796875 255.2111358642578125 250.70849609375 246.206878662109375 241.7063140869140625 237.206878662109375 232.7086181640625 228.211639404296875 223.7159881591796875 219.22174072265625 214.7290191650390625 210.2378997802734375 205.7484893798828125 201.260894775390625 196.7752685546875 192.291717529296875 187.810394287109375
372.16583251953125 367.64501953125 363.124420166015625 358.60406494140625 354.08392333984375 349.564056396484375 345.04443359375 340.525054931640625 336.0059814453125 331.4871826171875 326.96868896484375 322.45050048828125 317.93267822265625 313.4151611328125 308.89801025390625 304.3812255859375 299.864837646484375 295.348846435546875 290.833282470703125 286.31817626953125 281.80352783203125 277.289398193359375 272.7757568359375 268.262664794921875 263.750152587890625 259.23822021484375 254.7269287109375 250.21630859375 245.706390380859375 241.1972198486328125 236.6888275146484375 232.1812591552734375 227.674591064453125 223.1688385009765625 218.664093017578125 214.1603851318359375 209.657806396484375 205.15643310546875 200.6563262939453125 196.1575927734375 191.6603240966796875 187.16461181640625
371.875946044921875 367.352294921875 362.82879638671875 358.305419921875 353.782196044921875 349.2591552734375 344.73626708984375 340.213531494140625 335.69097900390625 331.168609619140625 326.646453857421875 322.124481201171875 317.60272216796875 313.0811767578125 308.559844970703125 304.038787841796875 299.5179443359375 294.997406005859375 290.47711181640625 285.95709228515625 281.4373779296875 276.917999267578125 272.39892578125 267.880218505859375 263.36187744140625 258.84393310546875 254.3263702392578125 249.8092498779296875 245.292572021484375 240.7763671875 236.26068115234375 231.745513916015625 227.230926513671875 222.7169342041015625 218.203582763671875 213.6909027099609375 209.178955078125 204.6677703857421875 200.15740966796875 195.6479339599609375 191.139404296875 186.631866455078125
371.6436767578125 367.117889404296875 362.592193603515625 358.066558837890625 353.541015625 349.01556396484375 344.490203857421875 339.964935302734375 335.43975830078125 330.914703369140625 326.389739990234375 321.864898681640625 317.340179443359375 312.8155517578125 308.29107666015625 303.7667236328125 299.242523193359375 294.718475341796875 290.194580078125 285.67083740234375 281.147247314453125 276.62384033203125 272.10064697265625 267.577606201171875 263.0548095703125 258.532196044921875 254.0098419189453125 249.4877166748046875 244.9658355712890625 240.444244384765625 235.9229278564453125 231.4019012451171875 226.8812103271484375 222.36083984375 217.840850830078125 213.32122802734375 208.8020172119140625 204.2832489013671875 199.7649383544921875 195.24713134765625 190.7298431396484375 186.213134765625
371.4691162109375 366.941925048828125 362.41473388671875 357.887603759765625 353.360504150390625 348.83343505859375 344.306427001953125 339.7794189453125 335.25250244140625 330.7255859375 326.19873046875 321.67193603515625 317.14520263671875 312.618499755859375 308.09185791015625 303.565277099609375 299.03875732421875 294.512298583984375 289.98590087890625 285.4595947265625 280.933349609375 276.40716552734375 271.881103515625 267.3551025390625 262.829193115234375 258.303375244140625 253.7776641845703125 249.2520599365234375 244.7265625 240.2011871337890625 235.675933837890625 231.1508331298828125 226.6258544921875 222.1010284423828125 217.5763702392578125 213.0518798828125 208.527557373046875 204.003448486328125 199.4795379638671875 194.955841064453125 190.4323883056640625 185.9091949462890625
371.35235595703125 366.824432373046875 362.296539306640625 357.768646240234375 353.240753173828125 348.712860107421875 344.184967041015625 339.6571044921875 335.129241943359375 330.601409912109375 326.07354736328125 321.545745849609375 317.017913818359375 312.4901123046875 307.962310791015625 303.434539794921875 298.906768798828125 294.3790283203125 289.851287841796875 285.32354736328125 280.795867919921875 276.268157958984375 271.740509033203125 267.212860107421875 262.68524169921875 258.157623291015625 253.63006591796875 249.102508544921875 244.574981689453125 240.0474853515625 235.52001953125 230.9925994873046875 226.4651947021484375 221.937835693359375 217.4105072021484375 212.8832244873046875 208.355987548828125 203.82879638671875 199.301666259765625 194.7745819091796875 190.24755859375 185.7205963134765625
371.292388916015625 366.76519775390625 362.23760986328125 357.709716796875 353.181793212890625 348.65386962890625 344.125946044921875 339.598052978515625 335.07012939453125 330.542205810546875 326.0142822265625 321.486328125 316.958404541015625 312.43048095703125 307.902557373046875 303.374603271484375 298.8466796875 294.3187255859375 289.790802001953125 285.262847900390625 280.734893798828125 276.206939697265625 271.67901611328125 267.15106201171875 262.62310791015625 258.09515380859375 253.5671844482421875 249.0392303466796875 244.5112762451171875 239.9833221435546875 235.455352783203125 230.927398681640625 226.3994293212890625 221.8714599609375 217.3434906005859375 212.815521240234375 208.2875518798828125 203.75958251953125 199.2316131591796875 194.703643798828125 190.1756591796875 185.6476898193359375
371.232208251953125 366.70574951171875 362.17901611328125 357.651824951171875 353.1246337890625 348.59747314453125 344.070281982421875 339.5430908203125 335.015899658203125 330.48870849609375 325.961517333984375 321.434326171875 316.907135009765625 312.379913330078125 307.85272216796875 303.325531005859375 298.798309326171875 294.2711181640625 289.743896484375 285.216705322265625 280.689483642578125 276.162261962890625 271.635040283203125 267.107818603515625 262.580596923828125 258.05340576171875 253.5261688232421875 248.9989471435546875 244.4717254638671875 239.944488525390625 235.417266845703125 230.8900299072265625 226.36279296875 221.8355712890625 217.3083343505859375 212.781097412109375 208.2538604736328125 203.72662353515625 199.1993865966796875 194.6721343994140625 190.1448974609375 185.6176605224609375
371.173095703125 366.646636962890625 362.120208740234375 357.59375 353.06732177734375 348.540863037109375 344.014404296875 339.48797607421875 334.961517333984375 330.43505859375 325.908599853515625 321.38214111328125 316.855682373046875 312.3292236328125 307.802734375 303.276275634765625 298.74981689453125 294.22332763671875 289.696868896484375 285.170379638671875 280.6439208984375 276.117431640625 271.5909423828125 267.064453125 262.537994384765625 258.011505126953125 253.485015869140625 248.958526611328125 244.432037353515625 239.9055328369140625 235.3790435791015625 230.8525543212890625 226.3260498046875 221.799560546875 217.2730560302734375 212.746551513671875 208.2200469970703125 203.69354248046875 199.1670379638671875 194.640533447265625 190.1140289306640625 185.5875244140625
371.171844482421875 366.6461181640625 362.12042236328125 357.5947265625 353.06903076171875 348.543365478515625 344.017669677734375 339.49200439453125 334.96636962890625 330.440704345703125 325.915069580078125 321.389434814453125 316.86383056640625 312.338226318359375 307.8126220703125 303.28704833984375 298.761505126953125 294.235931396484375 289.710418701171875 285.184906005859375 280.659393310546875 276.1339111328125 271.60845947265625 267.0830078125 262.557586669921875 258.032196044921875 253.506805419921875 248.9814605712890625 244.456146240234375 239.93084716796875 235.40557861328125 230.8803558349609375 226.35516357421875 221.8300018310546875 217.30487060546875 212.7798004150390625 208.2547607421875 203.7297821044921875 199.204833984375 194.679962158203125 190.1551361083984375 185.63037109375
371.228485107421875 366.7042236328125 362.17999267578125 357.655792236328125 353.131622314453125 348.607513427734375 344.083404541015625 339.559356689453125 335.035369873046875 330.51141357421875 325.98748779296875 321.463623046875 316.9398193359375 312.416046142578125 307.892364501953125 303.36871337890625 298.845123291015625 294.32159423828125 289.79815673828125 285.2747802734375 280.75146484375 276.228240966796875 271.705078125 267.182037353515625 262.6590576171875 258.13616943359375 253.6134033203125 249.0907440185546875 244.5681915283203125 240.045745849609375 235.5234375 231.0012664794921875 226.4792327880859375 221.9573516845703125 217.4356231689453125 212.9140625 208.3927001953125 203.87152099609375 199.3505401611328125 194.8297882080078125 190.3092803955078125 185.7890167236328125
371.343017578125 366.820892333984375 362.298858642578125 357.77691650390625 353.255035400390625 348.7332763671875 344.211578369140625 339.689971923828125 335.168487548828125 330.6470947265625 326.125823974609375 321.604644775390625 317.083587646484375 312.562652587890625 308.041839599609375 303.52117919921875 299.000640869140625 294.480255126953125 289.96002197265625 285.439971923828125 280.9200439453125 276.40032958984375 271.88079833984375 267.3614501953125 262.842315673828125 258.323394775390625 253.8047027587890625 249.2862548828125 244.7680511474609375 240.2501220703125 235.73248291015625 231.2151336669921875 226.6981201171875 222.181427001953125 217.6651153564453125 213.149169921875 208.633636474609375 204.1185455322265625 199.603912353515625 195.08978271484375 190.5761871337890625 186.0631561279296875
371.271026611328125 366.7547607421875 362.2386474609375 357.722686767578125 353.206878662109375 348.69122314453125 344.17572021484375 339.660400390625 335.145233154296875 330.630279541015625 326.115509033203125 321.6009521484375 317.086578369140625 312.57244873046875 308.05853271484375 303.54486083984375 299.03143310546875 294.518280029296875 290.00537109375 285.492767333984375 280.98046875 276.468505859375 271.95684814453125 267.445526123046875 262.934600830078125 258.424041748046875 253.9138946533203125 249.4041748046875 244.8948974609375 240.3861083984375 235.877838134765625 231.370086669921875 226.8628997802734375 222.3563232421875 217.850372314453125 213.345123291015625 208.840576171875 204.3368072509765625 199.8338775634765625 195.331817626953125 190.8306884765625 186.330596923828125
371.037445068359375 366.519073486328125 362.000762939453125 357.4825439453125 352.96441650390625 348.44635009765625 343.92840576171875 339.410552978515625 334.892791748046875 330.3751220703125 325.857574462890625 321.34014892578125 316.82281494140625 312.30560302734375 307.788543701171875 303.2716064453125 298.75482177734375 294.2381591796875 289.721649169921875 285.205322265625 280.68914794921875 276.17315673828125 271.657379150390625 267.141754150390625 262.6263427734375 258.111175537109375 253.5962066650390625 249.0814971923828125 244.5670318603515625 240.0528411865234375 235.5389404296875 231.02532958984375 226.5120391845703125 221.9990997314453125 217.48651123046875 212.97430419921875 208.4625091552734375 203.9511566162109375 199.4402618408203125 194.92987060546875 190.4199981689453125 185.9107208251953125
370.73541259765625 366.33770751953125 361.822113037109375 357.302398681640625 352.78271484375 348.2630615234375 343.743438720703125 339.223876953125 334.704345703125 330.18487548828125 325.665435791015625 321.14605712890625 316.626739501953125 312.107452392578125 307.588226318359375 303.069061279296875 298.549957275390625 294.030914306640625 289.511932373046875 284.9930419921875 280.474212646484375 275.9554443359375 271.436767578125 266.918212890625 262.39971923828125 257.881317138671875 253.3630218505859375 248.8448333740234375 244.326751708984375 239.8087921142578125 235.29095458984375 230.7732696533203125 226.255706787109375 221.7382965087890625 217.2210540771484375 212.7039794921875 208.1870880126953125 203.670379638671875 199.153900146484375 194.6376190185546875 190.12158203125 185.605804443359375
369.6885986328125 365.279052734375 360.872100830078125 356.467864990234375 352.06640625 347.6678466796875 343.272308349609375 338.879913330078125 334.490753173828125 330.059661865234375 325.53924560546875 321.018829345703125 316.498443603515625 311.978057861328125 307.45770263671875 302.937347412109375 298.4169921875 293.89666748046875 289.376373291015625 284.8560791015625 280.335784912109375 275.815521240234375 271.2952880859375 266.775054931640625 262.254852294921875 257.73468017578125 253.21453857421875 248.6944122314453125 244.17431640625 239.65423583984375 235.1342010498046875 230.61419677734375 226.0942230224609375 221.57427978515625 217.05438232421875 212.5345306396484375 208.01470947265625 203.4949493408203125 198.9752349853515625 194.45556640625 189.93597412109375 185.4164276123046875
368.697113037109375 364.276336669921875 359.85784912109375 355.441802978515625 351.028228759765625 346.61724853515625 342.208953857421875 337.803466796875 333.400909423828125 329.001373291015625 324.604949951171875 320.21185302734375 315.8221435546875 311.436004638671875 307.0535888671875 302.675048828125 298.300537109375 293.835540771484375 289.315032958984375 284.794525146484375 280.274017333984375 275.753509521484375 271.233001708984375 266.712493896484375 262.19195556640625 257.67144775390625 253.1509246826171875 248.630401611328125 244.1098785400390625 239.58935546875 235.0688323974609375 230.548309326171875 226.02777099609375 221.5072479248046875 216.9867095947265625 212.4661712646484375 207.9456329345703125 203.42510986328125 198.904571533203125 194.3840179443359375 189.8634796142578125 185.3429412841796875
