data/water_occ_92.asc
ncols        384
nrows        480
xllcorner    138.000000000000
yllcorner    -29.000000000000
cellsize     0.041666666667
NODATA_value -9999
[rows 361 to 379 of 480, columns 0 to 41 of 384]
740.70819091796875 739.47918701171875 738.2735595703125 737.0914306640625 735.93280029296875 734.79791259765625 733.6868896484375 732.59967041015625 731.53656005859375 730.49755859375 729.48272705078125 728.49224853515625 727.5262451171875 726.584716796875 725.6678466796875 724.77569580078125 723.9083251953125 723.06585693359375 722.2484130859375 721.45599365234375 720.688720703125 719.9466552734375 719.22998046875 718.53863525390625 717.87274169921875 717.232421875 716.61767578125 716.028564453125 715.4652099609375 714.92767333984375 714.41595458984375 713.93011474609375 713.47027587890625 713.03643798828125 712.62860107421875 712.24688720703125 711.891357421875 711.56195068359375 711.2587890625 710.98187255859375 710.73126220703125 710.50689697265625
745.144287109375 743.9229736328125 742.72491455078125 741.5501708984375 740.39892578125 739.271240234375 738.167236328125 737.08697509765625 736.0306396484375 734.998291015625 733.989990234375 733.00592041015625 732.046142578125 731.1107177734375 730.1998291015625 729.3134765625 728.4517822265625 727.61480712890625 726.80267333984375 726.0155029296875 725.25323486328125 724.51611328125 723.80413818359375 723.11737060546875 722.4559326171875 721.81982421875 721.20916748046875 720.6240234375 720.064453125 719.53045654296875 719.022216796875 718.53961181640625 718.0828857421875 717.65191650390625 717.24688720703125 716.86773681640625 716.51458740234375 716.18743896484375 715.88629150390625 715.61126708984375 715.3623046875 715.1395263671875
749.582763671875 748.36907958984375 747.17852783203125 746.01116943359375 744.86712646484375 743.74658203125 742.6495361328125 741.576171875 740.5264892578125 739.500732421875 738.4989013671875 737.5211181640625 736.5675048828125 735.63812255859375 734.73309326171875 733.85247802734375 732.99639892578125 732.16485595703125 731.3580322265625 730.57598876953125 729.8187255859375 729.08642578125 728.379150390625 727.6968994140625 727.039794921875 726.40789794921875 725.80133056640625 725.22003173828125 724.6641845703125 724.13372802734375 723.62884521484375 723.14947509765625 722.69580078125 722.2677001953125 721.8653564453125 721.48876953125 721.13800048828125 720.81304931640625 720.513916015625 720.24072265625 719.99346923828125 719.77215576171875
754.023681640625 752.8175048828125 751.63433837890625 750.47430419921875 749.33740234375 748.223876953125 747.13372802734375 746.06707763671875 745.02410888671875 744.00482177734375 743.0093994140625 742.037841796875 741.09033203125 740.16693115234375 739.2677001953125 738.3927001953125 737.5421142578125 736.71600341796875 735.9144287109375 735.137451171875 734.3851318359375 733.6575927734375 732.9549560546875 732.27716064453125 731.6243896484375 730.99664306640625 730.39404296875 729.81658935546875 729.26434326171875 728.7374267578125 728.23590087890625 727.75970458984375 727.30902099609375 726.8837890625 726.484130859375 726.11004638671875 725.7615966796875 725.43878173828125 725.1417236328125 724.87030029296875 724.62469482421875 724.4049072265625
758.46697998046875 757.26824951171875 756.09234619140625 754.93951416015625 753.8096923828125 752.70306396484375 751.6197509765625 750.55987548828125 749.5234375 748.51055908203125 747.52142333984375 746.5560302734375 745.61456298828125 744.697021484375 743.80352783203125 742.9342041015625 742.08905029296875 741.26824951171875 740.4718017578125 739.6998291015625 738.952392578125 738.2296142578125 737.531494140625 736.858154296875 736.2095947265625 735.5859375 734.9873046875 734.41363525390625 733.86505126953125 733.34161376953125 732.84332275390625 732.37030029296875 731.92254638671875 731.50018310546875 731.1031494140625 730.73150634765625 730.3853759765625 730.064697265625 729.76959228515625 729.5 729.25604248046875 729.03765869140625
762.91253662109375 761.72113037109375 760.55255126953125 759.40679931640625 758.28399658203125 757.1842041015625 756.107666015625 755.05438232421875 754.0244140625 753.0179443359375 752.03497314453125 751.07574462890625 750.14019775390625 749.22845458984375 748.34063720703125 747.476806640625 746.6370849609375 745.821533203125 745.03021240234375 744.26318359375 743.52056884765625 742.80242919921875 742.10882568359375 741.4398193359375 740.79547119140625 740.1759033203125 739.58111572265625 739.01116943359375 738.4661865234375 737.9461669921875 737.451171875 736.981201171875 736.53643798828125 736.1168212890625 735.722412109375 735.35321044921875 735.00933837890625 734.6907958984375 734.39764404296875 734.12982177734375 733.887451171875 733.6705322265625
767.36041259765625 766.17626953125 765.01483154296875 763.8760986328125 762.76019287109375 761.667236328125 760.59735107421875 759.55059814453125 758.52703857421875 757.52685546875 756.550048828125 755.5968017578125 754.6671142578125 753.76116943359375 752.87896728515625 752.0206298828125 751.18621826171875 750.3758544921875 749.58953857421875 748.82745361328125 748.089599609375 747.37603759765625 746.6868896484375 746.022216796875 745.38201904296875 744.76641845703125 744.17547607421875 743.6092529296875 743.06781005859375 742.5511474609375 742.05938720703125 741.59246826171875 741.15057373046875 740.73370361328125 740.34185791015625 739.97509765625 739.63348388671875 739.3170166015625 739.02581787109375 738.759765625 738.51898193359375 738.303466796875
771.81048583984375 770.633544921875 769.4791259765625 768.347412109375 767.23834228515625 766.152099609375 765.08880615234375 764.04852294921875 763.03131103515625 762.03729248046875 761.06658935546875 760.11932373046875 759.1954345703125 758.295166015625 757.41851806640625 756.5655517578125 755.7364501953125 754.93115234375 754.14990234375 753.39263916015625 752.659423828125 751.950439453125 751.26568603515625 750.60528564453125 749.96917724609375 749.3575439453125 748.77044677734375 748.20782470703125 747.66986083984375 747.15655517578125 746.66796875 746.2041015625 745.76507568359375 745.35089111328125 744.96160888671875 744.59722900390625 744.2578125 743.94342041015625 743.654052734375 743.3897705078125 743.15057373046875 742.93646240234375
776.26275634765625 775.09295654296875 773.945556640625 772.82061767578125 771.7183837890625 770.6387939453125 769.58197021484375 768.548095703125 767.53717041015625 766.54931640625 765.5845947265625 764.6431884765625 763.72509765625 762.83038330078125 761.959228515625 761.11163330078125 760.2877197265625 759.48748779296875 758.71112060546875 757.95867919921875 757.23016357421875 756.525634765625 755.84521484375 755.18902587890625 754.5570068359375 753.94927978515625 753.36590576171875 752.806884765625 752.2723388671875 751.7623291015625 751.27685546875 750.8160400390625 750.37982177734375 749.96832275390625 749.58154296875 749.21954345703125 748.88232421875 748.5699462890625 748.282470703125 748.0198974609375 747.7822265625 747.56951904296875
780.7171630859375 779.55438232421875 778.4139404296875 777.29583740234375 776.20025634765625 775.127197265625 774.07684326171875 773.04925537109375 772.0445556640625 771.062744140625 770.10400390625 769.16839599609375 768.2559814453125 767.36688232421875 766.5010986328125 765.6588134765625 764.84002685546875 764.04486083984375 763.2733154296875 762.52557373046875 761.8016357421875 761.1015625 760.42547607421875 759.77337646484375 759.1453857421875 758.54150390625 757.96185302734375 757.40643310546875 756.87530517578125 756.3685302734375 755.88616943359375 755.42828369140625 754.994873046875 754.58599853515625 754.20172119140625 753.842041015625 753.5069580078125 753.1966552734375 752.9110107421875 752.650146484375 752.41400146484375 752.20269775390625
785.1737060546875 784.01788330078125 782.88427734375 781.77288818359375 780.68389892578125 779.61737060546875 778.57342529296875 777.55206298828125 776.553466796875 775.57769775390625 774.6248779296875 773.6949462890625 772.78814697265625 771.904541015625 771.04412841796875 770.20703125 769.39337158203125 768.6031494140625 767.83642578125 767.09332275390625 766.37396240234375 765.67828369140625 765.00640869140625 764.35845947265625 763.734375 763.13433837890625 762.558349609375 762.00640869140625 761.47869873046875 760.97509765625 760.495849609375 760.04083251953125 759.61016845703125 759.20391845703125 758.82208251953125 758.4647216796875 758.1318359375 757.823486328125 757.5396728515625 757.28045654296875 757.04583740234375 756.83587646484375
789.63232421875 788.4833984375 787.3565673828125 786.2518310546875 785.16937255859375 784.10931396484375 783.07159423828125 782.05645751953125 781.06396484375 780.0941162109375 779.14703369140625 778.22283935546875 777.32159423828125 776.44342041015625 775.5882568359375 774.75634765625 773.94769287109375 773.162353515625 772.400390625 771.66192626953125 770.947021484375 770.25567626953125 769.58807373046875 768.944091796875 768.323974609375 767.72772216796875 767.15533447265625 766.60687255859375 766.08245849609375 765.58209228515625 765.1058349609375 764.6536865234375 764.22576904296875 763.82208251953125 763.44268798828125 763.08758544921875 762.7568359375 762.450439453125 762.16845703125 761.910888671875 761.677734375 761.4691162109375
794.093017578125 792.950927734375 791.83074951171875 790.73260498046875 789.6566162109375 788.6029052734375 787.57147216796875 786.5623779296875 785.57586669921875 784.61187744140625 783.67059326171875 782.75201416015625 781.85626220703125 780.9833984375 780.133544921875 779.30670166015625 778.50299072265625 777.7225341796875 776.96527099609375 776.23138427734375 775.5208740234375 774.8338623046875 774.17034912109375 773.5303955078125 772.9141845703125 772.32159423828125 771.7528076171875 771.207763671875 770.6866455078125 770.189453125 769.7161865234375 769.26690673828125 768.8416748046875 768.4405517578125 768.06353759765625 767.71063232421875 767.3819580078125 767.0775146484375 766.79730224609375 766.5413818359375 766.30975341796875 766.10247802734375
798.55572509765625 797.42034912109375 796.3067626953125 795.2152099609375 794.1456298828125 793.09814453125 792.0728759765625 791.06988525390625 790.0892333984375 789.131103515625 788.1954345703125 787.28240966796875 786.39208984375 785.52459716796875 784.67987060546875 783.85809326171875 783.059326171875 782.2835693359375 781.531005859375 780.8016357421875 780.09552001953125 779.4127197265625 778.7532958984375 778.11737060546875 777.5048828125 776.916015625 776.35076904296875 775.80914306640625 775.291259765625 774.797119140625 774.32684326171875 773.88037109375 773.45782470703125 773.0592041015625 772.68450927734375 772.3338623046875 772.00726318359375 771.70477294921875 771.42633056640625 771.1719970703125 770.94183349609375 770.73583984375
803.0203857421875 801.89166259765625 800.78466796875 799.69952392578125 798.63629150390625 797.59503173828125 796.5758056640625 795.57879638671875 794.60406494140625 793.651611328125 792.72161865234375 791.8140869140625 790.92913818359375 790.06683349609375 789.227294921875 788.41046142578125 787.6165771484375 786.8455810546875 786.09759521484375 785.37261962890625 784.67083740234375 783.99224853515625 783.3369140625 782.704833984375 782.09619140625 781.51092529296875 780.94915771484375 780.41094970703125 779.896240234375 779.40521240234375 778.93780517578125 778.494140625 778.07421875 777.6781005859375 777.3057861328125 776.95733642578125 776.63275146484375 776.33209228515625 776.055419921875 775.80267333984375 775.573974609375 775.3692626953125
807.48699951171875 806.3648681640625 805.264404296875 804.18560791015625 803.12860107421875 802.093505859375 801.080322265625 800.0892333984375 799.12030029296875 798.17352294921875 797.24908447265625 796.34698486328125 795.46734619140625 794.6102294921875 793.77569580078125 792.9638671875 792.17474365234375 791.408447265625 790.66497802734375 789.9444580078125 789.2469482421875 788.572509765625 787.921142578125 787.29296875 786.68804931640625 786.10638427734375 785.548095703125 785.01312255859375 784.50164794921875 784.01361083984375 783.54913330078125 783.10821533203125 782.69085693359375 782.29718017578125 781.92718505859375 781.5809326171875 781.25836181640625 780.9595947265625 780.68463134765625 780.4334716796875 780.2061767578125 780.00274658203125
811.95550537109375 810.83990478515625 809.745849609375 808.67333984375 807.62255859375 806.593505859375 805.58636474609375 804.60113525390625 803.63787841796875 802.69677734375 801.77777099609375 800.881103515625 800.0067138671875 799.15472412109375 798.3251953125 797.5181884765625 796.73382568359375 795.97216796875 795.23321533203125 794.51702880859375 793.82373046875 793.15338134765625 792.5059814453125 791.88165283203125 791.2803955078125 790.70233154296875 790.14739990234375 789.61578369140625 789.107421875 788.62237548828125 788.1607666015625 787.7225341796875 787.30780029296875 786.91656494140625 786.548828125 786.2047119140625 785.8841552734375 785.58721923828125 785.31396484375 785.0643310546875 784.83843994140625 784.63629150390625
816.42596435546875 815.31683349609375 814.22906494140625 813.162841796875 812.1181640625 811.09515380859375 810.0938720703125 809.11444091796875 808.1568603515625 807.22125244140625 806.3077392578125 805.4163818359375 804.54718017578125 803.70025634765625 802.87567138671875 802.07354736328125 801.29388427734375 800.5367431640625 799.80218505859375 799.09039306640625 798.4012451171875 797.73492431640625 797.09149169921875 796.470947265625 795.87335205078125 795.29876708984375 794.74725341796875 794.21881103515625 793.71356201171875 793.23150634765625 792.772705078125 792.337158203125 791.92498779296875 791.5361328125 791.170654296875 790.82861328125 790.51007080078125 790.2149658203125 789.943359375 789.6953125 789.4708251953125 789.2698974609375
820.898193359375 819.79547119140625 818.7139892578125 817.6539306640625 816.6153564453125 815.5982666015625 814.60284423828125 813.62908935546875 812.67718505859375 811.7470703125 810.83892822265625 809.95281982421875 809.0887451171875 808.246826171875 807.42718505859375 806.6297607421875 805.854736328125 805.1021728515625 804.37200927734375 803.6644287109375 802.9794921875 802.317138671875 801.67755126953125 801.060791015625 800.466796875 799.89569091796875 799.34747314453125 798.822265625 798.320068359375 797.8409423828125 797.38494873046875 796.95208740234375 796.5423583984375 796.1558837890625 795.79266357421875 795.4527587890625 795.1361083984375 794.84283447265625 794.5728759765625 794.32635498046875 794.103271484375 793.903564453125
