data/water_occ.asc
ncols        384
nrows        480
xllcorner    138.000000000000
yllcorner    -29.000000000000
cellsize     0.041666666667
NODATA_value -9999
[rows 231 to 251 of 480, columns 192 to 239 of 384]
0.0053419116884469985962 0.045299842953681945801 0.33301717042922973633 0.68995010852813720703 0.39809978008270263672 0.036758784204721450806 0.099533632397651672363 27.723871231079101563 91.73165130615234375 97.92120361328125 97.7295074462890625 83.86371612548828125 78.33269500732421875 88.4900360107421875 97.19598388671875 97.3186798095703125 97.0783843994140625 97.15888214111328125 97.0439300537109375 97.75984954833984375 -9999 -9999 -9999 -9999 -9999 -9999 -9999 -9999 -9999 -9999 -9999 -9999 -9999 -9999 -9999 -9999 -9999 -9999 -9999 -9999 -9999 -9999 -9999 -9999 -9999 -9999 -9999 -9999
0.0001113743564928881824 0.0033603231422603130341 0.0082220342010259628296 0.014834851957857608795 0.049211360514163970947 0.034272361546754837036 1.407505035400390625 54.563323974609375 97.45201873779296875 97.97274017333984375 97.80706024169921875 93.90778350830078125 71.7155609130859375 76.734222412109375 73.33516693115234375 95.61212158203125 97.273101806640625 97.21697998046875 97.15277099609375 97.22428131103515625 -9999 -9999 -9999 -9999 -9999 -9999 -9999 -9999 -9999 -9999 -9999 -9999 -9999 -9999 -9999 -9999 -9999 -9999 -9999 -9999 -9999 -9999 -9999 -9999 -9999 -9999 -9999 -9999
0 6.6420152506907470524e-06 0.036268692463636398315 0.044053416699171066284 0.020136624574661254883 0.027476705610752105713 10.1649017333984375 81.52114105224609375 97.85027313232421875 97.7571258544921875 97.67470550537109375 96.95011138916015625 92.285369873046875 78.286895751953125 20.118242263793945313 66.2501373291015625 84.8143768310546875 97.18160247802734375 97.13706207275390625 97.11492156982421875 98.78983306884765625 -9999 -9999 -9999 -9999 -9999 -9999 -9999 -9999 -9999 -9999 -9999 -9999 -9999 -9999 -9999 -9999 -9999 -9999 -9999 -9999 -9999 -9999 -9999 -9999 -9999 -9999 -9999
1.3384371263704125535e-16 1.9556980665312194076e-15 0.0020191399380564689636 0.011621862649917602539 0.011921069584786891937 0.42034673690795898438 23.386684417724609375 92.48319244384765625 97.73558807373046875 97.60710906982421875 97.5629119873046875 97.51403045654296875 93.11211395263671875 84.14687347412109375 68.53510284423828125 58.6542816162109375 79.2977447509765625 97.22180938720703125 97.31417083740234375 97.1165313720703125 97.8562469482421875 -9999 -9999 -9999 -9999 -9999 -9999 -9999 -9999 -9999 -9999 -9999 -9999 -9999 -9999 -9999 -9999 -9999 -9999 -9999 -9999 -9999 -9999 -9999 -9999 -9999 -9999 -9999
0.0015697357011958956718 0.00139917770866304636 0.00013707636389881372452 0.0044325571507215499878 0.0055859102867543697357 0.94557106494903564453 36.70709991455078125 97.00702667236328125 97.690643310546875 97.8058929443359375 97.6394195556640625 97.67140960693359375 95.63568115234375 95.4756317138671875 96.98567962646484375 97.05741119384765625 97.43904876708984375 97.4359130859375 97.52993011474609375 97.365020751953125 -9999 -9999 -9999 -9999 -9999 -9999 -9999 -9999 -9999 -9999 -9999 -9999 -9999 -9999 -9999 -9999 -9999 -9999 -9999 -9999 -9999 -9999 -9999 -9999 -9999 -9999 -9999 -9999
0.0013439210597425699234 0.0012482759775593876839 0.00012975856952834874392 2.0748229871969670057e-05 0.0011960229603573679924 0.97728401422500610352 38.755096435546875 96.57000732421875 97.65293121337890625 97.7401123046875 97.72904205322265625 97.639801025390625 95.02486419677734375 94.660797119140625 97.23960113525390625 97.478729248046875 97.44549560546875 97.3979949951171875 97.4129791259765625 97.62908935546875 -9999 -9999 -9999 -9999 -9999 -9999 -9999 -9999 -9999 -9999 -9999 -9999 -9999 -9999 -9999 -9999 -9999 -9999 -9999 -9999 -9999 -9999 -9999 -9999 -9999 -9999 -9999 -9999
8.7732616520952433348e-05 0.00014231674140319228172 5.6727312767179682851e-05 4.5236702135298401117e-06 0.0021118542645126581192 0.22704698145389556885 12.540291786193847656 75.885498046875 98.0617218017578125 98.084716796875 98.02735137939453125 97.67688751220703125 97.78558349609375 97.65840911865234375 97.61487579345703125 97.67340850830078125 97.5414276123046875 97.39646148681640625 97.501495361328125 -9999 -9999 -9999 -9999 -9999 -9999 -9999 -9999 -9999 -9999 -9999 -9999 -9999 -9999 -9999 -9999 -9999 -9999 -9999 -9999 -9999 -9999 -9999 -9999 -9999 -9999 -9999 -9999 -9999
6.7877626861445605755e-05 0.00034696605871431529522 0.00016432155098300427198 4.4183125495910644531 1.2127916812896728516 8.5272760770749300718e-05 0.2098557204008102417 23.07033538818359375 85.49121856689453125 98.29053497314453125 98.30355072021484375 98.05057525634765625 98.0790863037109375 97.97882080078125 97.87458038330078125 97.35762786865234375 97.65900421142578125 97.54845428466796875 97.537689208984375 98.1002960205078125 -9999 -9999 -9999 -9999 -9999 -9999 -9999 -9999 -9999 -9999 -9999 -9999 -9999 -9999 -9999 -9999 -9999 -9999 -9999 -9999 -9999 -9999 -9999 -9999 -9999 -9999 -9999 -9999
0.0057722833007574081421 1.7962595393328228965e-06 1.6839192539919167757e-05 1.2230013608932495117 0.27559348940849304199 3.1164642353333096934e-16 0.00068531773285940289497 1.4424403905868530273 27.952844619750976563 84.93621826171875 98.1885833740234375 98.31215667724609375 98.2817535400390625 98.10758209228515625 97.9349517822265625 97.23801422119140625 97.80150604248046875 97.81121063232421875 97.80509185791015625 97.97542572021484375 98.03255462646484375 97.94164276123046875 97.7475738525390625 -9999 -9999 -9999 -9999 -9999 -9999 -9999 -9999 -9999 -9999 -9999 -9999 -9999 -9999 -9999 -9999 -9999 -9999 -9999 -9999 -9999 -9999 -9999 -9999 -9999
0.0056376378051936626434 0 0 0 0 6.6580614537340451851e-17 0.0001464123197365552187 0.0010033688740804791451 1.2572594881057739258 23.841562271118164063 85.02816009521484375 98.4383697509765625 98.59058380126953125 98.50385284423828125 92.32411956787109375 94.9069976806640625 97.98902130126953125 97.89365386962890625 97.9946136474609375 98.09690093994140625 98.0672760009765625 97.96649932861328125 98.00385284423828125 98.0305023193359375 98.2718505859375 -9999 -9999 -9999 -9999 -9999 -9999 -9999 -9999 -9999 -9999 -9999 -9999 -9999 -9999 -9999 -9999 -9999 -9999 -9999 -9999 -9999 -9999 -9999
0 0 0 0 0 0 0 2.8662753196094189513e-16 0.00063030060846358537674 0.76955461502075195313 34.912860870361328125 84.8879241943359375 98.25687408447265625 98.64727783203125 96.31365966796875 97.39073944091796875 98.10955047607421875 98.014251708984375 98.0542449951171875 98.22225189208984375 98.16997528076171875 97.942840576171875 98.0919189453125 98.263275146484375 97.97519683837890625 97.841644287109375 97.841033935546875 -9999 -9999 -9999 -9999 -9999 -9999 -9999 -9999 -9999 -9999 -9999 -9999 -9999 -9999 -9999 -9999 -9999 -9999 -9999 -9999 -9999
0 4.2533842164435946829e-18 1.6953947601626671171e-18 1.6882121441087160395e-18 2.4559473185430438114e-19 0 0 0 2.1279963652526403278e-18 4.6795139496680349112e-06 1.0649769306182861328 16.886228561401367188 53.1815185546875 92.37066650390625 98.64041900634765625 98.307586669921875 98.169342041015625 98.05963897705078125 92.2267608642578125 72.0136566162109375 69.4986724853515625 91.12793731689453125 98.07275390625 98.3794097900390625 98.24964141845703125 97.93836212158203125 97.68097686767578125 97.53421783447265625 -9999 -9999 -9999 -9999 -9999 -9999 -9999 -9999 -9999 -9999 -9999 -9999 -9999 -9999 -9999 -9999 -9999 -9999 -9999 -9999
0 4.9884220061358064413e-05 1.9883800632669590414e-05 1.9799561414401978254e-05 2.8803656277887057513e-06 0 0 0 0 6.6174654145034127141e-17 0.00014551960339304059744 0.0079581998288631439209 2.5765264034271240234 33.082489013671875 66.92890167236328125 93.11730194091796875 98.19783782958984375 97.3860321044921875 87.69728851318359375 27.091648101806640625 30.172679901123046875 89.73198699951171875 98.173797607421875 98.29016876220703125 98.34505462646484375 98.37270355224609375 97.98395538330078125 97.66606903076171875 98.51355743408203125 -9999 -9999 -9999 -9999 -9999 -9999 -9999 -9999 -9999 -9999 -9999 -9999 -9999 -9999 -9999 -9999 -9999 -9999 -9999
0 1.5958928543113870546e-06 0.0006788771715946495533 0.0052558323368430137634 0.0003987376694567501545 0 3.227995943307900874e-32 7.0984381481615894079e-20 1.9094946160434091118e-19 4.1712910901410757278e-18 9.172766112897079438e-06 0.0015410040505230426788 0.021646087989211082458 0.22332908213138580322 10.942936897277832031 30.612524032592773438 54.38292694091796875 42.973926544189453125 63.410251617431640625 85.14464569091796875 85.84680938720703125 98.00272369384765625 98.232635498046875 98.14452362060546875 86.30292510986328125 96.17144012451171875 98.25740814208984375 97.8732147216796875 97.8198699951171875 -9999 -9999 98.38720703125 97.88053131103515625 97.86673736572265625 97.8186798095703125 97.85326385498046875 -9999 -9999 -9999 -9999 -9999 -9999 -9999 -9999 -9999 -9999 -9999 -9999
1.0989309504726236448e-17 4.2902905988739803433e-05 0.0054637542925775051117 0.045897088944911956787 0.00011640636512311175466 3.9135523646175154937e-18 1.1357501037058543053e-18 2.4975408905447693542e-06 6.718436907249270007e-06 0 1.4700974660021180404e-15 0.0032327785156667232513 0.0013821213506162166595 0.03824154287576675415 0.45383915305137634277 0.29966977238655090332 1.35063934326171875 1.808606266975402832 21.620393753051757813 77.9835205078125 95.1402435302734375 98.402313232421875 98.4829559326171875 91.91345977783203125 37.552059173583984375 79.68959808349609375 98.40464019775390625 98.09674072265625 97.92462158203125 97.9720001220703125 97.8998260498046875 97.9169464111328125 97.9649810791015625 97.97527313232421875 97.88649749755859375 97.94635009765625 97.756439208984375 -9999 -9999 -9999 -9999 -9999 -9999 -9999 -9999 -9999 -9999 -9999
0.00038665195461362600327 0.0014805655227974057198 0.041413087397813796997 0.058357175439596176147 0.00016274290101137012243 0.0001376958825858309865 3.3242608725827968138e-17 1.7014497643685899675e-05 4.5769353164359927177e-05 3.3124718531336604357e-18 0 5.0738205276774570041e-16 0.0011157449334859848022 0.05904526636004447937 0.055225815623998641968 0.01315797027200460434 0.3062890470027923584 0.15820719301700592041 1.1593523025512695313 12.853005409240722656 59.30303192138671875 94.4149627685546875 91.549041748046875 57.38271331787109375 8.2435626983642578125 68.9014129638671875 98.52825927734375 98.1639404296875 98.1309356689453125 98.040313720703125 98.0713653564453125 97.981475830078125 97.98694610595703125 97.82488250732421875 98.0455474853515625 97.79319000244140625 97.66646575927734375 97.70257568359375 -9999 -9999 -9999 -9999 -9999 -9999 -9999 -9999 -9999 -9999
0.013562762178480625153 0.01447704806923866272 0.051870256662368774414 0.017143962904810905457 0.00031423402833752334118 0.00033638338209129869938 0.00029912946047261357307 1.9638770027086138725e-05 0.00095693027833476662636 3.8849080738145858049e-05 2.3603938915868526507e-16 3.3373081181160488273e-15 0.0071856887079775333405 0.011770307086408138275 0.021143337711691856384 0.015387151390314102173 0.030751047655940055847 0.94150269031524658203 1.0467734336853027344 1.1486632823944091797 7.6156129837036132813 29.294988632202148438 25.274557113647460938 11.034861564636230469 4.6153044700622558594 66.6104888916015625 98.37770843505859375 98.038787841796875 98.062164306640625 98.0327911376953125 98.152130126953125 98.10433197021484375 97.93487548828125 92.7754974365234375 90.895355224609375 97.93248748779296875 97.8539581298828125 97.89789581298828125 98.828948974609375 -9999 -9999 -9999 -9999 -9999 -9999 -9999 -9999 -9999
0.013260240666568279266 0.0080724284052848815918 0.00080793461529538035393 0.00068326579639688134193 0.0012524143094196915627 0.0014003759715706110001 9.5203162345569580793e-05 0.00013761258742306381464 0.027948390692472457886 0.0040007415227591991425 0.008304897695779800415 0.0024500726722180843353 0.00079241883940994739532 0.001347600715234875679 0.00024709047283977270126 0.0053293281234800815582 0.068878293037414550781 0.80416280031204223633 0.060775317251682281494 0.044214211404323577881 0.16032460331916809082 0.54070889949798583984 1.4792270660400390625 2.1365733146667480469 0.80573260784149169922 23.71894073486328125 84.19063568115234375 98.04030609130859375 98.0534515380859375 98.03896331787109375 98.09535980224609375 98.20574951171875 98.30681610107421875 96.0368499755859375 78.75481414794921875 95.3524017333984375 98.0471649169921875 97.98767852783203125 97.8395233154296875 -9999 -9999 -9999 -9999 -9999 -9999 -9999 -9999 -9999
0.0062806713394820690155 0.0056828614324331283569 0.0040560583584010601044 0.0017962718848139047623 0.0011891311733052134514 0.0051490352489054203033 2.560748544055968523e-05 0.0053056147880852222443 0.05750819668173789978 0.0056624449789524078369 0.0009514763951301574707 0.00028156038024462759495 2.3220733269596800525e-17 5.1062932470813393593e-05 7.3784874984994530678e-05 0.0031770258210599422455 0.040457516908645629883 5.3493328094482421875 5.5694894790649414063 0.26619261503219604492 0.053851798176765441895 0.012232213281095027924 0.013770043849945068359 0.14150975644588470459 1.9649376869201660156 4.7654070854187011719 32.323642730712890625 76.6746063232421875 84.024566650390625 91.67588043212890625 90.713714599609375 80.05175018310546875 87.28119659423828125 90.4647674560546875 76.8821563720703125 82.9339752197265625 98.23424530029296875 97.940673828125 97.682037353515625 99.25261688232421875 -9999 -9999 -9999 -9999 -9999 -9999 -9999 -9999
0.011837545782327651978 0.0077049373649060726166 0.018164677545428276062 0.0097358804196119308472 0.0029865812975913286209 0.011657690629363059998 0.00030029448680579662323 0.0085160927847027778625 0.037727072834968566895 0.0010734376264736056328 0 0 3.5621408113963064701e-18 7.8332304838113486767e-06 1.1318854376440867782e-05 1.2887217504351389935e-14 0.02831083349883556366 22.448446273803710938 53.98809814453125 16.998640060424804688 0.80839329957962036133 0.0079774111509323120117 9.376495654578320682e-06 1.7551332348375581205e-05 0.51890414953231811523 4.7063989639282226563 9.0806951522827148438 14.247611045837402344 17.025533676147460938 26.346780776977539063 26.921613693237304688 11.931872367858886719 17.054048538208007813 22.945657730102539063 20.347805023193359375 56.473857879638671875 97.63359832763671875 98.11788177490234375 97.71862030029296875 97.74944305419921875 -9999 -9999 -9999 -9999 -9999 -9999 -9999 -9999
0.0096994163468480110168 0.0099937273189425468445 0.01097232382744550705 0.0083114290609955787659 0.00033983174944296479225 0.0029320165049284696579 0.00078745943028479814529 0.0024166738148778676987 0.0016172061441466212273 4.2453873902559280396e-05 0 0 0 2.7475588213169514491e-17 6.0419457440730184317e-05 0.00015176959277596324682 0.096535831689834594727 3.9240345954895019531 15.678746223449707031 26.330152511596679688 4.0664453506469726563 0.0062567144632339477539 0 8.7836747424130390272e-14 0.19315505027770996094 2.6876592636108398438 2.8259429931640625 3.6702418327331542969 4.1845145225524902344 2.6458926200866699219 3.0817189216613769531 1.3080365657806396484 1.3561446666717529297 3.3671777248382568359 2.9807200431823730469 16.061801910400390625 77.5348968505859375 98.1242523193359375 97.90958404541015625 97.6560516357421875 97.62320709228515625 -9999 -9999 -9999 -9999 -9999 -9999 -9999
