data/water_occ_92.asc
ncols        384
nrows        480
xllcorner    138.000000000000
yllcorner    -29.000000000000
cellsize     0.041666666667
NODATA_value -9999
[rows 399 to 417 of 480, columns 42 to 83 of 384]
886.43011474609375 886.294189453125 886.17913818359375 886.08502197265625 886.01177978515625 885.95947265625 885.9281005859375 885.9176025390625 885.9176025390625 885.9281005859375 885.95947265625 886.01177978515625 886.08502197265625 886.17913818359375 886.294189453125 886.43011474609375 886.5869140625 886.7646484375 886.96319580078125 887.1826171875 887.42291259765625 887.6839599609375 887.9658203125 888.26849365234375 888.5919189453125 888.93603515625 889.3009033203125 889.68646240234375 890.0926513671875 890.51947021484375 890.9669189453125 891.4349365234375 891.9234619140625 892.4324951171875 892.9620361328125 893.511962890625 894.082275390625 894.6729736328125 895.28399658203125 895.915283203125 896.56683349609375 896.45654296875
891.06561279296875 890.930419921875 890.81597900390625 890.72235107421875 890.6495361328125 890.5975341796875 890.56634521484375 890.555908203125 890.555908203125 890.56634521484375 890.5975341796875 890.6495361328125 890.72235107421875 890.81597900390625 890.930419921875 891.06561279296875 891.2215576171875 891.39825439453125 891.59576416015625 891.81396484375 892.05291748046875 892.31256103515625 892.59283447265625 892.89385986328125 893.2154541015625 893.5577392578125 893.92059326171875 894.30401611328125 894.7080078125 895.13250732421875 895.5775146484375 896.04290771484375 896.52880859375 897.03509521484375 897.56170654296875 898.10870361328125 898.6759033203125 899.263427734375 899.87109375 900.49896240234375 901.14697265625 900.1795654296875
895.70111083984375 895.566650390625 895.452880859375 895.35980224609375 895.287353515625 895.23565673828125 895.20458984375 895.1942138671875 895.1942138671875 895.20458984375 895.23565673828125 895.287353515625 895.35980224609375 895.452880859375 895.566650390625 895.70111083984375 895.856201171875 896.031982421875 896.22833251953125 896.44537353515625 896.6829833984375 896.94122314453125 897.219970703125 897.51934814453125 897.8392333984375 898.17962646484375 898.54046630859375 898.92181396484375 899.3236083984375 899.74578857421875 900.1883544921875 900.6512451171875 901.134521484375 901.6380615234375 902.16180419921875 902.705810546875 903.27001953125 903.85430908203125 904.458740234375 905.083251953125 905.727783203125 903.9110107421875
900.336669921875 900.20294189453125 900.08978271484375 899.9971923828125 899.9251708984375 899.87371826171875 899.84283447265625 899.83258056640625 899.83258056640625 899.84283447265625 899.87371826171875 899.9251708984375 899.9971923828125 900.08978271484375 900.20294189453125 900.336669921875 900.49090576171875 900.66571044921875 900.86102294921875 901.07684326171875 901.31317138671875 901.57000732421875 901.84722900390625 902.14495849609375 902.46307373046875 902.8016357421875 903.1605224609375 903.539794921875 903.93939208984375 904.35931396484375 904.79949951171875 905.2598876953125 905.74053955078125 906.2413330078125 906.7623291015625 907.3033447265625 907.864501953125 908.4456787109375 909.046875 909.66802978515625 910.123291015625 907.6507568359375
904.97222900390625 904.8392333984375 904.7266845703125 904.63458251953125 904.56298828125 904.51177978515625 904.4810791015625 904.47088623046875 904.47088623046875 904.4810791015625 904.51177978515625 904.56298828125 904.63458251953125 904.7266845703125 904.8392333984375 904.97222900390625 905.1256103515625 905.29949951171875 905.4937744140625 905.7083740234375 905.94342041015625 906.1988525390625 906.474609375 906.770751953125 907.087158203125 907.423828125 907.78082275390625 908.15802001953125 908.55548095703125 908.97308349609375 909.410888671875 909.86883544921875 910.34686279296875 910.84503173828125 911.3631591796875 911.9013671875 912.45947265625 913.03753662109375 913.63555908203125 914.25335693359375 913.86029052734375 911.398681640625
909.6077880859375 909.47552490234375 909.3636474609375 909.27203369140625 909.2008056640625 909.14990234375 909.11932373046875 909.10919189453125 909.10919189453125 909.11932373046875 909.14990234375 909.2008056640625 909.27203369140625 909.3636474609375 909.47552490234375 909.6077880859375 909.76043701171875 909.93328857421875 910.12652587890625 910.34002685546875 910.57379150390625 910.82781982421875 911.10211181640625 911.3966064453125 911.7113037109375 912.04620361328125 912.4012451171875 912.77642822265625 913.1717529296875 913.587158203125 914.0225830078125 914.47808837890625 914.95355224609375 915.44903564453125 915.96441650390625 916.49969482421875 917.05487060546875 917.6298828125 918.22467041015625 918.8392333984375 917.60546875 915.15472412109375
914.24346923828125 914.11187744140625 914.00054931640625 913.90948486328125 913.838623046875 913.7879638671875 913.75762939453125 913.74749755859375 913.74749755859375 913.75762939453125 913.7879638671875 913.838623046875 913.90948486328125 914.00054931640625 914.11187744140625 914.24346923828125 914.39520263671875 914.56719970703125 914.75933837890625 914.9716796875 915.2042236328125 915.4569091796875 915.72967529296875 916.0225830078125 916.33563232421875 916.668701171875 917.0218505859375 917.39508056640625 917.78826904296875 918.201416015625 918.634521484375 919.08758544921875 919.560546875 920.0533447265625 920.5660400390625 921.09844970703125 921.65069580078125 922.22265625 922.81427001953125 923.42559814453125 921.35870361328125 918.9188232421875
918.87908935546875 918.74822998046875 918.63751220703125 918.546875 918.4764404296875 918.42608642578125 918.3958740234375 918.38580322265625 918.38580322265625 918.3958740234375 918.42608642578125 918.4764404296875 918.546875 918.63751220703125 918.74822998046875 918.87908935546875 919.030029296875 919.20111083984375 919.3922119140625 919.60345458984375 919.834716796875 920.0860595703125 920.35736083984375 920.64874267578125 920.9600830078125 921.2913818359375 921.6427001953125 922.01385498046875 922.40496826171875 922.81591796875 923.24676513671875 923.6973876953125 924.1678466796875 924.6580810546875 925.16796875 925.6976318359375 926.2469482421875 926.81585693359375 927.4044189453125 927.56256103515625 925.11993408203125 922.6907958984375
923.5147705078125 923.3846435546875 923.27447509765625 923.184326171875 923.1142578125 923.06414794921875 923.03411865234375 923.02410888671875 923.02410888671875 923.03411865234375 923.06414794921875 923.1142578125 923.184326171875 923.27447509765625 923.3846435546875 923.5147705078125 923.6649169921875 923.8350830078125 924.02520751953125 924.23529052734375 924.46533203125 924.71527099609375 924.98516845703125 925.27496337890625 925.58465576171875 925.91424560546875 926.263671875 926.63287353515625 927.02191162109375 927.4306640625 927.8592529296875 928.3074951171875 928.77545166015625 929.2630615234375 929.77032470703125 930.29718017578125 930.84356689453125 931.4095458984375 931.9949951171875 931.32098388671875 928.8890380859375 926.41259765625
928.15045166015625 928.02099609375 927.91143798828125 927.82183837890625 927.7520751953125 927.7022705078125 927.67236328125 927.66241455078125 927.66241455078125 927.67236328125 927.7022705078125 927.7520751953125 927.82183837890625 927.91143798828125 928.02099609375 928.15045166015625 928.2998046875 928.46905517578125 928.658203125 928.86712646484375 929.095947265625 929.3446044921875 929.61309814453125 929.9013671875 930.20941162109375 930.5372314453125 930.884765625 931.2520751953125 931.6390380859375 932.045654296875 932.47198486328125 932.9178466796875 933.38336181640625 933.868408203125 934.373046875 934.8970947265625 935.440673828125 936.003662109375 936.5860595703125 935.08721923828125 932.1427001953125 928.363037109375
932.78619384765625 932.65740966796875 932.5484619140625 932.45928955078125 932.389892578125 932.34039306640625 932.3106689453125 932.30072021484375 932.30072021484375 932.3106689453125 932.34039306640625 932.389892578125 932.45928955078125 932.5484619140625 932.65740966796875 932.78619384765625 932.93475341796875 933.10308837890625 933.29119873046875 933.49908447265625 933.7266845703125 933.97406005859375 934.2410888671875 934.52783203125 934.83428955078125 935.160400390625 935.506103515625 935.8714599609375 936.25640869140625 936.660888671875 937.0849609375 937.52850341796875 937.9915771484375 938.47412109375 938.97607421875 939.4974365234375 940.03814697265625 940.59820556640625 941.17755126953125 937.87713623046875 934.102783203125 930.33233642578125
937.42193603515625 937.29388427734375 937.18548583984375 937.09674072265625 937.02777099609375 936.97845458984375 936.94891357421875 936.93902587890625 936.93902587890625 936.94891357421875 936.97845458984375 937.02777099609375 937.09674072265625 937.18548583984375 937.29388427734375 937.42193603515625 937.56976318359375 937.7371826171875 937.92431640625 938.131103515625 938.35748291015625 938.60357666015625 938.86920166015625 939.15447998046875 939.45928955078125 939.78363037109375 940.1275634765625 940.49102783203125 940.87396240234375 941.27630615234375 941.69818115234375 942.139404296875 942.60009765625 943.080078125 943.57940673828125 944.09808349609375 944.635986328125 945.19317626953125 943.61572265625 939.84674072265625 936.08160400390625 932.3204345703125
942.0577392578125 941.9302978515625 941.822509765625 941.7342529296875 941.66558837890625 941.6165771484375 941.587158203125 941.57733154296875 941.57733154296875 941.587158203125 941.6165771484375 941.66558837890625 941.7342529296875 941.822509765625 941.9302978515625 942.0577392578125 942.20477294921875 942.371337890625 942.5574951171875 942.76318359375 942.9884033203125 943.233154296875 943.4974365234375 943.78118896484375 944.08441162109375 944.4071044921875 944.74920654296875 945.11077880859375 945.49169921875 945.8919677734375 946.3116455078125 946.7506103515625 947.2088623046875 947.6864013671875 948.18316650390625 948.6990966796875 949.2342529296875 949.35845947265625 945.5947265625 941.83489990234375 938.07904052734375 934.32720947265625
946.69354248046875 946.5667724609375 946.45953369140625 946.37176513671875 946.303466796875 946.25469970703125 946.22540283203125 946.2156982421875 946.2156982421875 946.22540283203125 946.25469970703125 946.303466796875 946.37176513671875 946.45953369140625 946.5667724609375 946.69354248046875 946.83978271484375 947.0054931640625 947.190673828125 947.395263671875 947.61932373046875 947.86285400390625 948.125732421875 948.40802001953125 948.70965576171875 949.03070068359375 949.37103271484375 949.730712890625 950.109619140625 950.50787353515625 950.92535400390625 951.362060546875 951.81793212890625 952.29302978515625 952.78717041015625 953.30047607421875 953.8328857421875 951.3466796875 947.59210205078125 943.841552734375 940.09503173828125 936.3525390625
951.329345703125 951.2032470703125 951.0965576171875 951.00921630859375 950.94134521484375 950.892822265625 950.86370849609375 950.85400390625 950.85400390625 950.86370849609375 950.892822265625 950.94134521484375 951.00921630859375 951.0965576171875 951.2032470703125 951.329345703125 951.474853515625 951.63970947265625 951.82391357421875 952.0274658203125 952.2503662109375 952.49261474609375 952.754150390625 953.03497314453125 953.33502197265625 953.6544189453125 953.99298095703125 954.35076904296875 954.727783203125 955.12396240234375 955.539306640625 955.9737548828125 956.42730712890625 956.89990234375 957.3916015625 957.9022216796875 957.10247802734375 953.35321044921875 949.60784912109375 945.8665771484375 942.12933349609375 938.396240234375
955.9652099609375 955.83978271484375 955.733642578125 955.646728515625 955.57916259765625 955.5308837890625 955.501953125 955.4923095703125 955.4923095703125 955.501953125 955.5308837890625 955.57916259765625 955.646728515625 955.733642578125 955.83978271484375 955.9652099609375 956.1099853515625 956.27392578125 956.45721435546875 956.65972900390625 956.8814697265625 957.1224365234375 957.38262939453125 957.6619873046875 957.9605712890625 958.27825927734375 958.6151123046875 958.9710693359375 959.34613037109375 959.74029541015625 960.15350341796875 960.585693359375 961.03692626953125 961.50714111328125 961.99627685546875 962.50433349609375 959.11798095703125 955.37786865234375 951.64178466796875 947.9097900390625 944.18194580078125 940.45831298828125
960.60107421875 960.476318359375 960.37066650390625 960.28424072265625 960.217041015625 960.16900634765625 960.14019775390625 960.130615234375 960.130615234375 960.14019775390625 960.16900634765625 960.217041015625 960.28424072265625 960.37066650390625 960.476318359375 960.60107421875 960.7451171875 960.90826416015625 961.090576171875 961.29205322265625 961.51263427734375 961.75238037109375 962.01123046875 962.28912353515625 962.586181640625 962.90228271484375 963.23736572265625 963.591552734375 963.96466064453125 964.3568115234375 964.76788330078125 965.19793701171875 965.6468505859375 966.1146240234375 966.601318359375 964.88641357421875 961.1514892578125 957.42059326171875 953.69378662109375 949.97119140625 946.25274658203125 942.53851318359375
965.23699951171875 965.11285400390625 965.00775146484375 964.92181396484375 964.85491943359375 964.80712890625 964.77850341796875 964.7689208984375 964.7689208984375 964.77850341796875 964.80712890625 964.85491943359375 964.92181396484375 965.00775146484375 965.11285400390625 965.23699951171875 965.3802490234375 965.54254150390625 965.72393798828125 965.92437744140625 966.14385986328125 966.38238525390625 966.639892578125 966.91644287109375 967.2119140625 967.5263671875 967.85980224609375 968.212158203125 968.5833740234375 968.9735107421875 969.38250732421875 969.81036376953125 970.25701904296875 970.722412109375 970.658447265625 966.92864990234375 963.202880859375 959.48126220703125 955.7637939453125 952.050537109375 948.34149169921875 944.63677978515625
969.8729248046875 969.7493896484375 969.64483642578125 969.559326171875 969.4927978515625 969.44525146484375 969.416748046875 969.4072265625 969.4072265625 969.416748046875 969.44525146484375 969.4927978515625 969.559326171875 969.64483642578125 969.7493896484375 969.8729248046875 970.01544189453125 970.17694091796875 970.357421875 970.55682373046875 970.775146484375 971.012451171875 971.2686767578125 971.54376220703125 971.8377685546875 972.150634765625 972.48236083984375 972.83294677734375 973.2022705078125 973.5904541015625 973.99737548828125 974.42303466796875 974.867431640625 975.33050537109375 972.709228515625 968.9886474609375 965.2720947265625 961.55975341796875 957.85162353515625 954.14776611328125 950.4482421875 946.7530517578125
