data/water_occ_97.asc
ncols        384
nrows        480
xllcorner    138.000000000000
yllcorner    -29.000000000000
cellsize     0.041666666667
NODATA_value -9999
[rows 133 to 151 of 480, columns 252 to 293 of 384]
236.515167236328125 234.008880615234375 231.561798095703125 229.175811767578125 226.85284423828125 224.5948486328125 222.40380859375 220.2817230224609375 218.2306060791015625 216.252471923828125 214.349334716796875 212.523223876953125 210.7761383056640625 209.11004638671875 207.52691650390625 206.028656005859375 204.61712646484375 203.29412841796875 202.0614013671875 200.9206085205078125 199.8733367919921875 198.9210662841796875 198.0651397705078125 197.30682373046875 196.6472625732421875 196.087432861328125 195.6281890869140625 195.270263671875 195.0142059326171875 194.8603973388671875 194.809112548828125 194.8603973388671875 195.0142059326171875 195.270263671875 195.6281890869140625 196.087432861328125 196.6472625732421875 197.30682373046875 198.0651397705078125 198.9210662841796875 199.8733367919921875 200.9206085205078125
232.7020111083984375 230.15472412109375 227.6667022705078125 225.2399444580078125 222.8764190673828125 220.5781707763671875 218.3472747802734375 216.1858062744140625 214.095855712890625 212.079559326171875 210.1390228271484375 208.2763671875 206.49371337890625 204.793121337890625 203.176666259765625 201.646392822265625 200.2042388916015625 198.8521575927734375 197.5919647216796875 196.4254608154296875 195.35430908203125 194.38006591796875 193.504241943359375 192.7281341552734375 192.052978515625 191.479827880859375 191.009613037109375 190.6430816650390625 190.3808441162109375 190.22332763671875 190.1707916259765625 190.22332763671875 190.3808441162109375 190.6430816650390625 191.009613037109375 191.479827880859375 192.052978515625 192.7281341552734375 193.504241943359375 194.38006591796875 195.35430908203125 196.4254608154296875
228.9193267822265625 226.3299713134765625 223.7999420166015625 221.331268310546875 218.9260406494140625 216.5863494873046875 214.3143463134765625 212.112213134765625 209.982147216796875 207.9263763427734375 205.9470977783203125 204.0465545654296875 202.2269744873046875 200.49053955078125 198.839447021484375 197.2758331298828125 195.801788330078125 194.4193572998046875 193.1305084228515625 191.9371185302734375 190.8409881591796875 189.8437957763671875 188.947113037109375 188.1523590087890625 187.4608612060546875 186.873748779296875 186.391998291015625 186.016448974609375 185.74774169921875 185.5863189697265625 185.5324859619140625 185.5863189697265625 185.74774169921875 186.016448974609375 186.391998291015625 186.873748779296875 187.4608612060546875 188.1523590087890625 188.947113037109375 189.8437957763671875 190.8409881591796875 191.9371185302734375
225.1686248779296875 222.536163330078125 219.9630126953125 217.4512786865234375 215.0031280517578125 212.6207427978515625 210.306365966796875 208.0622711181640625 205.8907318115234375 203.794097900390625 201.7747039794921875 199.834869384765625 197.9769439697265625 196.2032470703125 194.5160980224609375 192.9177703857421875 191.41046142578125 189.996368408203125 188.6775665283203125 187.4560699462890625 186.33380126953125 185.31256103515625 184.3940277099609375 183.5797271728515625 182.8710784912109375 182.2693023681640625 181.77545166015625 181.3904266357421875 181.114898681640625 180.949371337890625 180.8941650390625 180.949371337890625 181.114898681640625 181.3904266357421875 181.77545166015625 182.2693023681640625 182.8710784912109375 183.5797271728515625 184.3940277099609375 185.31256103515625 186.33380126953125 187.4560699462890625
221.4515380859375 218.7748870849609375 216.1574859619140625 213.6015167236328125 211.109222412109375 208.682861328125 206.3247833251953125 204.037353515625 201.822967529296875 199.684051513671875 197.6230621337890625 195.6424713134765625 193.744720458984375 191.932281494140625 190.2075958251953125 188.5730743408203125 187.03106689453125 185.5838775634765625 184.2337646484375 182.9828643798828125 181.8332061767578125 180.7867584228515625 179.8452911376953125 179.0104827880859375 178.2838134765625 177.6666107177734375 177.1600341796875 176.7650299072265625 176.4823455810546875 176.3125 176.255859375 176.3125 176.4823455810546875 176.7650299072265625 177.1600341796875 177.6666107177734375 178.2838134765625 179.0104827880859375 179.8452911376953125 180.7867584228515625 181.8332061767578125 182.9828643798828125
217.769775390625 215.0478515625 212.3850555419921875 209.7836456298828125 207.245941162109375 204.774322509765625 202.371185302734375 200.0390167236328125 197.780303955078125 195.597625732421875 193.4935302734375 191.4706268310546875 189.531494140625 187.678741455078125 185.9149627685546875 184.24267578125 182.6644439697265625 181.18267822265625 179.7997894287109375 178.51806640625 177.3397216796875 176.2667999267578125 175.3012542724609375 174.4448699951171875 173.699249267578125 173.065826416015625 172.5458526611328125 172.1403350830078125 171.85009765625 171.67572021484375 171.6175537109375 171.67572021484375 171.85009765625 172.1403350830078125 172.5458526611328125 173.065826416015625 173.699249267578125 174.4448699951171875 175.3012542724609375 176.2667999267578125 177.3397216796875 178.51806640625
214.12518310546875 211.35687255859375 208.6475067138671875 205.99945068359375 203.4150543212890625 200.8968048095703125 198.44720458984375 196.06884765625 193.7643280029296875 191.5363311767578125 189.3875579833984375 187.3207244873046875 185.3385772705078125 183.4438629150390625 181.639312744140625 179.927642822265625 178.3115386962890625 176.7935943603515625 175.3763885498046875 174.0623626708984375 172.8538818359375 171.7531585693359375 170.7622833251953125 169.8831939697265625 169.11761474609375 168.46710205078125 167.9329833984375 167.516387939453125 167.2181854248046875 167.03900146484375 166.9792327880859375 167.03900146484375 167.2181854248046875 167.516387939453125 167.9329833984375 168.46710205078125 169.11761474609375 169.8831939697265625 170.7622833251953125 171.7531585693359375 172.8538818359375 174.0623626708984375
210.5196685791015625 207.7038726806640625 204.94677734375 202.2508087158203125 199.6184234619140625 197.0521697998046875 194.5546722412109375 192.12860107421875 189.7767181396484375 187.501800537109375 185.3066864013671875 183.194244384765625 181.1673583984375 179.22894287109375 177.3818817138671875 175.6290740966796875 173.9733734130859375 172.4175567626953125 170.9643707275390625 169.6164398193359375 168.3762969970703125 167.246337890625 166.2288055419921875 165.3257904052734375 164.5391693115234375 163.87060546875 163.3215789794921875 162.8932647705078125 162.586639404296875 162.4023895263671875 162.3409271240234375 162.4023895263671875 162.586639404296875 162.8932647705078125 163.3215789794921875 163.87060546875 164.5391693115234375 165.3257904052734375 166.2288055419921875 167.246337890625 168.3762969970703125 169.6164398193359375
206.955291748046875 204.0908966064453125 201.284881591796875 198.53973388671875 195.8580169677734375 193.2423553466796875 190.6954803466796875 188.220184326171875 185.8193206787109375 183.4958038330078125 181.25262451171875 179.092803955078125 177.019378662109375 175.035430908203125 173.1440277099609375 171.348236083984375 169.651092529296875 168.0555877685546875 166.5646514892578125 165.18109130859375 163.9076385498046875 162.7469024658203125 161.701263427734375 160.77301025390625 159.9641571044921875 159.2765350341796875 158.7117156982421875 158.271026611328125 157.9554901123046875 157.765869140625 157.702606201171875 157.765869140625 157.9554901123046875 158.271026611328125 158.7117156982421875 159.2765350341796875 159.9641571044921875 160.77301025390625 161.701263427734375 162.7469024658203125 163.9076385498046875 165.18109130859375
203.4341888427734375 200.5200958251953125 197.663970947265625 194.8683929443359375 192.135986328125 189.469482421875 186.8717193603515625 184.3455810546875 181.894073486328125 179.5202484130859375 177.2272186279296875 175.0181732177734375 172.8963165283203125 170.8649139404296875 168.9272003173828125 167.0864715576171875 165.3459320068359375 163.7088165283203125 162.17822265625 160.7572021484375 159.4486846923828125 158.2554779052734375 157.1801910400390625 156.225250244140625 155.3928985595703125 154.6851043701171875 154.10357666015625 153.6497650146484375 153.3247833251953125 153.12945556640625 153.064300537109375 153.12945556640625 153.3247833251953125 153.6497650146484375 154.10357666015625 154.6851043701171875 155.3928985595703125 156.225250244140625 157.1801910400390625 158.2554779052734375 159.4486846923828125 160.7572021484375
199.95867919921875 196.9937744140625 194.0863494873046875 191.239044189453125 188.45458984375 185.7357940673828125 183.0855865478515625 180.5070037841796875 178.003143310546875 175.57720947265625 173.2324676513671875 170.972259521484375 168.79998779296875 166.7191009521484375 164.7330322265625 162.84527587890625 161.0592803955078125 159.3784637451171875 157.806182861328125 156.345733642578125 155.0002593994140625 153.7727813720703125 152.6661376953125 151.6829833984375 150.82574462890625 150.0965576171875 149.4972991943359375 149.029541015625 148.6945343017578125 148.4931640625 148.425994873046875 148.4931640625 148.6945343017578125 149.029541015625 149.4972991943359375 150.0965576171875 150.82574462890625 151.6829833984375 152.6661376953125 153.7727813720703125 155.0002593994140625 156.345733642578125
196.531158447265625 193.5143585205078125 190.5544586181640625 187.6541595458984375 184.8162689208984375 182.043701171875 179.3394927978515625 176.7067718505859375 174.1488037109375 171.668914794921875 169.2705230712890625 166.9571533203125 164.7324066162109375 162.599884033203125 160.56329345703125 158.626312255859375 156.792633056640625 155.06591796875 153.449798583984375 151.9477691650390625 150.5632781982421875 149.2995758056640625 148.159759521484375 147.1467132568359375 146.2630615234375 145.5111541748046875 144.89306640625 144.410491943359375 144.0648193359375 143.8570098876953125 143.7876739501953125 143.8570098876953125 144.0648193359375 144.410491943359375 144.89306640625 145.5111541748046875 146.2630615234375 147.1467132568359375 148.159759521484375 149.2995758056640625 150.5632781982421875 151.9477691650390625
193.1541900634765625 190.0844268798828125 187.07086181640625 184.116302490234375 181.223602294921875 178.395782470703125 175.6359710693359375 172.9474334716796875 170.3335418701171875 167.79779052734375 165.34375 162.9751434326171875 160.6957244873046875 158.5093536376953125 156.4199371337890625 154.431396484375 152.5476837158203125 150.7727203369140625 149.1103973388671875 147.5645294189453125 146.1388092041015625 144.836761474609375 143.6617889404296875 142.61700439453125 141.7052764892578125 140.929229736328125 140.29107666015625 139.792724609375 139.4356689453125 139.2209930419921875 139.1493682861328125 139.2209930419921875 139.4356689453125 139.792724609375 140.29107666015625 140.929229736328125 141.7052764892578125 142.61700439453125 143.6617889404296875 144.836761474609375 146.1388092041015625 147.5645294189453125
189.830474853515625 186.706695556640625 183.6383514404296875 180.6282501220703125 177.6793670654296875 174.7948150634765625 171.9777984619140625 169.231719970703125 166.56005859375 163.9664764404296875 161.4547271728515625 159.0287017822265625 156.692352294921875 154.4497833251953125 152.30511474609375 150.262542724609375 148.3262786865234375 146.50054931640625 144.78955078125 143.197357177734375 141.727996826171875 140.3853302001953125 139.1730194091796875 138.0944976806640625 137.1529083251953125 136.351104736328125 135.691558837890625 135.176361083984375 134.8071441650390625 134.58514404296875 134.51104736328125 134.58514404296875 134.8071441650390625 135.176361083984375 135.691558837890625 136.351104736328125 137.1529083251953125 138.0944976806640625 139.1730194091796875 140.3853302001953125 141.727996826171875 143.197357177734375
186.5628509521484375 183.384063720703125 180.2598114013671875 177.1929473876953125 174.1865386962890625 171.243743896484375 168.367919921875 165.562530517578125 162.83123779296875 160.1778411865234375 157.6062469482421875 155.12054443359375 152.72491455078125 150.4236602783203125 148.22119140625 146.121978759765625 144.1305084228515625 142.2513275146484375 140.488922119140625 138.8477630615234375 137.332183837890625 135.9463958740234375 134.6943817138671875 133.579925537109375 132.6064910888671875 131.777191162109375 131.0947723388671875 130.5615386962890625 130.1793212890625 129.9494476318359375 129.87274169921875 129.9494476318359375 130.1793212890625 130.5615386962890625 131.0947723388671875 131.777191162109375 132.6064910888671875 133.579925537109375 134.6943817138671875 135.9463958740234375 137.332183837890625 138.8477630615234375
183.3543243408203125 180.1195831298828125 176.9383392333984375 173.8135223388671875 170.7482452392578125 167.745758056640625 164.8094940185546875 161.9430694580078125 159.150238037109375 156.434967041015625 153.8013458251953125 151.253631591796875 148.7962646484375 146.4337615966796875 144.1708221435546875 142.012176513671875 139.9626617431640625 138.0271453857421875 136.2104644775390625 134.5174713134765625 132.952850341796875 131.521209716796875 130.2269287109375 129.0741424560546875 128.0666656494140625 127.20794677734375 126.50102996826171875 125.948455810546875 125.552276611328125 125.31396484375 125.23442840576171875 125.31396484375 125.552276611328125 125.948455810546875 126.50102996826171875 127.20794677734375 128.0666656494140625 129.0741424560546875 130.2269287109375 131.521209716796875 132.952850341796875 134.5174713134765625
180.2080535888671875 176.9164581298828125 173.677215576171875 170.4932861328125 167.3678436279296875 164.304229736328125 161.305938720703125 158.376708984375 155.52044677734375 152.7412261962890625 150.0433197021484375 147.4312286376953125 144.9095611572265625 142.4831390380859375 140.156890869140625 137.9358978271484375 135.8253173828125 133.83038330078125 131.956329345703125 130.2083740234375 128.5916748046875 127.11122894287109375 125.77184295654296875 124.5780792236328125 123.534149169921875 122.64388275146484375 121.91065216064453125 121.3372955322265625 120.92608642578125 120.6786956787109375 120.5961151123046875 120.6786956787109375 120.92608642578125 121.3372955322265625 121.91065216064453125 122.64388275146484375 123.534149169921875 124.5780792236328125 125.77184295654296875 127.11122894287109375 128.5916748046875 130.2083740234375
177.127349853515625 173.7780914306640625 170.4799041748046875 167.23577880859375 164.0489349365234375 160.92279052734375 157.8609161376953125 154.867156982421875 151.945526123046875 149.1002655029296875 146.3358306884765625 143.6568756103515625 141.0682830810546875 138.57513427734375 136.1826324462890625 133.8961944580078125 131.7213592529296875 129.6637115478515625 127.72893524169921875 125.9226837158203125 124.25057220458984375 122.71807861328125 121.3304901123046875 120.09283447265625 119.00978851318359375 118.085601806640625 117.32404327392578125 116.72827911376953125 116.30086517333984375 116.04366302490234375 115.95780181884765625 116.04366302490234375 116.30086517333984375 116.72827911376953125 117.32404327392578125 118.085601806640625 119.00978851318359375 120.09283447265625 121.3304901123046875 122.71807861328125 124.25057220458984375 125.9226837158203125
174.1156768798828125 170.7080535888671875 167.3500518798828125 164.0447235107421875 160.795318603515625 157.6053009033203125 154.47833251953125 151.4183349609375 148.429443359375 145.51605224609375 142.682769775390625 139.9344635009765625 137.2762451171875 134.7134552001953125 132.251617431640625 129.8964996337890625 127.65398406982421875 125.530120849609375 123.53102874755859375 121.6628570556640625 119.9317169189453125 118.3436279296875 116.90442657470703125 115.61966705322265625 114.49454498291015625 113.5338134765625 112.741668701171875 112.12168121337890625 111.67673492431640625 111.408905029296875 111.319488525390625 111.408905029296875 111.67673492431640625 112.12168121337890625 112.741668701171875 113.5338134765625 114.49454498291015625 115.61966705322265625 116.90442657470703125 118.3436279296875 119.9317169189453125 121.6628570556640625
