data/water_occ_95.asc
ncols        384
nrows        480
xllcorner    138.000000000000
yllcorner    -29.000000000000
cellsize     0.041666666667
NODATA_value -9999
[rows 0 to 18 of 480, columns 126 to 167 of 384]
4.6383123397827148438 4.6383123397827148438 4.6383123397827148438 4.6383123397827148438 4.5809426307678222656 0 0 0 2.0831715259045369137e-12 4.5809426307678222656 9.1618852615356445313 13.742828369140625 18.323770523071289063 22.904712677001953125 27.485654830932617188 32.06659698486328125 36.647541046142578125 41.228481292724609375 45.80942535400390625 50.3903656005859375 53.907047271728515625 56.3777923583984375 59.100437164306640625 62.041835784912109375 65.17237091064453125 68.466094970703125 71.68749237060546875 74.97418975830078125 78.39054107666015625 81.9203338623046875 85.549530029296875 89.2659912109375 93.05927276611328125 96.92035675048828125 100.84145355224609375 104.815826416015625 108.08361053466796875 111.04599761962890625 114.11502838134765625 117.28234100341796875 120.54018402099609375 123.7942962646484375
2.0829303993413761376e-12 0 0 0 0 0 0 2.0829303993413761376e-12 4.5804123878479003906 6.5189375877380371094 10.268610954284667969 14.503704071044921875 18.900678634643554688 23.368335723876953125 27.872707366943359375 32.3984832763671875 36.93779754638671875 41.4862060546875 45.5846099853515625 47.6085968017578125 49.97115325927734375 52.626705169677734375 55.533229827880859375 58.653430938720703125 61.955036163330078125 65.16855621337890625 68.46170806884765625 71.8956298828125 75.4510955810546875 79.11173248291015625 82.86358642578125 86.69483184814453125 90.5953826904296875 94.55667877197265625 98.571380615234375 101.5939178466796875 104.53955841064453125 107.59920501708984375 110.7634124755859375 114.02347564697265625 117.27536773681640625 120.53261566162109375
4.5798802375793457031 2.082688405416477373e-12 0 0 0 0 0 2.082688405416477373e-12 4.5798802375793457031 9.1597604751586914063 13.037502288818359375 16.579425811767578125 20.536273956298828125 24.709514617919921875 29.00589752197265625 33.377902984619140625 37.799297332763671875 39.566295623779296875 41.37850189208984375 43.597934722900390625 46.16590118408203125 49.0276641845703125 52.134868621826171875 55.44626617431640625 58.649997711181640625 61.951023101806640625 65.405975341796875 68.9917449951171875 72.68896484375 76.481475830078125 80.3557891845703125 84.300628662109375 88.30654144287109375 92.3159942626953125 95.10848236083984375 98.03507232666015625 101.0841064453125 104.24485015869140625 107.50745391845703125 110.756805419921875 114.01628875732421875 117.3636322021484375
4.5793452262878417969 2.0824451104489716258e-12 0 0 0 0 2.0824451104489716258e-12 4.5793452262878417969 6.5181894302368164063 10.266711235046386719 14.500676155090332031 18.896549224853515625 23.00585174560546875 26.79680633544921875 30.802984237670898438 32.78926849365234375 33.73418426513671875 35.2528076171875 37.275081634521484375 39.72415924072265625 42.526371002197265625 45.616680145263671875 48.940547943115234375 52.131809234619140625 55.442623138427734375 58.923206329345703125 62.545223236083984375 66.28549957275390625 70.12509918212890625 74.04859161376953125 78.04331207275390625 82.09886932373046875 85.86907196044921875 88.6281585693359375 91.5328826904296875 94.56983184814453125 97.7266693115234375 100.99216461181640625 104.23862457275390625 107.50063323974609375 110.855499267578125 114.2950439453125
0 0 0 0 4.1644014625585867861e-12 4.578807830810546875 4.6383123397827148438 6.5178127288818359375 10.26575469970703125 13.036002159118652344 16.576770782470703125 20.532464981079101563 24.704568862915039063 27.82987213134765625 27.82987213134765625 28.203765869140625 29.296825408935546875 31.033155441284179688 33.312320709228515625 36.031452178955078125 39.09886932373046875 42.439117431640625 45.6139984130859375 48.93727874755859375 52.449726104736328125 56.115833282470703125 59.907390594482421875 63.802036285400390625 67.78200531005859375 71.83312225341796875 75.94399261474609375 79.43396759033203125 82.15406036376953125 85.0334320068359375 88.05646514892578125 91.2088623046875 94.47768402099609375 97.72081756591796875 100.9857177734375 104.34906768798828125 107.8016510009765625 111.3351593017578125
0 0 4.1639105358148853497e-12 4.5782680511474609375 4.6383123397827148438 6.5174341201782226563 9.2766246795654296875 10.345107078552246094 13.035246849060058594 16.575435638427734375 19.109516143798828125 20.688772201538085938 23.081987380981445313 23.191560745239257813 23.191560745239257813 23.63887786865234375 24.9327239990234375 26.951456069946289063 29.546869277954101563 32.5814361572265625 35.944103240966796875 39.09656524658203125 42.43622589111328125 45.989307403564453125 49.7100677490234375 53.563568115234375 57.5231475830078125 61.568332672119140625 65.683319091796875 69.8557586669921875 73.013702392578125 75.68769073486328125 78.5373077392578125 81.54413604736328125 84.691436767578125 87.9641265869140625 91.20339202880859375 94.47161865234375 97.8446044921875 101.31186676025390625 104.86407470703125 108.4928741455078125
0 0 4.5777258872985839844 6.5170540809631347656 9.2766246795654296875 10.344387054443359375 9.2766246795654296875 9.2766246795654296875 10.344387054443359375 13.032961845397949219 14.648328781127929688 16.655862808227539063 18.553249359130859375 18.553249359130859375 18.553249359130859375 19.109384536743164063 20.688287734985351563 23.081010818481445313 26.064382553100585938 29.459499359130859375 32.579509735107421875 35.941593170166015625 39.548168182373046875 43.3382415771484375 47.26769256591796875 51.304508209228515625 55.42523193359375 59.612468719482421875 63.790683746337890625 66.612457275390625 69.23111724853515625 72.0453033447265625 75.03302764892578125 78.17438507080078125 81.45160675048828125 84.68634033203125 87.95843505859375 91.34244537353515625 94.82637786865234375 98.39963531494140625 102.052825927734375 105.7776641845703125
4.6383123397827148438 4.6383123397827148438 6.5166726112365722656 10.262858390808105469 9.2766246795654296875 6.5162892341613769531 4.6383123397827148438 4.6383123397827148438 6.5162892341613769531 9.2766246795654296875 10.344144821166992188 13.032193183898925781 13.914936065673828125 13.914936065673828125 13.914936065673828125 14.648157119750976563 16.655260086059570313 19.547710418701171875 22.9937896728515625 26.062839508056640625 29.457365036010742188 33.137325286865234375 37.017688751220703125 41.041652679443359375 45.170856475830078125 49.37890625 53.55416107177734375 57.512542724609375 60.236175537109375 62.787235260009765625 65.55854034423828125 68.52336883544921875 71.65771484375 74.94029998779296875 78.16967010498046875 81.44629669189453125 84.84304046630859375 88.346038818359375 91.9431610107421875 95.623779296875 99.3786163330078125 103.1995697021484375
9.2766246795654296875 9.2766246795654296875 10.260907173156738281 6.5159039497375488281 4.6383123397827148438 4.5766339302062988281 0 2.0812121557384211101e-12 4.5766339302062988281 4.6383123397827148438 6.5159039497375488281 9.2766246795654296875 9.2766246795654296875 9.2766246795654296875 9.2766246795654296875 10.343901634216308594 13.031421661376953125 16.568666458129882813 19.546550750732421875 22.992036819458007813 26.778272628784179688 30.779767990112304688 34.922603607177734375 39.161952972412109375 43.330783843994140625 47.259037017822265625 51.2946624755859375 53.893581390380859375 56.36026763916015625 59.07860565185546875 62.01551055908203125 65.14142608642578125 68.43045806884765625 71.65338897705078125 74.9353790283203125 78.34697723388671875 81.87198638916015625 85.49637603759765625 89.20803070068359375 92.99651336669921875 96.8527984619140625 100.76910400390625
9.2766246795654296875 9.2766246795654296875 9.1521692276000976563 4.5760846138000488281 0 0 0 0 0 2.0809623555578804499e-12 4.5760846138000488281 4.6383123397827148438 4.6383123397827148438 4.6383123397827148438 4.6383123397827148438 6.5155172348022460938 10.259923934936523438 13.030646324157714844 16.567293167114257813 20.518861770629882813 24.686902999877929688 28.97815704345703125 33.131824493408203125 37.010986328125 41.03376007080078125 45.161777496337890625 47.597988128662109375 49.95659637451171875 52.607891082763671875 55.50994110107421875 58.62552642822265625 61.922420501708984375 65.137481689453125 68.4259185791015625 71.855072021484375 75.40573883056640625 79.061553955078125 82.80859375 86.6350250244140625 90.5307769775390625 94.487274169921875 98.4972076416015625
4.6383123397827148438 4.6383123397827148438 4.6383123397827148438 4.5755329132080078125 0 0 0 0 0 0 0 0 0 0 2.0807114711751673042e-12 4.5755329132080078125 6.51512908935546875 10.258937835693359375 14.488292694091796875 18.879655838012695313 22.988506317138671875 26.773538589477539063 30.773834228515625 34.91548919677734375 39.15366363525390625 41.370670318603515625 43.586322784423828125 46.150112152099609375 49.007427215576171875 52.110012054443359375 55.41667938232421875 58.62197113037109375 61.918262481689453125 65.36843109130859375 68.9493865966796875 72.64177703857421875 76.42946624755859375 80.2989654541015625 84.2389984130859375 88.2401123046875 92.29438018798828125 96.39508056640625
0 0 0 0 0 0 0 0 0 0 0 0 0 0 0 2.0804592857498471759e-12 4.5749783515930175781 9.1499567031860351563 13.029086112976074219 16.564533233642578125 20.514898300170898438 24.68175506591796875 28.971841812133789063 33.337619781494140625 35.24762725830078125 37.266368865966796875 39.71138763427734375 42.50919342041015625 45.594882965087890625 48.91400909423828125 52.106842041015625 55.41291046142578125 58.888690948486328125 62.505878448486328125 66.24131011962890625 70.07608795166015625 73.99475860595703125 77.98467254638671875 82.0354461669921875 86.13848876953125 90.28667449951171875 94.47406005859375
0 0 0 0 0 0 0 0 0 0 0 0 0 0 0 2.0802062329627890591e-12 4.5744218826293945313 6.514347076416015625 10.256951332092285156 14.485128402709960938 18.875337600708007813 23.33631134033203125 27.834043502807617188 29.294050216674804688 31.02725982666015625 33.30255126953125 36.01734161376953125 39.08014678955078125 42.415637969970703125 45.592105865478515625 48.910625457763671875 52.41825103759765625 56.0795135498046875 59.866222381591796875 63.75603485107421875 67.7311859130859375 71.77750396728515625 75.88360595703125 80.040283203125 84.24005889892578125 88.47678375244140625 92.7454071044921875
0 0 0 0 0 0 0 0 0 0 0 2.0799518791331239598e-12 4.5738625526428222656 2.0799518791331239598e-12 0 0 2.0799518791331239598e-12 4.5738625526428222656 9.1477251052856445313 13.721588134765625 18.295450210571289063 22.869312286376953125 23.6380157470703125 24.929454803466796875 26.944652557373046875 29.535833358764648438 32.565799713134765625 35.923694610595703125 39.0777587890625 42.412647247314453125 45.960887908935546875 49.676784515380859375 53.5254364013671875 57.480182647705078125 61.52056121826171875 65.63076019287109375 69.79845428466796875 74.013916015625 78.269439697265625 82.55883026123046875 86.87706756591796875 91.22005462646484375
0 0 0 0 0 0 0 0 0 0 0 2.079696657941720872e-12 4.5733013153076171875 2.079696657941720872e-12 0 0 2.079696657941720872e-12 4.5733013153076171875 9.146602630615234375 13.719902992248535156 18.293203353881835938 18.553249359130859375 19.108316421508789063 20.6843414306640625 23.073049545288085938 26.051845550537109375 29.442167282104492188 32.563808441162109375 35.921092987060546875 39.522808074951171875 43.308013916015625 47.232616424560546875 51.26461029052734375 55.38054656982421875 59.563022613525390625 63.798954010009765625 68.07836151123046875 72.3935394287109375 76.7384490966796875 81.1083221435546875 85.49932098388671875 89.90834808349609375
0 0 0 0 0 0 0 0 0 0 0 0 0 0 0 2.0794401357077108017e-12 4.5727372169494628906 6.5135583877563476563 10.254947662353515625 13.914936065673828125 13.914936065673828125 13.914936065673828125 14.646759986877441406 16.6503448486328125 19.538288116455078125 22.979549407958984375 26.050249099731445313 29.439958572387695313 33.11504364013671875 36.990535736083984375 41.00966644287109375 45.134075164794921875 49.33736419677734375 53.600982666015625 57.911609649658203125 62.2594757080078125 66.637298583984375 71.0395355224609375 75.4619140625 79.901092529296875 84.3544158935546875 88.81975555419921875
0 0 0 0 0 0 0 0 0 0 0 0 0 0 0 2.0791825292715282458e-12 4.5721707344055175781 9.1443414688110351563 9.2766246795654296875 9.2766246795654296875 9.2766246795654296875 9.2766246795654296875 10.3419189453125 13.025126457214355469 16.557523727416992188 19.537088394165039063 22.977733612060546875 26.759084701538085938 30.755727767944335938 34.893764495849609375 39.128360748291015625 43.43128204345703125 47.784076690673828125 52.174259185791015625 56.593128204345703125 61.034458160400390625 65.493682861328125 69.96736907958984375 74.45291900634765625 78.94830322265625 83.45194244384765625 87.96256256103515625
0 0 0 0 0 0 0 0 0 0 0 0 0 0 2.0789238386331732045e-12 4.57160186767578125 6.5123629570007324219 4.6383123397827148438 4.6383123397827148438 4.6383123397827148438 4.6383123397827148438 4.6383123397827148438 6.5123629570007324219 10.251911163330078125 13.024324417114257813 16.556104660034179688 20.50279998779296875 24.666042327880859375 28.95256805419921875 33.3148193359375 37.726543426513671875 42.172210693359375 46.642120361328125 51.129909515380859375 55.631259918212890625 60.14311981201171875 64.66329193115234375 69.1901397705078125 73.72245025634765625 78.25925445556640625 82.79982757568359375 87.3435821533203125
0 0 0 0 0 0 0 0 0 0 0 0 0 0 2.0786640637926456776e-12 4.5710306167602539063 4.5710306167602539063 2.0786640637926456776e-12 0 0 0 4.1573281275852913552e-12 4.5710306167602539063 6.5119614601135253906 10.250889778137207031 14.475470542907714844 18.862161636352539063 23.319658279418945313 27.813938140869140625 32.3296661376953125 36.85895538330078125 41.39736175537109375 45.942180633544921875 50.49167633056640625 55.0446929931640625 59.60042572021484375 64.158294677734375 68.717864990234375 73.278839111328125 77.84095001220703125 82.404022216796875 86.9678955078125
