data/water_occ_95.asc
ncols        384
nrows        480
xllcorner    138.000000000000
yllcorner    -29.000000000000
cellsize     0.041666666667
NODATA_value -9999
[rows 418 to 436 of 480, columns 336 to 377 of 384]
108.9347686767578125 104.814697265625 100.69753265380859375 96.583648681640625 92.473480224609375 88.3675384521484375 84.26645660400390625 80.1709747314453125 76.08199310302734375 72.0006256103515625 67.9282379150390625 63.866558074951171875 59.8177642822265625 55.784656524658203125 51.770908355712890625 47.78139495849609375 43.822742462158203125 39.9041290283203125 36.038623809814453125 32.245330810546875 28.553045272827148438 24.919435501098632813 20.76619720458984375 16.612958908081054688 12.459719657897949219 8.3064794540405273438 4.153240203857421875 1.8886749802993207936e-12 0 4.2927956639000193073e-25 2.8326707299242137594e-12 4.153240203857421875 8.3064794540405273438 12.459719657897949219 16.612958908081054688 20.76619720458984375 24.919435501098632813 29.072673797607421875 33.225910186767578125 37.379146575927734375 41.532382965087890625 45.68561553955078125
109.604583740234375 105.512176513671875 101.42484283447265625 97.34320068359375 93.26801300048828125 89.200164794921875 85.1407012939453125 81.09088134765625 77.0522308349609375 73.02660369873046875 69.01627349853515625 65.02408599853515625 61.05358123779296875 57.10929107666015625 53.197052001953125 49.324481964111328125 45.501720428466796875 41.517353057861328125 37.365619659423828125 33.213886260986328125 29.062152862548828125 24.910419464111328125 20.758684158325195313 16.606946945190429688 12.455210685729980469 8.30347442626953125 4.151737213134765625 1.8879914992497859316e-12 0 1.8879914992497859316e-12 4.151737213134765625 6.2255201339721679688 9.51244354248046875 13.292944908142089844 17.245420455932617188 21.27423095703125 25.342998504638671875 29.43515777587890625 33.542148590087890625 37.65911865234375 41.783115386962890625 45.9122467041015625
110.465240478515625 106.407440185546875 102.35735321044921875 98.31592559814453125 94.2842864990234375 90.26373291015625 86.25582122802734375 82.26239776611328125 78.28568267822265625 74.32836151123046875 70.393707275390625 66.4036407470703125 62.25341796875 58.103199005126953125 53.952976226806640625 49.802753448486328125 45.65252685546875 41.5023040771484375 37.35207366943359375 33.201847076416015625 29.051618576049804688 24.901388168334960938 20.751157760620117188 16.600927352905273438 12.450695991516113281 8.3004636764526367188 4.1502318382263183594 1.8873069339980785841e-12 0 1.8873069339980785841e-12 4.1502318382263183594 6.2235126495361328125 9.5071878433227539063 13.284482955932617188 17.233823776245117188 21.259542465209960938 25.325242996215820313 29.414350509643554688 33.518299102783203125 37.632232666015625 41.753200531005859375 44.914539337158203125
111.5123138427734375 107.49553680419921875 103.4895172119140625 99.49556732177734375 95.42044830322265625 91.27175140380859375 87.12305450439453125 82.9743499755859375 78.82564544677734375 74.67694091796875 70.528228759765625 66.37952423095703125 62.23081207275390625 58.082096099853515625 53.933383941650390625 49.78466796875 45.63594818115234375 41.4872283935546875 37.33850860595703125 33.189788818359375 29.041067123413085938 24.892345428466796875 20.743621826171875 16.594898223876953125 12.446173667907714844 8.2974491119384765625 4.1487250328063964844 1.8866217182250677453e-12 0 0 1.8866217182250677453e-12 4.1487250328063964844 8.2974491119384765625 12.446173667907714844 16.594898223876953125 20.743621826171875 24.892345428466796875 29.041067123413085938 33.189788818359375 37.33850860595703125 39.1324310302734375 40.63838958740234375
111.974456787109375 107.82727813720703125 103.6800994873046875 99.5329132080078125 95.38573455810546875 91.2385406494140625 87.0913543701171875 82.94416046142578125 78.796966552734375 74.64977264404296875 70.50257110595703125 66.35536956787109375 62.20816802978515625 58.06096649169921875 53.913761138916015625 49.766551971435546875 45.61934661865234375 41.472137451171875 37.324924468994140625 33.177715301513671875 29.0305023193359375 24.883287429809570313 20.736074447631835938 16.58885955810546875 12.441645622253417969 8.2944307327270507813 4.1472153663635253906 1.8859352014094499239e-12 0 0 1.8859352014094499239e-12 4.1472153663635253906 8.2944307327270507813 12.441645622253417969 16.58885955810546875 20.736074447631835938 24.883287429809570313 29.0305023193359375 32.7313079833984375 33.50827789306640625 34.764659881591796875 36.450916290283203125
111.9336395263671875 107.78797149658203125 103.642303466796875 99.49663543701171875 95.35095977783203125 91.20528411865234375 87.05960845947265625 82.9139251708984375 78.76824188232421875 74.62255859375 70.47687530517578125 66.33118438720703125 62.18549346923828125 58.03980255126953125 53.894107818603515625 49.7484130859375 45.602718353271484375 41.457019805908203125 37.311321258544921875 33.165618896484375 29.01992034912109375 24.874217987060546875 20.728515625 16.582813262939453125 12.43711090087890625 8.2914075851440429688 4.1457037925720214844 1.8852478172320941141e-12 0 0 1.8852478172320941141e-12 4.1457037925720214844 8.2914075851440429688 12.43711090087890625 16.582813262939453125 20.728515625 24.874217987060546875 27.82987213134765625 28.13629150390625 29.03615570068359375 30.476940155029296875 32.38653564453125
112.00928497314453125 107.86806488037109375 103.727142333984375 99.5865478515625 95.44632720947265625 91.30652618408203125 87.167205810546875 83.02845001220703125 78.8903350830078125 74.7529754638671875 70.6165008544921875 66.4810791015625 62.34691619873046875 58.214282989501953125 54.08353424072265625 49.95513153076171875 45.8297119140625 41.708164215087890625 37.59175872802734375 33.482395172119140625 29.383026123046875 25.298513412475585938 21.237430572509765625 17.216365814208984375 13.2717437744140625 9.4992780685424804688 6.2204923629760742188 4.1441898345947265625 1.8845593488525658188e-12 0 1.8845593488525658188e-12 4.1441898345947265625 8.288379669189453125 12.432569503784179688 16.57675933837890625 20.720947265625 23.191560745239257813 23.191560745239257813 23.558254241943359375 24.625593185424804688 26.308441162109375 28.49796295166015625
112.27663421630859375 108.14719390869140625 104.0189208984375 99.8919677734375 95.76648712158203125 91.64269256591796875 87.52082061767578125 83.40116119384765625 79.2840423583984375 75.1699066162109375 71.0592498779296875 66.952728271484375 62.851146697998046875 58.755542755126953125 54.667255401611328125 50.58806610107421875 46.520366668701171875 42.4674530029296875 38.43401336669921875 34.42688751220703125 30.4564666748046875 26.539226531982421875 22.702714920043945313 18.99591064453125 15.512075424194335938 12.428021430969238281 8.2853479385375976563 4.1426739692687988281 1.8838700131112995351e-12 0 1.8838700131112995351e-12 4.1426739692687988281 8.2853479385375976563 12.428021430969238281 15.504780769348144531 18.553249359130859375 18.553249359130859375 18.553249359130859375 19.00946044921875 20.316722869873046875 22.326040267944335938 24.867809295654296875
112.7343292236328125 108.6238250732421875 104.5159149169921875 100.410919189453125 96.30921173095703125 92.2112274169921875 88.11748504638671875 84.02861785888671875 79.9453582763671875 75.868621826171875 71.7995147705078125 67.739410400390625 63.690044403076171875 59.653591156005859375 55.632869720458984375 51.631549835205078125 47.654521942138671875 43.708415985107421875 39.80243682861328125 35.949657440185546875 32.169208526611328125 28.48989105224609375 24.846929550170898438 20.705776214599609375 16.5646209716796875 12.423466682434082031 8.2823114395141601563 4.1411557197570800781 1.8831795931678607658e-12 0 1.8831795931678607658e-12 4.1411557197570800781 6.21746063232421875 9.4913349151611328125 13.258952140808105469 13.914936065673828125 13.914936065673828125 13.914936065673828125 14.517428398132324219 16.190938949584960938 18.649339675903320313 21.626596450805664063
113.38006591796875 109.295379638671875 105.21521759033203125 101.14012908935546875 97.07076263427734375 93.0078582763671875 88.9523162841796875 84.90517425537109375 80.867706298828125 76.84143829345703125 72.828216552734375 68.83032989501953125 64.85062408447265625 60.8926544189453125 56.9609527587890625 53.06136322021484375 49.201519012451171875 45.39156341552734375 41.396335601806640625 37.256702423095703125 33.11707305908203125 28.97743988037109375 24.83780670166015625 20.69817352294921875 16.55854034423828125 12.418905258178710938 8.279270172119140625 4.1396350860595703125 1.8824880890222495111e-12 0 0 1.8824880890222495111e-12 4.1396350860595703125 8.279270172119140625 9.2766246795654296875 9.2766246795654296875 9.2766246795654296875 9.2766246795654296875 10.157742500305175781 12.431879997253417969 15.497467041015625 18.974700927734375
112.2496490478515625 108.3001861572265625 104.36490631103515625 100.44548797607421875 96.54386138916015625 92.6622772216796875 88.80335235595703125 84.970184326171875 81.166412353515625 77.396392822265625 73.665283203125 69.9793243408203125 66.20972442626953125 62.071628570556640625 57.93352508544921875 53.7954254150390625 49.657318115234375 45.519214630126953125 41.381107330322265625 37.243000030517578125 33.104892730712890625 28.9667816162109375 24.828672409057617188 20.690561294555664063 16.552450180053710938 12.414337158203125 8.2762250900268554688 4.1381125450134277344 1.881795717514900268e-12 0 0 1.881795717514900268e-12 4.1381125450134277344 4.6383123397827148438 4.6383123397827148438 4.6383123397827148438 4.6383123397827148438 4.6383123397827148438 6.2154331207275390625 9.4860219955444335938 13.250393867492675781 17.187105178833007813
110.977630615234375 106.98272705078125 102.998626708984375 99.026641845703125 95.06829833984375 91.1253662109375 87.1999359130859375 83.29448699951171875 79.41196441650390625 75.555908203125 71.73058319091796875 67.94118499755859375 64.19406890869140625 60.49709320068359375 56.860050201416015625 53.295200347900390625 49.6390228271484375 45.50244140625 41.3658599853515625 37.229278564453125 33.092693328857421875 28.95610809326171875 24.819522857666015625 20.6829376220703125 16.546350479125976563 12.409763336181640625 8.2731752395629882813 4.1365880966186523438 1.8811024786458130365e-12 0 0 0 0 0 0 0 0 3.7622049572916260729e-12 4.1365880966186523438 8.2731752395629882813 12.409763336181640625 15.490134239196777344
109.88680267333984375 105.85225677490234375 101.8254547119140625 97.8073577880859375 93.7990875244140625 89.8019561767578125 85.81752777099609375 81.8476409912109375 77.89453887939453125 73.960906982421875 70.05002593994140625 66.165924072265625 62.3136138916015625 58.499378204345703125 54.73117828369140625 51.01921844482421875 47.376712799072265625 43.82099151611328125 40.374988555908203125 37.06931304931640625 33.080478668212890625 28.9454193115234375 24.810361862182617188 20.675302505493164063 16.540243148803710938 12.405181884765625 8.2701215744018554688 4.1350607872009277344 2.8202642044644621322e-12 4.2739714705491829131e-25 0 0 0 0 0 0 0 3.7608158774682376446e-12 4.1350607872009277344 6.2134003639221191406 9.4806947708129882813 13.241811752319335938
108.98260498046875 104.91483306884765625 100.852142333984375 96.79518890380859375 92.74471282958984375 88.7016143798828125 84.6669464111328125 80.64197540283203125 76.62822723388671875 72.6275634765625 68.64226531982421875 64.67519378662109375 60.7299041748046875 56.810939788818359375 52.9241485595703125 49.077182769775390625 45.280181884765625 41.5468597412109375 37.89603424072265625 34.3540191650390625 30.958187103271484375 27.762228012084960938 24.843404769897460938 21.185466766357421875 17.175342559814453125 13.241811752319335938 9.4806947708129882813 6.2134003639221191406 4.1335315704345703125 1.8797125314606866198e-12 0 0 0 0 0 0 0 0 3.7594250629213732395e-12 4.1335315704345703125 8.267063140869140625 12.400594711303710938
108.26971435546875 104.1756591796875 100.0845184326171875 95.996673583984375 91.912567138671875 87.83272552490234375 83.75775909423828125 79.68842315673828125 75.62563323974609375 71.57048797607421875 67.524383544921875 63.489044189453125 59.46665191650390625 55.460033416748046875 51.472869873046875 47.51006317138671875 43.57825469970703125 39.6866607666015625 35.848384857177734375 32.0825653076171875 28.418018341064453125 24.899507522583007813 21.598516464233398438 18.631025314331054688 16.181566238403320313 14.514815330505371094 12.396000862121582031 8.2640008926391601563 4.1320004463195800781 2.8181755973993860565e-12 4.2708027149005232613e-25 4.2708027149005232613e-25 4.6971918542249024853e-12 4.1320004463195800781 4.6383123397827148438 4.1320004463195800781 0 0 3.7580325136510328576e-12 4.1320004463195800781 8.2640008926391601563 12.396000862121582031
107.75193023681640625 103.63897705078125 99.52733612060546875 95.4171905517578125 91.3087310791015625 87.2021942138671875 83.09787750244140625 78.996124267578125 74.8973541259765625 70.8020782470703125 66.7109527587890625 62.62477874755859375 58.544605255126953125 54.47177886962890625 50.408077239990234375 46.355899810791015625 42.31856536865234375 38.30075836181640625 34.30934906005859375 30.354747772216796875 26.45346832275390625 22.6331024169921875 18.942670822143554688 15.475411415100097656 12.4196624755859375 10.154005050659179688 9.2766246795654296875 9.2766246795654296875 6.2103424072265625 4.1304669380187988281 1.8783188979881737524e-12 1.8783188979881737524e-12 4.1304669380187988281 6.2113633155822753906 6.2103424072265625 4.1304669380187988281 0 0 3.7566377959763475047e-12 4.1304669380187988281 8.2609338760375976563 12.391400337219238281
107.43206024169921875 103.3079376220703125 99.18415069580078125 95.06072998046875 90.93773651123046875 86.8152313232421875 82.6932830810546875 78.57198333740234375 74.45143890380859375 70.33177947998046875 66.2131805419921875 62.095844268798828125 57.98004913330078125 53.866138458251953125 49.754589080810546875 45.64603424072265625 41.541362762451171875 37.44185638427734375 33.34941864013671875 29.2670135498046875 25.199520111083984375 21.155542373657226563 17.151720046997070313 13.224576950073242188 9.4699964523315429688 6.2093205451965332031 4.6383123397827148438 4.6383123397827148438 4.1289310455322265625 1.8776204549486585904e-12 0 1.8776204549486585904e-12 4.1289310455322265625 8.257862091064453125 4.1289310455322265625 0 0 8.5352491830572282199e-25 4.6937015905912371494e-12 4.1289310455322265625 8.257862091064453125 12.386793136596679688
107.3118896484375 103.18453216552734375 99.0571746826171875 94.92981719970703125 90.80245208740234375 86.67508697509765625 82.5477142333984375 78.42034149169921875 74.29296875 70.16559600830078125 66.03821563720703125 61.91083526611328125 57.78345489501953125 53.656070709228515625 49.5286865234375 45.401302337646484375 41.273914337158203125 37.146526336669921875 33.019138336181640625 28.89174652099609375 24.764354705810546875 20.636964797973632813 16.509571075439453125 12.38217926025390625 8.2547864913940429688 4.1273932456970214844 1.8769211445474054401e-12 0 0 0 0 1.8769211445474054401e-12 4.1273932456970214844 8.2547864913940429688 4.1273932456970214844 0 0 3.7538422890948108801e-12 4.1273932456970214844 6.2093205451965332031 9.4699964523315429688 13.224576950073242188
107.39208221435546875 103.269500732421875 99.14725494384765625 95.0253753662109375 90.90392303466796875 86.782958984375 82.6625518798828125 78.54279327392578125 74.42378997802734375 70.30567169189453125 66.1886138916015625 62.072826385498046875 57.958568572998046875 53.8462066650390625 49.73619842529296875 45.629192352294921875 41.52606964111328125 37.428112030029296875 33.33722686767578125 29.256376266479492188 25.190443038940429688 21.148035049438476563 17.145793914794921875 13.220253944396972656 9.4673128128051757813 6.2082977294921875 4.1258530616760253906 1.8762207499439798042e-12 0 0 0 1.8762207499439798042e-12 4.1258530616760253906 8.2517061233520507813 4.1258530616760253906 0 0 3.7524414998879596084e-12 4.1258530616760253906 8.2517061233520507813 12.377558708190917969 15.471718788146972656
