data/water_occ.asc
ncols        384
nrows        480
xllcorner    138.000000000000
yllcorner    -29.000000000000
cellsize     0.041666666667
NODATA_value -9999
[rows 21 to 41 of 480, columns 240 to 287 of 384]
0.69565105438232421875 0.090216100215911865234 0.00068438501330092549324 0.0029526231810450553894 0.010826313868165016174 0 0 6.3598567217721458159e-18 1.3985472833155654371e-05 0.046178977936506271362 0.060222998261451721191 8.8499814410170074552e-07 0 0 0 0 0 3.2991425075786645627e-14 0.036274455487728118896 0.16589017212390899658 0.069559752941131591797 0.020004130899906158447 0.003429902251809835434 0 1.0330583231302897795e-14 0.022717192769050598145 0.050523295998573303223 4.3853906390722841024e-06 3.6146138882031664252e-06 0 0 0 0 0 0 0 0 0 0 0 2.4494299817601206115e-12 5.3863534927368164063 61.205104827880859375 93.31810760498046875 99.25270843505859375 99.21173858642578125 99.1060638427734375 99.086151123046875
0.83711588382720947266 0.35079041123390197754 4.7562722803231455293e-14 0.052295766770839691162 0.01632439345121383667 0.00019696610979735851288 0.00033073284430429339409 0 6.2058390652881822991e-14 0.13646784424781799316 0.43211141228675842285 3.1985932764655444771e-06 0 0 0 0 0 0 0 2.1586802743876314916e-16 0.0002373494062339887023 0.00015795964282006025314 2.1990392269799485803e-05 0 2.0096785021718466258e-14 0.044193297624588012695 0.70653092861175537109 0.76723504066467285156 0.0055708708241581916809 0.049959156662225723267 0.01644181273877620697 0 0 0 0 0 0 0 0 0 5.4540038545142612361e-16 0.0011993481311947107315 0.0089981677010655403137 36.1129608154296875 97.246063232421875 99.1175689697265625 99.11331939697265625 99.07642364501953125
0.83321279287338256836 0.46470105648040771484 4.2042404104001944443e-15 0.004622611217200756073 0.0024138791486620903015 0.010213121771812438965 0.012666095979511737823 2.8675216526607982814e-05 1.2451393853758871595e-15 0.0027380904648452997208 0.63767522573471069336 0.26264896988868713379 0 0 1.6670526572444564534e-18 3.6658875615103170276e-06 7.4483366915956139565e-05 0.00011351169814588502049 0 0 0 0 0 0 0 2.6110561737908988267e-13 0.57417732477188110352 0.093648299574851989746 0 0 0 0 0 0 0 0 0 0 0 3.5914018292570022923e-17 7.897576142568141222e-05 0.00034191829035989940166 1.1632477253442630172e-05 3.1831743717193603516 57.76200103759765625 98.59720611572265625 99.24768829345703125 99.24001312255859375
0.40507417917251586914 0.19120085239410400391 0.026038063690066337585 0.046144433319568634033 13.034319877624511719 18.78769683837890625 0.35039237141609191895 0 0 1.8962099685576605523e-14 0.041698098182678222656 0.7266483306884765625 0.1164763718843460083 0.0027685239911079406738 0.0037537547759711742401 0.0015199632616713643074 0.0001383432245347648859 6.5580020472449357242e-18 1.292336117445178428e-18 1.2681894745938367206e-18 3.2096837581291120731e-15 0.0035290846135467290878 0.010422546416521072388 0.00029076085775159299374 0 2.6116711874732412291e-13 0.57431256771087646484 0.66512185335159301758 2.5436227352479228152e-16 2.0521304382355165519e-15 0.0045126825571060180664 0.060171701014041900635 0.0048717162571847438812 0 0 0 0 0 2.0074984377862750411e-31 4.4145357501763286728e-19 1.1632059519154497318e-14 0.02557803131639957428 0.13082011044025421143 0.25982698798179626465 13.37670135498046875 52.44329071044921875 96.118560791015625 99.099212646484375
0.0052581978961825370789 0.0055242208763957023621 0.045286905020475387573 4.9814062118530273438 24.416744232177734375 9.7684955596923828125 0.0027157596778124570847 1.7225446329732774231e-13 1.9901335557271325472e-14 1.5757328506783331579e-15 0.0034087842795997858047 0.28999826312065124512 0.6924298405647277832 0.014324826188385486603 0.0043230531737208366394 0.0019887178204953670502 0.00030036704265512526035 0.0002307391841895878315 4.5470034820027649403e-05 4.4620450353249907494e-05 2.1890963010812473574e-15 0.0024069368373602628708 0.037934027612209320068 0.011455482803285121918 7.0358783491872332134e-19 1.1436138765575504239e-13 0.25148335099220275879 0.87761718034744262695 0.0089495768770575523376 6.4523392054663397666e-14 0.14188843965530395508 0.35691943764686584473 0.0019088175613433122635 1.9055622459402414743e-17 4.2798735252625660626e-20 0 0 0 7.0632572002821258765e-18 1.5532266843365505338e-05 1.8199909391114488244e-05 0.030936077237129211426 0.020846556872129440308 0.0065698847174644470215 0.0017478836234658956528 6.5205941200256347656 46.26279449462890625 75.20735931396484375
2.9094185829162597656 2.9969894886016845703 6.4096808433532714844 40.185832977294921875 66.72927093505859375 49.84246063232421875 12.873971939086914063 6.060665130615234375 0.70021599531173706055 0.00090062065282836556435 0.004113827832043170929 0.01140232570469379425 0.24753911793231964111 0.2249867171049118042 0.00095075333956629037857 0.0076300497166812419891 2.3053827285766601563 1.7583405971527099609 0.80304110050201416016 0.23752911388874053955 0 2.7111271533970457415e-15 0.0029809158295392990112 0.01760142110288143158 2.4755296180956065655e-05 1.3815088734992798936e-14 0.03032727167010307312 1.1709141731262207031 0.32797002792358398438 2.7878765376972147738e-13 0.60379862785339355469 0.48030102252960205078 1.6963276721071451902e-05 0.00067046011099591851234 1.5058466260597924702e-06 0 0 0 3.0056230920423880528e-16 0.00066094350768253207207 0.0011040322715416550636 0.015621975995600223541 0.0050365733914077281952 1.3802042051942363458e-17 3.0351011446327902377e-05 4.1937531932489946485e-05 0.48491367697715759277 5.9217114448547363281
57.820232391357421875 70.1945953369140625 76.75507354736328125 94.747406005859375 99.0551605224609375 97.93109893798828125 81.4945068359375 71.29566192626953125 14.540010452270507813 0.22984039783477783203 0.0016479905461892485619 0.0035865213721990585327 0.25155821442604064941 2.9095067977905273438 1.191918492317199707 2.2689008712768554688 26.96620941162109375 31.30141448974609375 14.476773262023925781 1.8800816535949707031 0 7.9647928713023920708e-19 8.7573823748243739828e-07 0.00037840617005713284016 0.0011436996283009648323 0.00083886604988947510719 0.10676246136426925659 1.1193346977233886719 0.43335223197937011719 0.14819034934043884277 1.0729166269302368164 0.12797451019287109375 0.0075831804424524307251 0.012688927352428436279 7.2742681368254125118e-05 0 0 0 1.6615305649111749512e-17 3.6537443520501255989e-05 0.00020584661979228258133 0.00034519907785579562187 1.6567710190429352224e-05 0 0 0 0 0
97.44658660888671875 99.0359954833984375 99.00374603271484375 98.97852325439453125 99.031829833984375 99.0255126953125 98.99123382568359375 96.894500732421875 68.9331817626953125 34.7010498046875 25.328874588012695313 22.67226409912109375 38.781078338623046875 65.63530731201171875 61.65676116943359375 56.686275482177734375 85.1215972900390625 50.98538970947265625 6.9477329254150390625 0.26697900891304016113 9.7816687475577035471e-13 8.646635382518474966e-13 2.4866258141117980607e-13 3.4437520380920655372e-14 0.0016592356842011213303 0.014141742140054702759 0.44619441032409667969 0.42260059714317321777 0.9737618565559387207 0.93006974458694458008 0.99876093864440917969 0.091429404914379119873 0.11049916595220565796 0.031542848795652389526 2.0935787688358686864e-05 1.418068707926580895e-18 6.0859922136044408764e-19 0 1.3952951073438947867e-19 3.0682863894071488176e-07 0.0045543476007878780365 0.0016722693108022212982 0 0 0 0 0 0
98.9925537109375 99.0186920166015625 98.50537872314453125 98.6318359375 99.0188446044921875 98.97483062744140625 99.0074462890625 99.00104522705078125 98.99842071533203125 95.26342010498046875 94.9068145751953125 93.76374053955078125 97.3845062255859375 99.030487060546875 99.03461456298828125 98.575225830078125 98.967864990234375 85.15196990966796875 44.254421234130859375 28.952222824096679688 34.416187286376953125 30.422643661499023438 8.7490367889404296875 1.185114741325378418 14.494860649108886719 33.33979034423828125 35.6102447509765625 23.168146133422851563 5.94324493408203125 0.2583618462085723877 0.82061797380447387695 0.26224532723426818848 0.051141619682312011719 0.0018413776997476816177 8.1293561379425227642e-05 4.9893857067218050361e-05 2.1413181457319296896e-05 0 1.1387697290135209705e-15 0.0025041811168193817139 0.023241285234689712524 0.0016450554830953478813 0 0 0 0 0 0
99.03301239013671875 99.029876708984375 99.031341552734375 98.96942138671875 98.9527587890625 98.94306182861328125 98.8910369873046875 98.815582275390625 98.8388671875 98.9910430908203125 99.054168701171875 99.02892303466796875 99.04210662841796875 99.02783203125 99.02999114990234375 99.01496124267578125 99.01116180419921875 98.89989471435546875 97.64028167724609375 95.78723907470703125 97.6488037109375 96.294464111328125 69.58434295654296875 45.701457977294921875 85.455413818359375 97.40680694580078125 98.00019073486328125 93.5481719970703125 70.59777069091796875 39.326656341552734375 12.709501266479492188 2.8099243640899658203 14.99437713623046875 8.60605621337890625 0.32984727621078491211 6.7970824602525681257e-05 6.1061335145495831966e-05 4.2973522011930179176e-14 6.2792266774646526839e-14 0.02605341002345085144 0.035969194024801254272 8.1340987276908721659e-14 1.2275985824118477996e-14 8.4730339654051396569e-21 4.1663009809241818058e-20 0 2.6368847969382914388e-32 5.7985709906788160817e-20
99.01522064208984375 99.00882720947265625 98.99033355712890625 98.98465728759765625 98.95050811767578125 98.966094970703125 98.94603729248046875 98.88092803955078125 98.919677734375 98.99376678466796875 98.95761871337890625 98.86592864990234375 99.01673126220703125 98.9885711669921875 98.9791259765625 99.0011138916015625 99.000518798828125 98.99140167236328125 98.9697265625 98.9103240966796875 98.85065460205078125 98.7676544189453125 98.3848419189453125 97.21142578125 99.17600250244140625 99.27796173095703125 99.18651580810546875 99.17028045654296875 99.14038848876953125 97.38600921630859375 83.5706634521484375 65.210479736328125 82.82587432861328125 70.867218017578125 22.252859115600585938 8.161556243896484375 1.0341279506683349609 1.5119963884353637695 1.7924518585205078125 3.3046505451202392578 4.0610136985778808594 2.8619315624237060547 0.43192285299301147461 2.9811874924234871287e-07 1.4658868394690216519e-06 5.4964345141690873183e-17 1.8589715874514065841e-18 2.0401907931955065578e-06
-9999 -9999 99.02245330810546875 99.01782989501953125 -9999 -9999 -9999 -9999 99.0377655029296875 98.9452362060546875 99.048095703125 99.04813385009765625 99.03052520751953125 -9999 -9999 99.00606536865234375 98.9243316650390625 98.837677001953125 98.82833099365234375 98.77262115478515625 98.95587158203125 99.18087005615234375 99.3014984130859375 99.19068145751953125 99.18963623046875 99.29553985595703125 99.16616058349609375 99.0939178466796875 99.1480865478515625 99.17121124267578125 99.231292724609375 98.70276641845703125 97.5402984619140625 97.937408447265625 75.63008880615234375 65.5376739501953125 45.257366180419921875 59.387470245361328125 64.67057037353515625 71.36020660400390625 73.88488006591796875 69.79447174072265625 43.77590179443359375 13.24298858642578125 0.59443765878677368164 0.0019338859710842370987 3.276369534432888031e-05 5.1100822020089253783e-05
-9999 -9999 -9999 -9999 -9999 -9999 -9999 -9999 -9999 -9999 -9999 -9999 -9999 -9999 -9999 -9999 -9999 99.60504150390625 98.9796905517578125 98.97652435302734375 98.9983367919921875 99.17607879638671875 99.3585357666015625 99.319427490234375 99.26634979248046875 99.15836334228515625 99.11959075927734375 99.08074951171875 99.0464630126953125 99.10791778564453125 99.1209259033203125 99.107513427734375 95.05914306640625 98.85712432861328125 97.7399444580078125 96.43146514892578125 96.22138214111328125 98.69820404052734375 98.94384765625 99.11893463134765625 99.14041900634765625 99.103851318359375 97.6652069091796875 82.2572479248046875 39.069705963134765625 4.0341334342956542969 0.65434223413467407227 0.51029694080352783203
-9999 -9999 -9999 -9999 -9999 -9999 -9999 -9999 -9999 -9999 -9999 -9999 -9999 -9999 -9999 -9999 -9999 -9999 -9999 -9999 -9999 -9999 99.32897186279296875 99.31533050537109375 -9999 -9999 -9999 -9999 -9999 99.03179168701171875 98.96154022216796875 98.990142822265625 98.9315338134765625 98.996368408203125 98.99022674560546875 99.04729461669921875 99.02020263671875 99.0407257080078125 99.06231689453125 99.04122161865234375 99.06900787353515625 99.0583343505859375 99.0441741943359375 99.1490020751953125 94.358551025390625 34.7921600341796875 31.432329177856445313 43.698699951171875
-9999 -9999 -9999 -9999 -9999 -9999 -9999 -9999 -9999 -9999 -9999 -9999 -9999 -9999 -9999 -9999 -9999 -9999 -9999 -9999 -9999 -9999 -9999 -9999 -9999 -9999 -9999 -9999 -9999 99.135101318359375 99.05799102783203125 99.01186370849609375 98.95670318603515625 98.994873046875 98.996978759765625 99.00970458984375 99.04950714111328125 99.11914825439453125 99.07813262939453125 99.0087890625 99.05243682861328125 98.988037109375 98.90552520751953125 89.78769683837890625 72.71270751953125 73.47869873046875 72.8363800048828125 97.648651123046875
-9999 -9999 -9999 -9999 -9999 -9999 -9999 -9999 -9999 -9999 -9999 -9999 -9999 -9999 -9999 -9999 -9999 -9999 -9999 -9999 -9999 -9999 -9999 -9999 -9999 -9999 -9999 -9999 -9999 -9999 99.043975830078125 99.02191925048828125 98.9968414306640625 98.9995574951171875 98.9964599609375 98.98021697998046875 99.03704833984375 99.050201416015625 99.0304412841796875 99.003021240234375 99.00865936279296875 98.93315887451171875 98.89900970458984375 91.45192718505859375 67.54375457763671875 50.7391510009765625 39.0297698974609375 47.48805999755859375
-9999 -9999 -9999 -9999 -9999 -9999 -9999 -9999 -9999 -9999 -9999 -9999 -9999 -9999 -9999 -9999 -9999 -9999 -9999 -9999 -9999 -9999 -9999 -9999 -9999 -9999 -9999 -9999 -9999 -9999 -9999 -9999 99.00234222412109375 99.2130126953125 -9999 -9999 -9999 99.06103515625 99.17279815673828125 99.36759185791015625 99.01192474365234375 99.02689361572265625 98.98159027099609375 98.99060821533203125 88.680908203125 64.426177978515625 47.19069671630859375 18.358165740966796875
-9999 -9999 -9999 -9999 -9999 -9999 -9999 -9999 -9999 -9999 -9999 -9999 -9999 -9999 -9999 -9999 -9999 -9999 -9999 -9999 -9999 -9999 -9999 -9999 -9999 -9999 -9999 -9999 -9999 -9999 -9999 -9999 -9999 -9999 -9999 -9999 -9999 -9999 -9999 -9999 99.3597869873046875 98.92900848388671875 98.86040496826171875 98.92424774169921875 98.892486572265625 98.485687255859375 94.7022705078125 77.41567230224609375
-9999 -9999 -9999 -9999 -9999 -9999 -9999 -9999 -9999 -9999 -9999 -9999 -9999 -9999 -9999 -9999 -9999 -9999 -9999 -9999 -9999 -9999 -9999 -9999 -9999 -9999 -9999 -9999 -9999 -9999 -9999 -9999 -9999 -9999 -9999 -9999 -9999 -9999 -9999 -9999 -9999 99.13134002685546875 98.8311767578125 98.83710479736328125 98.95079803466796875 98.9608001708984375 98.92201995849609375 98.933013916015625
-9999 -9999 -9999 -9999 -9999 -9999 -9999 -9999 -9999 -9999 -9999 -9999 -9999 -9999 -9999 -9999 -9999 -9999 -9999 -9999 -9999 -9999 -9999 -9999 -9999 -9999 -9999 -9999 -9999 -9999 -9999 -9999 -9999 -9999 -9999 -9999 -9999 -9999 -9999 -9999 -9999 -9999 99.80115509033203125 98.91594696044921875 98.97747039794921875 99.01943206787109375 98.933746337890625 98.8303985595703125
-9999 -9999 -9999 -9999 -9999 -9999 -9999 -9999 -9999 -9999 -9999 -9999 -9999 -9999 -9999 -9999 -9999 -9999 -9999 -9999 -9999 -9999 -9999 -9999 -9999 -9999 -9999 -9999 -9999 -9999 -9999 -9999 -9999 -9999 -9999 -9999 -9999 -9999 -9999 -9999 -9999 -9999 -9999 -9999 99.256622314453125 98.97245025634765625 98.95305633544921875 98.7044219970703125
