data/water_occ_97.asc
ncols        384
nrows        480
xllcorner    138.000000000000
yllcorner    -29.000000000000
cellsize     0.041666666667
NODATA_value -9999
[rows 285 to 303 of 480, columns 168 to 209 of 384]
257.4390869140625 254.80560302734375 252.219970703125 249.6836395263671875 247.1981658935546875 244.76507568359375 242.385955810546875 240.062408447265625 237.796051025390625 235.58856201171875 233.44158935546875 231.3568267822265625 229.3359527587890625 227.26898193359375 225.21197509765625 223.20263671875 221.1083526611328125 219.08074951171875 217.121673583984375 215.233001708984375 213.4166107177734375 211.6743621826171875 210.0081024169921875 208.4196319580078125 206.8637237548828125 204.9741668701171875 203.1604766845703125 200.93939208984375 198.7089996337890625 196.5498199462890625 193.574737548828125 190.37164306640625 187.214813232421875 184.0143585205078125 180.8520355224609375 177.658905029296875 174.490631103515625 171.3741455078125 168.31231689453125 165.3081817626953125 162.36492919921875 159.4859466552734375
261.11871337890625 258.523406982421875 255.97601318359375 253.47796630859375 251.0307159423828125 248.6357879638671875 246.2946929931640625 244.0089874267578125 241.7802276611328125 239.6100311279296875 237.4999847412109375 235.45172119140625 233.4270172119140625 231.343231201171875 229.323333740234375 227.255126953125 225.1990966796875 223.2091827392578125 221.2871856689453125 219.43487548828125 217.6540374755859375 215.946441650390625 214.3138427734375 212.7579498291015625 211.028350830078125 209.1769256591796875 207.1624298095703125 204.9078369140625 202.721710205078125 199.8978729248046875 196.7024383544921875 193.546051025390625 190.3442230224609375 187.1886444091796875 183.9877166748046875 180.8266448974609375 177.7157135009765625 174.657623291015625 171.65521240234375 168.7114105224609375 165.829376220703125 163.012359619140625
264.828399658203125 262.270538330078125 259.76055908203125 257.2999267578125 254.8900299072265625 252.5323333740234375 250.22833251953125 247.9794921875 245.787353515625 243.6534271240234375 241.5792694091796875 239.5664215087890625 237.48565673828125 235.4383544921875 233.4124298095703125 231.329620361328125 229.3106689453125 227.3572845458984375 225.471160888671875 223.65399169921875 221.907501220703125 220.23333740234375 218.6331787109375 217.09918212890625 215.21234130859375 213.392425537109375 211.1151885986328125 208.90386962890625 206.2214508056640625 203.03326416015625 199.8683624267578125 196.6741943359375 193.5173187255859375 190.316741943359375 187.1624298095703125 184.056732177734375 181.0021820068359375 178.00140380859375 175.0571441650390625 172.172332763671875 169.3499755859375 166.5932769775390625
268.56695556640625 266.04571533203125 263.5723876953125 261.1483154296875 258.77490234375 256.453582763671875 254.18572998046875 251.972808837890625 249.8162994384765625 247.7176513671875 245.6783599853515625 243.6383514404296875 241.5651702880859375 239.5532684326171875 237.4713134765625 235.4249725341796875 233.441986083984375 231.5239715576171875 229.672576904296875 227.889404296875 226.1760711669921875 224.5341949462890625 222.96533203125 221.265106201171875 219.4145965576171875 217.33026123046875 215.0953216552734375 212.5453643798828125 209.3640289306640625 206.1911163330078125 203.004180908203125 199.83880615234375 196.6458892822265625 193.4979400634765625 190.397186279296875 187.345977783203125 184.3467559814453125 181.402130126953125 178.5147705078125 175.6875152587890625 172.923309326171875 170.2252349853515625
272.33319091796875 269.847808837890625 267.410308837890625 265.022003173828125 262.684234619140625 260.39837646484375 258.165771484375 255.9878692626953125 253.8660430908203125 251.801727294921875 249.79632568359375 247.70281982421875 245.66448974609375 243.6232452392578125 241.5510406494140625 239.54010009765625 237.5919952392578125 235.708282470703125 233.8904876708984375 232.14019775390625 230.4589385986328125 228.848236083984375 227.3095703125 225.449462890625 223.552337646484375 221.29522705078125 218.8694915771484375 215.694671630859375 212.514190673828125 209.3341217041015625 206.1607208251953125 202.9750518798828125 199.8331298828125 196.7370452880859375 193.688995361328125 190.6912994384765625 187.746337890625 184.856658935546875 182.02490234375 179.2537841796875 176.546173095703125 173.9050445556640625
276.12591552734375 273.6756591796875 271.273223876953125 268.91986083984375 266.616912841796875 264.36566162109375 262.16748046875 260.023651123046875 257.93560791015625 255.9046630859375 253.8504638671875 251.787109375 249.7826690673828125 247.687957763671875 245.6505889892578125 243.6740264892578125 241.759765625 239.909271240234375 238.1240386962890625 236.40557861328125 234.75531005859375 233.174713134765625 231.5008697509765625 229.6512603759765625 227.5028228759765625 225.193756103515625 222.025115966796875 218.837493896484375 215.6639251708984375 212.48297119140625 209.3041534423828125 206.167938232421875 203.0762786865234375 200.0312347412109375 197.0349884033203125 194.08978271484375 191.1979827880859375 188.362060546875 185.5845489501953125 182.8681488037109375 180.215576171875 177.629730224609375
279.944122314453125 277.528228759765625 275.160064697265625 272.84088134765625 270.571929931640625 268.354461669921875 266.1898193359375 264.0792236328125 262.0240478515625 260.00732421875 257.920257568359375 255.8902740478515625 253.8348541259765625 251.7724761962890625 249.76898193359375 247.8258056640625 245.944366455078125 244.1260833740234375 242.372406005859375 240.684722900390625 239.064453125 237.5129547119140625 235.6855621337890625 233.7174072265625 231.47882080078125 228.3553314208984375 225.160919189453125 221.9935455322265625 218.8054351806640625 215.6331329345703125 212.5023193359375 209.41485595703125 206.3726959228515625 203.3778533935546875 200.4324493408203125 197.5387115478515625 194.6989288330078125 191.9155120849609375 189.190948486328125 186.527801513671875 183.928741455078125 181.39654541015625
283.7867431640625 281.404510498046875 279.06988525390625 276.7840576171875 274.548309326171875 272.36383056640625 270.23187255859375 268.1536865234375 266.130523681640625 264.063140869140625 262.008941650390625 259.990966796875 257.904876708984375 255.8758544921875 253.9052886962890625 251.994537353515625 250.14495849609375 248.3579254150390625 246.6348114013671875 244.976959228515625 243.38568115234375 241.735626220703125 239.886932373046875 237.679351806640625 234.6837310791015625 231.4843902587890625 228.3229217529296875 225.128021240234375 221.9619140625 218.8362579345703125 215.7527923583984375 212.713348388671875 209.7198638916015625 206.774322509765625 203.878814697265625 201.0354766845703125 198.2465667724609375 195.5144195556640625 192.8414459228515625 190.230133056640625 187.683074951171875 185.2028961181640625
287.652801513671875 285.303497314453125 283.001678466796875 280.748504638671875 278.545166015625 276.392852783203125 274.29278564453125 272.246185302734375 270.21502685546875 268.1378173828125 266.115631103515625 264.0469970703125 261.9937744140625 259.997222900390625 258.05865478515625 256.179412841796875 254.360748291015625 252.604034423828125 250.910552978515625 249.2815704345703125 247.7183837890625 245.920623779296875 243.886871337890625 241.0006866455078125 237.8078460693359375 234.6487274169921875 231.4506683349609375 228.2904510498046875 225.1696929931640625 222.09002685546875 219.05322265625 216.0610504150390625 213.11541748046875 210.21826171875 207.3716278076171875 204.5776214599609375 201.8384246826171875 199.15631103515625 196.533599853515625 193.97271728515625 191.47613525390625 189.0464019775390625
291.5413818359375 289.22430419921875 286.954559326171875 284.7332763671875 282.561614990234375 280.440704345703125 278.37176513671875 276.35589599609375 274.27618408203125 272.23052978515625 270.198150634765625 268.121917724609375 266.1007080078125 264.1357421875 262.228271484375 260.379638671875 258.59100341796875 256.86370849609375 255.198944091796875 253.5979461669921875 251.9693603515625 250.100799560546875 247.3178558349609375 244.1312103271484375 240.9648590087890625 237.773284912109375 234.6186981201171875 231.502593994140625 228.42657470703125 225.39227294921875 222.4013824462890625 219.4557037353515625 216.5570526123046875 213.7073516845703125 210.908599853515625 208.162841796875 205.472198486328125 202.8388671875 200.265106201171875 197.7532501220703125 195.3056793212890625 192.9248504638671875
295.45159912109375 293.166046142578125 290.927642822265625 288.737548828125 286.596832275390625 284.506591796875 282.46795654296875 280.42333984375 278.355377197265625 276.340484619140625 274.259521484375 272.21484375 270.22479248046875 268.290557861328125 266.41339111328125 264.594482421875 262.83502197265625 261.136260986328125 259.499359130859375 257.925506591796875 256.154632568359375 253.6351318359375 250.4544219970703125 247.2811737060546875 244.0958099365234375 240.94659423828125 237.8349609375 234.762420654296875 231.73052978515625 228.7408905029296875 225.7951812744140625 222.8951568603515625 220.0426177978515625 217.2394256591796875 214.4875335693359375 211.7889251708984375 209.1456756591796875 206.559906005859375 204.0337982177734375 201.5695953369140625 199.1696014404296875 196.8361663818359375
299.382568359375 297.12786865234375 294.920166015625 292.760528564453125 290.6500244140625 288.5897216796875 286.578704833984375 284.48944091796875 282.451812744140625 280.40594482421875 278.338958740234375 276.32501220703125 274.365325927734375 272.46099853515625 270.61328125 268.823272705078125 267.0921630859375 265.421112060546875 263.81121826171875 262.20208740234375 259.952484130859375 256.777435302734375 253.597625732421875 250.418182373046875 247.27410888671875 244.166748046875 241.0975494384765625 238.067962646484375 235.07952880859375 232.13385009765625 229.2325592041015625 226.37738037109375 223.5700531005859375 220.8124237060546875 218.1063690185546875 215.4538421630859375 212.8568267822265625 210.3173980712890625 207.8376617431640625 205.419769287109375 203.065948486328125 200.7784271240234375
303.333526611328125 301.109039306640625 298.93133544921875 296.80145263671875 294.720458984375 292.689361572265625 290.63214111328125 288.57281494140625 286.560546875 284.4722900390625 282.43560791015625 280.45166015625 278.521514892578125 276.646331787109375 274.827239990234375 273.065338134765625 271.361785888671875 269.717620849609375 268.13397216796875 266.269775390625 263.100189208984375 259.91412353515625 256.7403564453125 253.6011962890625 250.4979400634765625 247.4319305419921875 244.4045867919921875 241.4173431396484375 238.471710205078125 235.5692596435546875 232.71160888671875 229.900421142578125 227.137420654296875 224.4243927001953125 221.763153076171875 219.1556243896484375 216.6037139892578125 214.1094207763671875 211.6747894287109375 209.3018951416015625 206.9928741455078125 204.7498626708984375
307.303680419921875 305.108734130859375 302.96038818359375 300.859619140625 298.80743408203125 296.782806396484375 294.702789306640625 292.67266845703125 290.61419677734375 288.555877685546875 286.54876708984375 284.594024658203125 282.69268798828125 280.84588623046875 279.054656982421875 277.320098876953125 275.643310546875 274.0252685546875 272.43377685546875 269.42266845703125 266.2305908203125 263.062255859375 259.927825927734375 256.828521728515625 253.7655792236328125 250.740386962890625 247.754302978515625 244.8087615966796875 241.905242919921875 239.0452880859375 236.2304840087890625 233.462432861328125 230.74285888671875 228.0734710693359375 225.4560546875 222.8924407958984375 220.3845062255859375 217.934173583984375 215.543426513671875 213.2142333984375 210.94866943359375 208.748779296875
311.29229736328125 309.126251220703125 307.006622314453125 304.934295654296875 302.9102783203125 300.8411865234375 298.790008544921875 296.764129638671875 294.68511962890625 292.655975341796875 290.677734375 288.75146484375 286.87823486328125 285.05902099609375 283.294921875 281.58697509765625 279.936187744140625 278.34356689453125 275.7420654296875 272.546966552734375 269.383880615234375 266.253997802734375 263.158447265625 260.098480224609375 257.075347900390625 254.0904083251953125 251.1449737548828125 248.2404937744140625 245.378387451171875 242.5601806640625 239.78741455078125 237.061676025390625 234.384613037109375 231.757904052734375 229.18328857421875 226.6625518798828125 224.197479248046875 221.7899627685546875 219.4418792724609375 217.1551513671875 214.9317474365234375 212.7736663818359375
315.29864501953125 313.16094970703125 311.069366455078125 309.024871826171875 306.9874267578125 304.916107177734375 302.89306640625 300.82275390625 298.772552490234375 296.77191162109375 294.82183837890625 292.92333984375 291.07745361328125 289.285186767578125 287.5474853515625 285.86541748046875 284.239898681640625 282.05267333984375 278.86322021484375 275.705169677734375 272.579620361328125 269.48773193359375 266.43060302734375 263.40948486328125 260.4256591796875 257.480377197265625 254.5749969482421875 251.7108917236328125 248.889495849609375 246.112274169921875 243.3807525634765625 240.6964569091796875 238.061004638671875 235.476043701171875 232.9432373046875 230.464324951171875 228.041046142578125 225.6751861572265625 223.36859130859375 221.1231231689453125 218.9406280517578125 216.823028564453125
319.322113037109375 317.21209716796875 315.147979736328125 313.13067626953125 311.0504150390625 309.00689697265625 306.968231201171875 304.89788818359375 302.8758544921875 300.90301513671875 298.980438232421875 297.109039306640625 295.289825439453125 293.523773193359375 291.811798095703125 290.1549072265625 288.36328125 285.179290771484375 282.026092529296875 278.904754638671875 275.816314697265625 272.761962890625 269.7427978515625 266.760040283203125 263.81494140625 260.90875244140625 258.04278564453125 255.2183837890625 252.436981201171875 249.699981689453125 247.0088958740234375 244.365203857421875 241.770477294921875 239.226318359375 236.734344482421875 234.2962188720703125 231.9136505126953125 229.5883636474609375 227.3221282958984375 225.11669921875 222.973907470703125 220.89556884765625
323.362060546875 321.279144287109375 319.24188232421875 317.192413330078125 315.1292724609375 313.112945556640625 311.031463623046875 308.988922119140625 306.994354248046875 305.048736572265625 303.1529541015625 301.3079833984375 299.5147705078125 297.774261474609375 296.08734130859375 294.4549560546875 291.4951171875 288.346588134765625 285.229278564453125 282.144256591796875 279.092559814453125 276.075286865234375 273.093597412109375 270.148681640625 267.241729736328125 264.3740234375 261.54681396484375 258.761444091796875 256.019317626953125 253.3217926025390625 250.6703338623046875 248.06640625 245.5115203857421875 243.007232666015625 240.55511474609375 238.1567840576171875 235.8138885498046875 233.5280914306640625 231.3010711669921875 229.1345672607421875 227.0302886962890625 224.989990234375
327.417816162109375 325.3614501953125 323.341583251953125 321.259674072265625 319.223419189453125 317.172698974609375 315.11053466796875 313.095184326171875 311.12750244140625 309.208404541015625 307.33880615234375 305.5196533203125 303.751800537109375 302.036163330078125 300.373626708984375 297.810699462890625 294.666656494140625 291.553253173828125 288.471466064453125 285.422332763671875 282.40692138671875 279.426300048828125 276.4815673828125 273.573944091796875 270.70458984375 267.874755859375 265.085662841796875 262.33868408203125 259.63507080078125 256.97625732421875 254.3636322021484375 251.7986297607421875 249.2826995849609375 246.8173828125 244.4041748046875 242.0446624755859375 239.7404022216796875 237.4930267333984375 235.304168701171875 233.175445556640625 231.108551025390625 229.1051483154296875
