data/water_occ_92.asc
ncols        384
nrows        480
xllcorner    138.000000000000
yllcorner    -29.000000000000
cellsize     0.041666666667
NODATA_value -9999
[rows 456 to 474 of 480, columns 42 to 83 of 384]
1150.6888427734375 1150.5860595703125 1150.4990234375 1150.427978515625 1150.37255859375 1150.3330078125 1150.309326171875 1150.3013916015625 1150.3013916015625 1150.309326171875 1147.3861083984375 1143.908447265625 1140.435546875 1136.9674072265625 1133.5042724609375 1130.0460205078125 1126.5927734375 1123.1444091796875 1119.7012939453125 1116.26318359375 1112.830322265625 1109.402587890625 1105.9801025390625 1102.56298828125 1099.1512451171875 1095.744873046875 1092.343994140625 1088.9486083984375 1085.5587158203125 1082.1744384765625 1078.7958984375 1075.423095703125 1072.0560302734375 1068.69482421875 1065.3394775390625 1061.9901123046875 1058.646728515625 1055.309326171875 1051.9781494140625 1048.653076171875 1045.3343505859375 1042.021728515625
1155.325439453125 1155.22314453125 1155.136474609375 1155.065673828125 1155.0106201171875 1154.97119140625 1154.9476318359375 1154.939697265625 1154.939697265625 1153.310546875 1149.8367919921875 1146.3677978515625 1142.903564453125 1139.4443359375 1135.989990234375 1132.54052734375 1129.09619140625 1125.6568603515625 1122.2225341796875 1118.7935791015625 1115.36962890625 1111.9510498046875 1108.5377197265625 1105.129638671875 1101.72705078125 1098.3299560546875 1094.9383544921875 1091.55224609375 1088.1717529296875 1084.796875 1081.427734375 1078.064453125 1074.706787109375 1071.3551025390625 1068.0093994140625 1064.669677734375 1061.3359375 1058.00830078125 1054.686767578125 1051.3714599609375 1048.0625 1044.7598876953125
1159.9620361328125 1159.8602294921875 1159.7740478515625 1159.7034912109375 1159.6485595703125 1159.609375 1159.5858154296875 1159.5780029296875 1159.2357177734375 1155.765869140625 1152.30078125 1148.8404541015625 1145.385009765625 1141.9345703125 1138.489013671875 1135.0484619140625 1131.6129150390625 1128.1824951171875 1124.7572021484375 1121.337158203125 1117.92236328125 1114.5128173828125 1111.1085205078125 1107.709716796875 1104.3162841796875 1100.928466796875 1097.5460205078125 1094.169189453125 1090.798095703125 1087.4326171875 1084.0728759765625 1080.718994140625 1077.3709716796875 1074.02880859375 1070.692626953125 1067.3624267578125 1064.038330078125 1060.720458984375 1057.40869140625 1054.1031494140625 1050.803955078125 1047.5111083984375
1164.5987548828125 1164.497314453125 1164.4114990234375 1164.3411865234375 1164.28662109375 1164.24755859375 1164.22412109375 1164.21630859375 1161.6956787109375 1158.234375 1154.7779541015625 1151.326416015625 1147.879638671875 1144.43798828125 1141.001220703125 1137.569580078125 1134.1429443359375 1130.721435546875 1127.30517578125 1123.89404296875 1120.48828125 1117.0877685546875 1113.692626953125 1110.302978515625 1106.9188232421875 1103.5400390625 1100.1669921875 1096.7994384765625 1093.4376220703125 1090.08154296875 1086.7313232421875 1083.3868408203125 1080.0482177734375 1076.7156982421875 1073.3890380859375 1070.0684814453125 1066.7540283203125 1063.44580078125 1060.1436767578125 1056.8480224609375 1053.55859375 1050.275634765625
1169.2353515625 1169.1343994140625 1169.0489501953125 1168.97900390625 1168.924560546875 1168.8857421875 1168.8624267578125 1167.6260986328125 1164.168701171875 1160.716064453125 1157.268310546875 1153.825439453125 1150.387451171875 1146.95458984375 1143.526611328125 1140.103759765625 1136.68603515625 1133.2735595703125 1129.8662109375 1126.464111328125 1123.0673828125 1119.6759033203125 1116.2899169921875 1112.909423828125 1109.534423828125 1106.1649169921875 1102.801025390625 1099.44287109375 1096.0904541015625 1092.74365234375 1089.40283203125 1086.0677490234375 1082.73876953125 1079.4156494140625 1076.0985107421875 1072.78759765625 1069.4827880859375 1066.1842041015625 1062.891845703125 1059.6058349609375 1056.3262939453125 1053.0531005859375
1173.8720703125 1173.771484375 1173.6864013671875 1173.6168212890625 1173.5626220703125 1173.52392578125 1173.500732421875 1170.1036376953125 1166.65478515625 1163.2108154296875 1159.771728515625 1156.3375244140625 1152.9083251953125 1149.4842529296875 1146.0650634765625 1142.651123046875 1139.2423095703125 1135.8387451171875 1132.4403076171875 1129.0472412109375 1125.6595458984375 1122.2772216796875 1118.9002685546875 1115.5289306640625 1112.1630859375 1108.8028564453125 1105.4482421875 1102.099365234375 1098.7562255859375 1095.4188232421875 1092.08740234375 1088.7618408203125 1085.442138671875 1082.128662109375 1078.8211669921875 1075.519775390625 1072.224609375 1068.9356689453125 1065.653076171875 1062.376708984375 1059.10693359375 1055.8436279296875
1178.5087890625 1178.4085693359375 1178.3238525390625 1178.2545166015625 1178.2005615234375 1178.162109375 1176.0390625 1172.593994140625 1169.15380859375 1165.718505859375 1162.2880859375 1158.8626708984375 1155.4422607421875 1152.02685546875 1148.6165771484375 1145.21142578125 1141.8115234375 1138.4168701171875 1135.0274658203125 1131.643310546875 1128.2646484375 1124.891357421875 1121.523681640625 1118.161376953125 1114.8046875 1111.4537353515625 1108.1083984375 1104.7686767578125 1101.4349365234375 1098.10693359375 1094.784912109375 1091.46875 1088.1585693359375 1084.8544921875 1081.5565185546875 1078.2647705078125 1074.979248046875 1071.699951171875 1068.427001953125 1065.1605224609375 1061.9005126953125 1058.64697265625
1183.1455078125 1183.0457763671875 1182.96142578125 1182.892333984375 1182.838623046875 1181.97509765625 1178.5338134765625 1175.097412109375 1171.665771484375 1168.2391357421875 1164.8173828125 1161.400634765625 1157.989013671875 1154.5823974609375 1151.180908203125 1147.78466796875 1144.3936767578125 1141.0078125 1137.62744140625 1134.2523193359375 1130.8826904296875 1127.5184326171875 1124.1597900390625 1120.8067626953125 1117.459228515625 1114.117431640625 1110.7813720703125 1107.4510498046875 1104.12646484375 1100.807861328125 1097.4952392578125 1094.1884765625 1090.8878173828125 1087.59326171875 1084.3048095703125 1081.0225830078125 1077.7467041015625 1074.47705078125 1071.2138671875 1067.95703125 1064.706787109375 1061.4630126953125
1187.7822265625 1187.682861328125 1187.598876953125 1187.5301513671875 1187.4766845703125 1184.47412109375 1181.0413818359375 1177.613525390625 1174.1905517578125 1170.7724609375 1167.3594970703125 1163.951416015625 1160.5484619140625 1157.1507568359375 1153.758056640625 1150.3707275390625 1146.988525390625 1143.6116943359375 1140.240234375 1136.8741455078125 1133.5135498046875 1130.1583251953125 1126.808837890625 1123.46484375 1120.1265869140625 1116.7939453125 1113.467041015625 1110.14599609375 1106.830810546875 1103.5216064453125 1100.21826171875 1096.9210205078125 1093.6297607421875 1090.3447265625 1087.0657958984375 1083.793212890625 1080.52685546875 1077.266845703125 1074.0133056640625 1070.7662353515625 1067.525634765625 1064.291748046875
1192.4189453125 1192.320068359375 1192.236328125 1192.16796875 1190.4149169921875 1186.98583984375 1183.5616455078125 1180.142333984375 1176.72802734375 1173.318603515625 1169.914306640625 1166.5150146484375 1163.120849609375 1159.7318115234375 1156.3480224609375 1152.9693603515625 1149.59619140625 1146.228271484375 1142.86572265625 1139.5086669921875 1136.156982421875 1132.8109130859375 1129.470458984375 1126.1356201171875 1122.8065185546875 1119.483154296875 1116.16552734375 1112.853759765625 1109.5478515625 1106.2479248046875 1102.9539794921875 1099.6661376953125 1096.3843994140625 1093.1087646484375 1089.8394775390625 1086.576416015625 1083.319580078125 1080.0692138671875 1076.8253173828125 1073.5880126953125 1070.357177734375 1067.1329345703125
1197.0556640625 1196.9571533203125 1196.8739013671875 1196.3560791015625 1192.9307861328125 1189.51025390625 1186.0946044921875 1182.683837890625 1179.278076171875 1175.8773193359375 1172.481689453125 1169.091064453125 1165.7056884765625 1162.325439453125 1158.950439453125 1155.580810546875 1152.2164306640625 1148.857421875 1145.5037841796875 1142.15576171875 1138.813232421875 1135.4761962890625 1132.144775390625 1128.819091796875 1125.4991455078125 1122.1849365234375 1118.8765869140625 1115.5740966796875 1112.2774658203125 1108.9869384765625 1105.7022705078125 1102.423828125 1099.151611328125 1095.885498046875 1092.6256103515625 1089.3720703125 1086.1248779296875 1082.8841552734375 1079.64990234375 1076.4222412109375 1073.2010498046875 1069.9866943359375
1201.6923828125 1201.5943603515625 1201.5113525390625 1198.8759765625 1195.4591064453125 1192.047119140625 1188.6400146484375 1185.2379150390625 1181.8408203125 1178.44873046875 1175.0616455078125 1171.6798095703125 1168.30322265625 1164.9317626953125 1161.5655517578125 1158.2047119140625 1154.8492431640625 1151.4991455078125 1148.154541015625 1144.8154296875 1141.4818115234375 1138.1539306640625 1134.8316650390625 1131.5150146484375 1128.2042236328125 1124.899169921875 1121.60009765625 1118.306884765625 1115.01953125 1111.73828125 1108.463134765625 1105.194091796875 1101.93115234375 1098.674560546875 1095.4241943359375 1092.18017578125 1088.9425048828125 1085.71142578125 1082.48681640625 1079.268798828125 1076.057373046875 1072.8526611328125
1206.3291015625 1206.2315673828125 1204.8216552734375 1201.408447265625 1198 1194.5965576171875 1191.197998046875 1187.804443359375 1184.4158935546875 1181.032470703125 1177.6541748046875 1174.281005859375 1170.9130859375 1167.5504150390625 1164.193115234375 1160.841064453125 1157.4945068359375 1154.1533203125 1150.817626953125 1147.487548828125 1144.1629638671875 1140.8441162109375 1137.5308837890625 1134.223388671875 1130.9217529296875 1127.6259765625 1124.3360595703125 1121.052001953125 1117.7740478515625 1114.5020751953125 1111.2362060546875 1107.9765625 1104.72314453125 1101.4759521484375 1098.235107421875 1095.0006103515625 1091.7725830078125 1088.551025390625 1085.3360595703125 1082.127685546875 1078.926025390625 1075.73095703125
1210.9659423828125 1210.7677001953125 1207.3580322265625 1203.953125 1200.55322265625 1197.1583251953125 1193.768310546875 1190.38330078125 1187.00341796875 1183.628662109375 1180.259033203125 1176.8946533203125 1173.535400390625 1170.1815185546875 1166.8330078125 1163.4898681640625 1160.152099609375 1156.81982421875 1153.4931640625 1150.1719970703125 1146.8564453125 1143.546630859375 1140.2425537109375 1136.944091796875 1133.651611328125 1130.364990234375 1127.084228515625 1123.8094482421875 1120.540771484375 1117.2781982421875 1114.021728515625 1110.7713623046875 1107.52734375 1104.28955078125 1101.0582275390625 1097.833251953125 1094.61474609375 1091.40283203125 1088.1973876953125 1084.9986572265625 1081.806640625 1078.6214599609375
1215.6026611328125 1213.307861328125 1209.9066162109375 1206.51025390625 1203.118896484375 1199.732421875 1196.3509521484375 1192.974609375 1189.603271484375 1186.2371826171875 1182.876220703125 1179.5205078125 1176.1700439453125 1172.824951171875 1169.4852294921875 1166.15087890625 1162.822021484375 1159.4986572265625 1156.180908203125 1152.8687744140625 1149.562255859375 1146.261474609375 1142.96630859375 1139.6771240234375 1136.3936767578125 1133.1162109375 1129.8447265625 1126.5792236328125 1123.31982421875 1120.06640625 1116.8193359375 1113.578369140625 1110.34375 1107.115478515625 1103.8935546875 1100.6781005859375 1097.4691162109375 1094.2667236328125 1091.0709228515625 1087.8818359375 1084.699462890625 1081.52392578125
1219.258056640625 1215.8603515625 1212.467529296875 1209.07958984375 1205.6966552734375 1202.3187255859375 1198.94580078125 1195.5780029296875 1192.21533203125 1188.85791015625 1185.505615234375 1182.1585693359375 1178.81689453125 1175.4805908203125 1172.149658203125 1168.8240966796875 1165.504150390625 1162.189697265625 1158.880859375 1155.57763671875 1152.2801513671875 1148.9884033203125 1145.702392578125 1142.4222412109375 1139.14794921875 1135.879638671875 1132.6173095703125 1129.361083984375 1126.11083984375 1122.8668212890625 1119.6290283203125 1116.3974609375 1113.1722412109375 1109.953369140625 1106.7408447265625 1103.534912109375 1100.33544921875 1097.142578125 1093.9564208984375 1090.7769775390625 1087.604248046875 1084.4383544921875
1221.8143310546875 1218.4249267578125 1215.04052734375 1211.6611328125 1208.28662109375 1204.917236328125 1201.5528564453125 1198.193603515625 1194.839599609375 1191.49072265625 1188.1470947265625 1184.808837890625 1181.475830078125 1178.1483154296875 1174.826171875 1171.509521484375 1168.198486328125 1164.8929443359375 1161.593017578125 1158.2987060546875 1155.01025390625 1151.7274169921875 1148.4505615234375 1145.179443359375 1141.914306640625 1138.6551513671875 1135.4019775390625 1132.1549072265625 1128.9140625 1125.6793212890625 1122.4508056640625 1119.228515625 1116.0126953125 1112.80322265625 1109.6002197265625 1106.4036865234375 1103.2137451171875 1100.0303955078125 1096.8538818359375 1093.6839599609375 1090.5208740234375 1087.36474609375
1224.382568359375 1221.001708984375 1217.625732421875 1214.254638671875 1210.888671875 1207.52783203125 1204.1719970703125 1200.8212890625 1197.475830078125 1194.1356201171875 1190.80078125 1187.47119140625 1184.14697265625 1180.828125 1177.5147705078125 1174.20703125 1170.9046630859375 1167.6080322265625 1164.3170166015625 1161.03173828125 1157.752197265625 1154.478515625 1151.210693359375 1147.9486083984375 1144.692626953125 1141.442626953125 1138.1986083984375 1134.9608154296875 1131.7291259765625 1128.503662109375 1125.284423828125 1122.071533203125 1118.864990234375 1115.6649169921875 1112.4713134765625 1109.2843017578125 1106.1038818359375 1102.93017578125 1099.7630615234375 1096.602783203125 1093.4493408203125 1090.302734375
1226.962890625 1223.59033203125 1220.2227783203125 1216.8602294921875 1213.5028076171875 1210.150390625 1206.8031005859375 1203.4610595703125 1200.1241455078125 1196.7926025390625 1193.46630859375 1190.1455078125 1186.8299560546875 1183.5198974609375 1180.21533203125 1176.9163818359375 1173.6229248046875 1170.335205078125 1167.0531005859375 1163.7767333984375 1160.5062255859375 1157.241455078125 1153.982666015625 1150.729736328125 1147.4827880859375 1144.241943359375 1141.0072021484375 1137.7784423828125 1134.5560302734375 1131.33984375 1128.1298828125 1124.9263916015625 1121.7291259765625 1118.5384521484375 1115.3543701171875 1112.1767578125 1109.0057373046875 1105.841552734375 1102.6839599609375 1099.5333251953125 1096.3846435546875 1093.232666015625
