data/water_occ_95.asc
ncols        384
nrows        480
xllcorner    138.000000000000
yllcorner    -29.000000000000
cellsize     0.041666666667
NODATA_value -9999
[rows 114 to 132 of 480, columns 336 to 377 of 384]
260.7294921875 260.37567138671875 260.10015869140625 259.903167724609375 259.784912109375 258.0244140625 256.07366943359375 254.1884765625 252.3703155517578125 250.620635986328125 248.940887451171875 247.332489013671875 245.58074951171875 243.531341552734375 241.5492401123046875 239.6361236572265625 237.7936553955078125 236.0234832763671875 234.3272552490234375 232.7065887451171875 231.1630706787109375 229.6982421875 228.313629150390625 227.010711669921875 225.7908935546875 224.655517578125 223.6058807373046875 222.6431884765625 221.7686004638671875 220.983123779296875 220.2877349853515625 219.68328857421875 219.1705169677734375 218.750091552734375 218.4225311279296875 218.188262939453125 218.047576904296875 218.00067138671875 218.047576904296875 218.188262939453125 218.4225311279296875 218.750091552734375
265.350433349609375 265.00286865234375 264.732177734375 264.5386962890625 264.179779052734375 262.197113037109375 260.277984619140625 258.423797607421875 256.63592529296875 254.91583251953125 253.264862060546875 251.684356689453125 249.7029266357421875 247.6879730224609375 245.73974609375 243.8598175048828125 242.0498199462890625 240.3112945556640625 238.6458282470703125 237.054962158203125 235.540191650390625 234.102996826171875 232.7448272705078125 231.467071533203125 230.27105712890625 229.1580810546875 228.12933349609375 227.18597412109375 226.329071044921875 225.5596160888671875 224.8784942626953125 224.2865142822265625 223.784393310546875 223.3727264404296875 223.052001953125 222.8226470947265625 222.684906005859375 222.63897705078125 222.684906005859375 222.8226470947265625 223.052001953125 223.3727264404296875
269.97198486328125 269.630401611328125 269.36444091796875 269.17431640625 268.33660888671875 266.385223388671875 264.496795654296875 262.672698974609375 260.914276123046875 259.22283935546875 257.599761962890625 255.8889923095703125 253.8429107666015625 251.861419677734375 249.946044921875 248.09832763671875 246.31976318359375 244.6118927001953125 242.9761810302734375 241.41412353515625 239.9271240234375 238.5166168212890625 237.1839447021484375 235.930450439453125 234.7573699951171875 233.6659393310546875 232.6573028564453125 231.7325439453125 230.8926544189453125 230.1385955810546875 229.4711761474609375 228.89117431640625 228.399261474609375 227.9959869384765625 227.6818389892578125 227.457183837890625 227.3222808837890625 227.2772979736328125 227.3222808837890625 227.457183837890625 227.6818389892578125 227.9959869384765625
274.594085693359375 274.258331298828125 273.996917724609375 273.810028076171875 272.509002685546875 270.5880126953125 268.729461669921875 266.9345703125 265.2047119140625 263.541107177734375 261.945037841796875 260.01287841796875 257.999847412109375 256.050872802734375 254.1673736572265625 252.3508758544921875 250.6027984619140625 248.9246063232421875 247.3177032470703125 245.7834930419921875 244.3233489990234375 242.9385986328125 241.6305389404296875 240.4004364013671875 239.249481201171875 238.1788177490234375 237.189544677734375 236.2826690673828125 235.45916748046875 234.7198944091796875 234.065643310546875 233.497161865234375 233.015045166015625 232.619842529296875 232.3119964599609375 232.0918731689453125 231.959686279296875 231.9156036376953125 231.959686279296875 232.0918731689453125 232.3119964599609375 232.619842529296875
279.21673583984375 278.8865966796875 278.629547119140625 278.44580078125 276.696197509765625 274.8048095703125 272.97528076171875 271.20880126953125 269.50665283203125 267.87005615234375 266.196746826171875 264.15380859375 262.17291259765625 260.255523681640625 258.40301513671875 256.616790771484375 254.8982696533203125 253.2488250732421875 251.6697998046875 250.16253662109375 248.7283477783203125 247.368499755859375 246.0842132568359375 244.876678466796875 243.7470550537109375 242.6964263916015625 241.725799560546875 240.8361663818359375 240.0284271240234375 239.3033905029296875 238.6618194580078125 238.104400634765625 237.6317138671875 237.2442779541015625 236.9424896240234375 236.7266998291015625 236.5971221923828125 236.553924560546875 236.5971221923828125 236.7266998291015625 236.9424896240234375 237.2442779541015625
283.83990478515625 283.51519775390625 283.26239013671875 282.820159912109375 280.897552490234375 279.03497314453125 277.233642578125 275.494781494140625 273.819580078125 272.20916748046875 270.32220458984375 268.311004638671875 266.36138916015625 264.47467041015625 262.6522216796875 260.895416259765625 259.205535888671875 257.583953857421875 256.031951904296875 254.5507659912109375 253.141693115234375 251.8058929443359375 250.5445709228515625 249.358856201171875 248.24981689453125 247.2184906005859375 246.265869140625 245.3928375244140625 244.60028076171875 243.888946533203125 243.2595977783203125 242.71282958984375 242.24920654296875 241.869232177734375 241.573272705078125 241.361663818359375 241.2346038818359375 241.192230224609375 241.2346038818359375 241.361663818359375 241.573272705078125 241.869232177734375
288.46356201171875 288.14410400390625 287.895416259765625 287.006500244140625 285.112457275390625 283.27789306640625 281.5040283203125 279.792022705078125 278.142974853515625 276.503997802734375 274.4639892578125 272.483734130859375 270.56451416015625 268.707611083984375 266.914398193359375 265.186126708984375 263.5240478515625 261.929473876953125 260.40362548828125 258.947723388671875 257.56292724609375 256.250396728515625 255.01129150390625 253.8466339111328125 252.757476806640625 251.7447967529296875 250.80950927734375 249.9525146484375 249.1745758056640625 248.476470947265625 247.8588714599609375 247.322357177734375 246.86749267578125 246.49468994140625 246.204345703125 245.9967498779296875 245.872100830078125 245.830535888671875 245.872100830078125 245.9967498779296875 246.204345703125 246.49468994140625
293.087646484375 292.7733154296875 292.528594970703125 291.20654296875 289.340301513671875 287.533050537109375 285.785888671875 284.0999755859375 282.476348876953125 280.630889892578125 278.6214599609375 276.6712646484375 274.7816162109375 272.9537353515625 271.18890380859375 269.48834228515625 267.853271484375 266.284881591796875 264.784393310546875 263.352935791015625 261.991668701171875 260.70166015625 259.4840087890625 258.3397216796875 257.269775390625 256.27508544921875 255.3565673828125 254.5150146484375 253.751220703125 253.06585693359375 252.4595794677734375 251.9329681396484375 251.4864959716796875 251.1206207275390625 250.8356781005859375 250.6319580078125 250.5096435546875 250.4688568115234375 250.5096435546875 250.6319580078125 250.8356781005859375 251.1206207275390625
297.712188720703125 297.402801513671875 297.161956787109375 295.419677734375 293.580535888671875 291.799835205078125 290.078704833984375 288.41815185546875 286.81072998046875 284.77349853515625 282.793853759765625 280.872955322265625 279.0120849609375 277.212432861328125 275.475189208984375 273.801513671875 272.192626953125 270.649658203125 269.17376708984375 267.766021728515625 266.42755126953125 265.159332275390625 263.96246337890625 262.837860107421875 261.786468505859375 260.8092041015625 259.9068603515625 259.080230712890625 258.330047607421875 257.656982421875 257.0616455078125 256.5445556640625 256.106201171875 255.74700927734375 255.4672698974609375 255.26727294921875 255.1472015380859375 255.1071624755859375 255.1472015380859375 255.26727294921875 255.4672698974609375 255.74700927734375
302.337158203125 302.032562255859375 301.514984130859375 299.645355224609375 297.8326416015625 296.07781982421875 294.381988525390625 292.746124267578125 290.938934326171875 288.93115234375 286.98052978515625 285.08819580078125 283.255340576171875 281.483123779296875 279.772674560546875 278.125152587890625 276.541717529296875 275.023406982421875 273.57135009765625 272.186614990234375 270.87017822265625 269.62310791015625 268.446319580078125 267.340789794921875 266.307373046875 265.346893310546875 264.460174560546875 263.647979736328125 262.91094970703125 262.249755859375 261.66497802734375 261.1571044921875 260.726593017578125 260.373809814453125 260.099090576171875 259.9027099609375 259.7847900390625 259.7454833984375 259.7847900390625 259.9027099609375 260.099090576171875 260.373809814453125
306.962554931640625 306.66259765625 305.726470947265625 303.883087158203125 302.0960693359375 300.366485595703125 298.695281982421875 297.083465576171875 295.082275390625 293.103240966796875 291.180908203125 289.316375732421875 287.510772705078125 285.7652587890625 284.08087158203125 282.45880126953125 280.9000244140625 279.405670166015625 277.976776123046875 276.614288330078125 275.31927490234375 274.0926513671875 272.93536376953125 271.8482666015625 270.83221435546875 269.88800048828125 269.01641845703125 268.2181396484375 267.493865966796875 266.8441162109375 266.26953125 265.770538330078125 265.347564697265625 265.001007080078125 264.731170654296875 264.538238525390625 264.42242431640625 264.3837890625 264.42242431640625 264.538238525390625 264.731170654296875 265.001007080078125
311.588287353515625 311.2928466796875 309.95013427734375 308.13232421875 306.37042236328125 304.665374755859375 303.0181884765625 301.246307373046875 299.240142822265625 297.28912353515625 295.39434814453125 293.556915283203125 291.777862548828125 290.058319091796875 288.399322509765625 286.80194091796875 285.267181396484375 283.79608154296875 282.389617919921875 281.048797607421875 279.7745361328125 278.567718505859375 277.429290771484375 276.36004638671875 275.36083984375 274.432373046875 273.575408935546875 272.790618896484375 272.07861328125 271.439971923828125 270.875213623046875 270.38482666015625 269.96917724609375 269.62860107421875 269.363433837890625 269.173858642578125 269.06005859375 269.0220947265625 269.06005859375 269.173858642578125 269.363433837890625 269.62860107421875
316.21441650390625 315.92333984375 314.185455322265625 312.39263916015625 310.655181884765625 308.974090576171875 307.350250244140625 305.390350341796875 303.411956787109375 301.488250732421875 299.620361328125 297.809295654296875 296.056121826171875 294.36187744140625 292.7275390625 291.1541748046875 289.64276123046875 288.194244384765625 286.809600830078125 285.48974609375 284.235626220703125 283.048065185546875 281.92791748046875 280.8759765625 279.893035888671875 278.979827880859375 278.13702392578125 277.36529541015625 276.6651611328125 276.037261962890625 275.482025146484375 274.999908447265625 274.59130859375 274.256561279296875 273.99591064453125 273.8095703125 273.697723388671875 273.660400390625 273.697723388671875 273.8095703125 273.99591064453125 274.256561279296875
320.840911865234375 320.2545166015625 318.432037353515625 316.663543701171875 314.949981689453125 313.292205810546875 311.55303955078125 309.54840087890625 307.597076416015625 305.7000732421875 303.8583984375 302.07305908203125 300.345062255859375 298.675445556640625 297.06512451171875 295.51513671875 294.0263671875 292.599822998046875 291.236358642578125 289.9368896484375 288.702301025390625 287.53338623046875 286.43096923828125 285.39581298828125 284.428680419921875 283.530242919921875 282.701141357421875 281.9420166015625 281.25341796875 280.635894775390625 280.089874267578125 279.61578369140625 279.214019775390625 278.884857177734375 278.628570556640625 278.44537353515625 278.33538818359375 278.298736572265625 278.33538818359375 278.44537353515625 278.628570556640625 278.884857177734375
324.8494873046875 324.487640380859375 322.68939208984375 320.94464111328125 319.254364013671875 317.619354248046875 315.697723388671875 313.71990966796875 311.7950439453125 309.924041748046875 308.107940673828125 306.347686767578125 304.644256591796875 302.99859619140625 301.411651611328125 299.8843994140625 298.417694091796875 297.012481689453125 295.66961669921875 294.389923095703125 293.174285888671875 292.02349853515625 290.938262939453125 289.919403076171875 288.967559814453125 288.08343505859375 287.26763916015625 286.520721435546875 285.843292236328125 285.23577880859375 284.698699951171875 284.23236083984375 283.83721923828125 283.51348876953125 283.26141357421875 283.081268310546875 282.973114013671875 282.937042236328125 282.973114013671875 283.081268310546875 283.26141357421875 283.51348876953125
321.207489013671875 324.023956298828125 326.877227783203125 325.235565185546875 323.567962646484375 321.859100341796875 319.855926513671875 317.90435791015625 316.00531005859375 314.159698486328125 312.3685302734375 310.632720947265625 308.953216552734375 307.3309326171875 305.766754150390625 304.2615966796875 302.816375732421875 301.431915283203125 300.109039306640625 298.848602294921875 297.651397705078125 296.518157958984375 295.44964599609375 294.446563720703125 293.509552001953125 292.639312744140625 291.83636474609375 291.101318359375 290.4346923828125 289.8369140625 289.308441162109375 288.84967041015625 288.46087646484375 288.14239501953125 287.89447021484375 287.71722412109375 287.61083984375 287.575347900390625 287.61083984375 287.71722412109375 287.89447021484375 288.14239501953125
317.5914306640625 320.439117431640625 323.323486328125 326.243560791015625 327.89044189453125 326.004364013671875 324.027191162109375 322.101226806640625 320.227386474609375 318.406585693359375 316.639739990234375 314.92779541015625 313.271575927734375 311.67205810546875 310.13006591796875 308.646453857421875 307.22210693359375 305.857818603515625 304.554412841796875 303.312652587890625 302.133331298828125 301.017181396484375 299.964874267578125 298.97711181640625 298.054534912109375 297.197723388671875 296.40728759765625 295.683746337890625 295.027557373046875 294.439208984375 293.91912841796875 293.467620849609375 293.08502197265625 292.771636962890625 292.52764892578125 292.353271484375 292.248565673828125 292.213653564453125 292.248565673828125 292.353271484375 292.52764892578125 292.771636962890625
314.002227783203125 316.881622314453125 319.7974853515625 322.748870849609375 325.73480224609375 328.754364013671875 328.210968017578125 326.310028076171875 324.4608154296875 322.664215087890625 320.921142578125 319.232421875 317.598968505859375 316.021636962890625 314.501220703125 313.038604736328125 311.634552001953125 310.2899169921875 309.00543212890625 307.7818603515625 306.61993408203125 305.520355224609375 304.483795166015625 303.51092529296875 302.602325439453125 301.758575439453125 300.980255126953125 300.267852783203125 299.621826171875 299.042633056640625 298.5306396484375 298.086212158203125 297.709625244140625 297.401153564453125 297.1610107421875 296.9893798828125 296.886322021484375 296.85198974609375 296.886322021484375 296.9893798828125 297.1610107421875 297.401153564453125
310.4407958984375 313.35235595703125 316.3001708984375 319.2833251953125 322.30078125 325.3515625 328.434814453125 330.530303955078125 328.705169677734375 326.932220458984375 325.212310791015625 323.546295166015625 321.935028076171875 320.379302978515625 318.87994384765625 317.437744140625 316.053497314453125 314.72796630859375 313.461883544921875 312.2559814453125 311.1109619140625 310.02752685546875 309.006256103515625 308.047821044921875 307.152801513671875 306.321746826171875 305.555206298828125 304.853607177734375 304.217437744140625 303.6470947265625 303.142974853515625 302.70538330078125 302.334625244140625 302.03094482421875 301.794525146484375 301.62554931640625 301.52410888671875 301.49029541015625 301.52410888671875 301.62554931640625 301.794525146484375 302.03094482421875
