data/water_occ_99.asc
ncols        384
nrows        480
xllcorner    138.000000000000
yllcorner    -29.000000000000
cellsize     0.041666666667
NODATA_value -9999
[rows 152 to 170 of 480, columns 294 to 335 of 384]
162.7244110107421875 163.8800811767578125 165.1479949951171875 166.5255889892578125 168.0101470947265625 169.5988922119140625 171.2888946533203125 173.07720947265625 174.9608154296875 176.936676025390625 179.001708984375 181.15289306640625 183.3871917724609375 185.70159912109375 188.0931549072265625 190.5589752197265625 193.0961761474609375 195.7020111083984375 198.373779296875 201.10882568359375 203.904632568359375 206.7587127685546875 209.668701171875 212.632293701171875 215.6472930908203125 218.7115631103515625 221.8230438232421875 224.9798126220703125 228.179962158203125 231.4217071533203125 234.7033233642578125 238.023162841796875 241.3796234130859375 244.771240234375 248.196533203125 251.654144287109375 255.14276123046875 258.6611328125 262.20806884765625 265.782379150390625 269.383026123046875 273.008941650390625
158.2323150634765625 159.420318603515625 160.72314453125 162.1380462646484375 163.662109375 165.2923126220703125 167.025543212890625 168.858642578125 170.78839111328125 172.8115386962890625 174.9248504638671875 177.1251068115234375 179.4091033935546875 181.773681640625 184.2157440185546875 186.73223876953125 189.320220947265625 191.976776123046875 194.6990966796875 197.4844818115234375 200.330291748046875 203.233978271484375 206.193115234375 209.2053375244140625 212.2683868408203125 215.380096435546875 218.5383758544921875 221.7412567138671875 224.98681640625 228.2732391357421875 231.598785400390625 234.9617919921875 238.360687255859375 241.7939453125 245.2601165771484375 248.7578277587890625 252.2857818603515625 255.84271240234375 259.42742919921875 263.038818359375 266.675750732421875 270.337249755859375
153.7489166259765625 154.971038818359375 156.3106842041015625 157.764862060546875 159.3304290771484375 161.0041656494140625 162.7826995849609375 164.6626434326171875 166.6405792236328125 168.713043212890625 170.876617431640625 173.12786865234375 175.4634246826171875 177.879974365234375 180.374237060546875 182.9430694580078125 185.583343505859375 188.292083740234375 191.06634521484375 193.9033355712890625 196.8003387451171875 199.7547454833984375 202.7640533447265625 205.825836181640625 208.9377899169921875 212.09771728515625 215.303497314453125 218.5531158447265625 221.8446502685546875 225.1762542724609375 228.5461883544921875 231.9527587890625 235.3943939208984375 238.8695831298828125 242.376861572265625 245.9148712158203125 249.4822998046875 253.0778961181640625 256.70050048828125 260.34893798828125 264.022186279296875 267.719207763671875
149.2749786376953125 150.5331573486328125 151.9116668701171875 153.4072418212890625 155.016510009765625 156.7359466552734375 158.561981201171875 160.490997314453125 162.519287109375 164.6432037353515625 166.859100341796875 169.1633453369140625 171.552398681640625 174.0227508544921875 176.5709991455078125 179.193817138671875 181.887969970703125 184.650360107421875 187.477935791015625 190.367828369140625 193.3172149658203125 196.32342529296875 199.3838958740234375 202.49615478515625 205.6578521728515625 208.8667449951171875 212.120697021484375 215.41766357421875 218.7556915283203125 222.1329498291015625 225.547637939453125 228.9981231689453125 232.4827880859375 236.0001220703125 239.5486907958984375 243.1271209716796875 246.7341156005859375 250.3684539794921875 254.0289306640625 257.714447021484375 261.4239501953125 265.15643310546875
144.8113861083984375 146.1077423095703125 147.527313232421875 149.066558837890625 150.721832275390625 152.489349365234375 154.3652496337890625 156.3456268310546875 158.42657470703125 160.60418701171875 162.87457275390625 165.233917236328125 167.6784515380859375 170.20452880859375 172.8085479736328125 175.487060546875 178.2366943359375 181.05419921875 183.936492919921875 186.8805389404296875 189.88348388671875 192.9425811767578125 196.0551910400390625 199.21881103515625 202.4310455322265625 205.6896209716796875 208.9923553466796875 212.33721923828125 215.72222900390625 219.1455230712890625 222.6053466796875 226.100006103515625 229.6279296875 233.1876068115234375 236.777587890625 240.3965301513671875 244.0431365966796875 247.7161865234375 251.4145355224609375 255.137054443359375 258.882720947265625 262.650543212890625
140.3591156005859375 141.6959381103515625 143.1589508056640625 144.7443389892578125 146.4481201171875 148.2662200927734375 150.1944732666015625 152.2287139892578125 154.3647308349609375 156.598358154296875 158.925506591796875 161.34210205078125 163.844207763671875 166.427947998046875 169.089599609375 171.825531005859375 174.6322479248046875 177.5063934326171875 180.4447479248046875 183.4442291259765625 186.50189208984375 189.614898681640625 192.7805938720703125 195.9964141845703125 199.2599334716796875 202.56884765625 205.92095947265625 209.314208984375 212.746612548828125 216.21630859375 219.721527099609375 223.2606201171875 226.83197021484375 230.4340972900390625 234.0655670166015625 237.72503662109375 241.4112548828125 245.12298583984375 248.8590850830078125 252.618499755859375 256.400177001953125 260.20318603515625
135.919281005859375 137.2990570068359375 138.8081207275390625 140.442291259765625 142.197265625 144.0686187744140625 146.0518951416015625 148.1425933837890625 150.3362274169921875 152.62835693359375 155.014617919921875 157.4907379150390625 160.052520751953125 162.695953369140625 165.4170989990234375 168.212188720703125 171.077606201171875 174.0098724365234375 177.0056610107421875 180.0618133544921875 183.17529296875 186.3432464599609375 189.5629119873046875 192.83172607421875 196.1472320556640625 199.507080078125 202.9090728759765625 206.3511505126953125 209.8313140869140625 213.3477020263671875 216.8985595703125 220.4822235107421875 224.09710693359375 227.7417449951171875 231.4147186279296875 235.11468505859375 238.840423583984375 242.5907135009765625 246.3644561767578125 250.1605682373046875 253.9780731201171875 257.816009521484375
131.4931640625 132.9185943603515625 134.4764862060546875 136.1623077392578125 137.9713592529296875 139.89886474609375 141.9399871826171875 144.0899200439453125 146.343841552734375 148.697052001953125 151.1448822021484375 153.682830810546875 156.3065032958984375 159.01165771484375 161.7942047119140625 164.6502227783203125 167.575958251953125 170.56781005859375 173.62237548828125 176.73638916015625 179.9067840576171875 183.130615234375 186.4051055908203125 189.7276458740234375 193.0957489013671875 196.507080078125 199.95941162109375 203.4506683349609375 206.9788818359375 210.54217529296875 214.138824462890625 217.76715087890625 221.4256134033203125 225.1127471923828125 228.8271484375 232.5675201416015625 236.3326263427734375 240.121307373046875 243.932464599609375 247.7650604248046875 251.6181182861328125 255.490692138671875
127.08216094970703125 128.55621337890625 130.1660003662109375 131.90655517578125 133.7727813720703125 135.7595062255859375 137.8614959716796875 140.073577880859375 142.3906097412109375 144.8075714111328125 147.31951904296875 149.9217071533203125 152.6094970703125 155.3784637451171875 158.2243194580078125 161.1430206298828125 164.1306610107421875 167.1835479736328125 170.298187255859375 173.4712371826171875 176.699554443359375 179.98016357421875 183.3102569580078125 186.6871795654296875 190.10845947265625 193.57171630859375 197.0747528076171875 200.615478515625 204.1919403076171875 207.8022918701171875 211.444793701171875 215.1178131103515625 218.8198089599609375 222.549346923828125 226.3050384521484375 230.08563232421875 233.889923095703125 237.71673583984375 241.565032958984375 245.433807373046875 249.32208251953125 253.228973388671875
122.68793487548828125 124.2138214111328125 125.87880706787109375 127.67745208740234375 129.60418701171875 131.653411865234375 133.8194580078125 136.0967864990234375 138.479888916015625 140.9633941650390625 143.5420989990234375 146.210968017578125 148.9651641845703125 151.8000335693359375 154.71112060546875 157.694244384765625 160.745361328125 163.8607025146484375 167.0366363525390625 170.269805908203125 173.5570068359375 176.89520263671875 180.2816009521484375 183.7134857177734375 187.1884002685546875 190.7039794921875 194.25799560546875 197.8484039306640625 201.473236083984375 205.13067626953125 208.81903076171875 212.536651611328125 216.2820587158203125 220.0538177490234375 223.850616455078125 227.671173095703125 231.51434326171875 235.3789825439453125 239.2640838623046875 243.16864013671875 247.0917510986328125 251.03253173828125
118.31233978271484375 119.8936004638671875 121.6173858642578125 123.4777374267578125 125.46856689453125 127.5837860107421875 129.817291259765625 132.163116455078125 134.6153564453125 137.1683197021484375 139.816497802734375 142.5545654296875 145.3774566650390625 148.28033447265625 151.2585601806640625 154.3078155517578125 157.4239349365234375 160.6030426025390625 163.8414764404296875 167.1357879638671875 170.48272705078125 173.8792572021484375 177.3225250244140625 180.80987548828125 184.33880615234375 187.906951904296875 191.51214599609375 195.152313232421875 198.8255462646484375 202.5300445556640625 206.2641143798828125 210.0261993408203125 213.814788818359375 217.6285247802734375 221.4661102294921875 225.3263092041015625 229.207977294921875 233.11004638671875 237.031524658203125 240.9714508056640625 244.9289398193359375 248.90313720703125
113.95752716064453125 115.59803009033203125 117.3845367431640625 119.31050872802734375 121.36928558349609375 123.5542449951171875 125.8588104248046875 128.2765350341796875 130.8011322021484375 133.4265594482421875 136.14697265625 138.956787109375 141.8506927490234375 144.823638916015625 147.870880126953125 150.9879150390625 154.1704864501953125 157.414642333984375 160.7166595458984375 164.0730133056640625 167.48046875 170.935943603515625 174.4365997314453125 177.979766845703125 181.562957763671875 185.1838531494140625 188.84027099609375 192.5301971435546875 196.2517547607421875 200.003143310546875 203.782745361328125 207.5890045166015625 211.4204864501953125 215.2758331298828125 219.15380859375 223.0532073974609375 226.9729461669921875 230.9119720458984375 234.86932373046875 238.8441009521484375 242.835418701171875 246.842498779296875
109.62596893310546875 111.32996368408203125 113.1834716796875 115.179290771484375 117.31015777587890625 119.56884002685546875 121.94824981689453125 124.4414520263671875 127.041748046875 129.742706298828125 132.5381622314453125 135.422271728515625 138.389495849609375 141.4345855712890625 144.552642822265625 147.7390289306640625 150.98944091796875 154.2998046875 157.666351318359375 161.0855712890625 164.554168701171875 168.069091796875 171.6274871826171875 175.2267303466796875 178.86431884765625 182.5379791259765625 186.2455902099609375 189.985137939453125 193.754791259765625 197.5528106689453125 201.3776092529296875 205.2276763916015625 209.10162353515625 212.998138427734375 216.916015625 220.8541259765625 224.811370849609375 228.7867889404296875 232.779449462890625 236.7884674072265625 240.813018798828125 244.85235595703125
105.3205413818359375 107.09268951416015625 109.01786041259765625 111.0881195068359375 113.29549407958984375 115.63213348388671875 118.0903778076171875 120.66278076171875 123.3422088623046875 126.1218414306640625 128.9951934814453125 131.956146240234375 134.998931884765625 138.1181488037109375 141.308746337890625 144.5659637451171875 147.88543701171875 151.2630462646484375 154.694976806640625 158.1777191162109375 161.7079620361328125 165.282684326171875 168.8990478515625 172.5544281005859375 176.246429443359375 179.9727630615234375 183.731353759765625 187.5202484130859375 191.337677001953125 195.1819305419921875 199.051483154296875 202.94488525390625 206.8607635498046875 210.797882080078125 214.7550811767578125 218.73126220703125 222.72540283203125 226.7365570068359375 230.76385498046875 234.806427001953125 238.8635406494140625 242.9344329833984375
101.04457855224609375 102.89000701904296875 104.89192962646484375 107.04156494140625 109.33019256591796875 111.74927520751953125 114.29052734375 116.94599151611328125 119.70806884765625 122.56954193115234375 125.52362060546875 128.5639190673828125 131.6844635009765625 134.8796844482421875 138.1444091796875 141.47381591796875 144.8634490966796875 148.309173583984375 151.8071746826171875 155.3539276123046875 158.9461517333984375 162.580841064453125 166.255218505859375 169.966705322265625 173.712921142578125 177.4916534423828125 181.3009033203125 185.1387481689453125 189.0034637451171875 192.8934478759765625 196.8071746826171875 200.7432861328125 204.7004547119140625 208.6775054931640625 212.6733245849609375 216.6868743896484375 220.7171630859375 224.7633209228515625 228.824493408203125 232.8998870849609375 236.9887847900390625 241.090484619140625
96.80197906494140625 98.726348876953125 100.81055450439453125 103.044891357421875 105.41982269287109375 107.92606353759765625 110.5546875 113.29718017578125 116.1454620361328125 119.091949462890625 122.12953948974609375 125.25159454345703125 128.45196533203125 131.724945068359375 135.06524658203125 138.467987060546875 141.9287109375 145.4432373046875 149.0077972412109375 152.6188507080078125 156.2732086181640625 159.967864990234375 163.70013427734375 167.4674530029296875 171.267547607421875 175.0982818603515625 178.9576568603515625 182.8438873291015625 186.755279541015625 190.6903076171875 194.6475067138671875 198.625579833984375 202.6232757568359375 206.6394805908203125 210.6731109619140625 214.7231903076171875 218.788818359375 222.8691253662109375 226.9633331298828125 231.0706939697265625 235.1905364990234375 239.3221893310546875
92.59734344482421875 94.60684967041015625 96.77935791015625 99.10413360595703125 101.57073974609375 104.1690826416015625 106.8895721435546875 109.72310638427734375 112.66117095947265625 115.69580078125 118.81958770751953125 122.02568817138671875 125.30779266357421875 128.6600799560546875 132.0771942138671875 135.5542449951171875 139.08673095703125 142.6705474853515625 146.301910400390625 149.9773712158203125 153.693756103515625 157.44818115234375 161.23797607421875 165.0607147216796875 168.914154052734375 172.7962493896484375 176.7050933837890625 180.6389617919921875 184.59625244140625 188.57550048828125 192.5753326416015625 196.5944976806640625 200.6318206787109375 204.686248779296875 208.75677490234375 212.84246826171875 216.942474365234375 221.055999755859375 225.18231201171875 229.320709228515625 233.470550537109375 237.6312408447265625
88.4360809326171875 90.5375518798828125 92.80489349365234375 95.2262420654296875 97.79016876220703125 100.48575592041015625 103.30269622802734375 106.2313385009765625 109.26270294189453125 112.3884735107421875 115.6009979248046875 118.8932342529296875 122.25875091552734375 125.69165802001953125 129.18658447265625 132.7386322021484375 136.3433380126953125 139.99664306640625 143.6948089599609375 147.4344940185546875 151.2126007080078125 155.0263214111328125 158.8730926513671875 162.750579833984375 166.6566162109375 170.589263916015625 174.546722412109375 178.527313232421875 182.5295562744140625 186.5520477294921875 190.5934906005859375 194.6527252197265625 198.7286529541015625 202.8202667236328125 206.9266357421875 211.046905517578125 215.1802520751953125 219.3259735107421875 223.4833526611328125 227.6517486572265625 231.830596923828125 236.019317626953125
84.32460784912109375 86.52553558349609375 88.8947601318359375 91.4192047119140625 94.08637237548828125 96.8844757080078125 99.8025054931640625 102.83025360107421875 105.95830535888671875 109.17804718017578125 112.48160552978515625 115.86180877685546875 119.31214141845703125 122.82669830322265625 126.400115966796875 130.0275421142578125 133.70458984375 137.4272613525390625 141.1919708251953125 144.99542236328125 148.8346405029296875 152.7069549560546875 156.609893798828125 160.5412139892578125 164.4989013671875 168.4810791015625 172.486053466796875 176.512298583984375 180.558349609375 184.6229400634765625 188.7048492431640625 192.8029937744140625 196.9163360595703125 201.043975830078125 205.1850128173828125 209.33868408203125 213.504241943359375 217.680999755859375 221.868316650390625 226.0656280517578125 230.272369384765625 234.488037109375
