data/water_occ.asc
ncols        384
nrows        480
xllcorner    138.000000000000
yllcorner    -29.000000000000
cellsize     0.041666666667
NODATA_value -9999
[rows 273 to 293 of 480, columns 0 to 47 of 384]
0.061543494462966918945 0.018254954367876052856 0.0014475681819021701813 0.020532181486487388611 0.028680169954895973206 0.02380326390266418457 0.012085597030818462372 0.0095962379127740859985 0.0045489142648875713348 0.0007999913068488240242 0.00070137722650542855263 0.0082975542172789573669 0.037889167666435241699 3.1525694794254377484e-05 0 0 0.0015126772923395037651 0.0014332000864669680595 0 0 0 4.9357016809369456847e-17 0.00010853722778847441077 0.0001124665359384380281 0.0054855663329362869263 0.0040473835542798042297 2.467617377988062799e-05 8.8753396994434297085e-05 0.0002420867385808378458 0 0.0015682997182011604309 0.0039065401069819927216 0.0014715379802510142326 5.6265613238792866468e-05 1.3001425713810021989e-06 4.0639697544975206256e-05 0.00013378511357586830854 2.5766403268789872527e-05 1.2822669305666316774e-16 0.00028197348001413047314 0.0010386514477431774139 0.0027014040388166904449 0.017539188265800476074 0.00067736225901171565056 0.00059585110284388065338 0.00036414829082787036896 0.00079724786337465047836 0
0.011823830194771289825 0.00037798366975039243698 0.0018793253693729639053 0.023069806396961212158 0.0065051433630287647247 0.0017645166954025626183 0.0030769461300224065781 0.00022488224203698337078 8.8605702568372683714e-16 0.0019484600052237510681 0.024756046012043952942 0.52366441488265991211 1.3827060461044311523 0.0693933144211769104 0 0 0 0 8.6755147336858851048e-16 0.0019077658653259277344 0.0066057732328772544861 0.00083204667316749691963 0.00078146078158169984818 0.0019173489417880773544 3.2096402719616889954e-05 0 0 0 0 0 0.02443683333694934845 0.030370155349373817444 0.0062144673429429531097 0 0 0 0 0 8.1086125227475269739e-16 0.0017831027507781982422 0.00092299358220770955086 0.00086032354738563299179 0.0023302275221794843674 0.00031875382410362362862 0.0015718459617346525192 1.1239654668315779418e-05 0 0
0.003755992744117975235 0.0054084500297904014587 0.017087327316403388977 0.007339295465499162674 0.0023055966012179851532 2.6028976662928471342e-06 0.012798050418496131897 0.0079643316566944122314 0.0029480594675987958908 0.0013361332239583134651 0.081332214176654815674 0.59654074907302856445 1.1275213956832885742 0.031380403786897659302 0 0 0 2.2918414671224986157e-28 5.384051426807028029e-14 0.11784240603446960449 2.8824696540832519531 0.10115453600883483887 0.0016820648452267050743 0.0088529558852314949036 7.8963341366034001112e-05 0 0 0 0 0 9.4526765948656682513e-17 0.066268518567085266113 0.082289606332778930664 6.4206914412454105533e-27 7.0709361759888067489e-15 2.4873739675967954099e-05 0.00011408570571802556515 1.2827730592223957236e-15 1.9193523062810110072e-15 0.0041313017718493938446 0.0012884445022791624069 0.0063136299140751361847 0.0071026380173861980438 0.00033496323158033192158 1.6135567420860752463e-05 4.7684618039056658745e-05 7.8195753303589299321e-06 0
0.0038404127117246389389 0.018096365034580230713 0.0020547332242131233215 0.0081217214465141296387 0.0046127294190227985382 2.1273702573577479152e-15 0.0046781366690993309021 0.016698613762855529785 0.010360067710280418396 0.0028921074699610471725 0.0029357681050896644592 0.42339113354682922363 0.77324390411376953125 0.00060420221416279673576 0 0 0 2.0159250736963155518e-15 0.0022165330592542886734 0.021106112748384475708 0.59832060337066650391 0.025596039369702339172 5.2881332521792501211e-05 0 0 0 0 0 0 0 0.00083146622637286782265 0.0015811529010534286499 8.7904430984053760767e-05 5.6476999184089382577e-14 0.062097117304801940918 0.088566593825817108154 0.010820809751749038696 0.011283391155302524567 0.00035759509773924946785 0.00041545057320035994053 0.00031495321309193968773 0.0017395170871168375015 0.0023911271709948778152 0.00042110550566576421261 2.5787312582948785007e-17 5.6706900068093091249e-05 6.6341002820990979671e-05 0
0.0013889336260035634041 0.013621199876070022583 0.00020433291501831263304 0.0041274288669228553772 0.0084333969280123710632 0.0037913289852440357208 0.00073864631121978163719 0.0089623676612973213196 0.006080225575715303421 0.00038258093991316854954 4.4243097363505512476e-05 0.04246252402663230896 0.053089354187250137329 0.0011027889559045433998 0.0085888719186186790466 0.0059748627245426177979 0.00032330644899047911167 0.003077173139899969101 0.015271789394319057465 0.023374648764729499817 8.4804327343590557575e-05 0.00050271407235413789749 0.00010692362411646172404 1.4841715536954586813e-15 0.0032637277618050575256 0.00034628942376002669334 0 0 0 0 0.00095269235316663980484 0.015420878306031227112 0.028455296531319618225 0.0011171441292390227318 0.69900012016296386719 1.3736819028854370117 6.5746660232543945313 14.494036674499511719 0.42700076103210449219 0.00082022068090736865997 0.0056559662334620952606 0.0081528350710868835449 0.0044678719714283943176 7.0624606451019644737e-05 6.9742161704244677654e-18 1.5336463548010215163e-05 2.3687756765866652131e-05 0
0.049331948161125183105 0.025584060698747634888 0.00013603737170342355967 0.001084540155716240406 0.0044258125126361846924 0.0021999040618538856506 0.003261835779994726181 9.1810822301223752803e-16 0.0020189413335174322128 0.0017722637858241796494 0.0027493012603372335434 0.00069314672145992517471 0.00075508008012548089027 0.0029879193753004074097 0.0090128872543573379517 0.0031761024147272109985 0.0003273247857578098774 0.00065552646992728114128 0.00013114236935507506132 0.003034243360161781311 0.0014332130085676908493 4.8660219713689487606e-17 0.00010700495477067306638 0.00011749078112188726664 0.0043522054329514503479 0.003616241971030831337 0.0063659613952040672302 0 0 0 0 0.012598371133208274841 0.0266197938472032547 0.0028111308347433805466 0.039857052266597747803 0.22120074927806854248 12.380278587341308594 15.176306724548339844 0.38283744454383850098 2.080719696095911786e-06 0.015762772411108016968 0.011030014604330062866 0.0030838982202112674713 4.2337164813943672925e-06 0.0021284576505422592163 0.0022291089408099651337 0 0
0.037418816238641738892 0.012819594703614711761 0.0019277837127447128296 0.0036024521104991436005 0.0010103220120072364807 0.0020613097585737705231 0.0036405182909220457077 2.6616246421353731075e-15 0.0058421497233211994171 0.0026757519226521253586 0.0011724805226549506187 0.001204431755468249321 0.005808851681649684906 0.00013523008965421468019 0.0093714725226163864136 0.00054210395319387316704 4.9195911804546178965e-17 5.4091477068141102791e-05 0.0005103286239318549633 0.010594793595373630524 0.0049610096029937267303 1.3061749913682559401e-15 0.0025343922898173332214 0.0027851054910570383072 4.1518272821735192207e-16 0.00091299647465348243713 0.0018425459275022149086 0 0 0 0 0 1.6857047528769146744e-17 4.5691081374709996464e-17 4.6598253820038029738e-14 0.055595140904188156128 1.7288666963577270508 0.34371861815452575684 8.6818690760992467403e-06 9.8704585980158299208e-05 0.0042225867509841918945 0.0096805868670344352722 0.0057718018069863319397 0.00013484204828273504972 0.00081345060607418417931 0.00087695865659043192863 0 0
0.023853465914726257324 0.033845946192741394043 0.007870045490562915802 0.0037702131085097789764 0.00066152092767879366875 0.0017457174835726618767 0.0006193852168507874012 4.3299707613186910748e-05 3.3596708817640319467e-05 3.2279896224269351984e-15 0.0070984242483973503113 0.032419495284557342529 0.02277927100658416748 0.00037662929389625787735 9.833419198912451975e-07 0 2.7515626004748347175e-15 0.0030253750737756490707 0.0029084305278956890106 3.554664726834744215e-05 0.0051423539407551288605 0.0013516674516722559929 0.0037370056379586458206 0 0 0 0 0 0 0 0 0 0.00014827615814283490181 0.0004019030020572245121 0.18750201165676116943 0.6298586726188659668 0.060806982219219207764 0.0018618560861796140671 1.2039744311722754173e-15 0.00264756777323782444 0.00071175937773659825325 0.0011755418963730335236 0.0077061173506081104279 0.00018696371989790350199 0 0 0 0
0.00059171265456825494766 1.899529750081790252e-16 0.00020885550475213676691 0.0046233590692281723022 0.010169345885515213013 0.010575315915048122406 0.0032991727348417043686 7.8308796219062060118e-05 0.0025425972416996955872 0.0018536944407969713211 0.0022052889689803123474 0.012430435046553611755 0.0013483279617503285408 0.00033556635025888681412 0.0056048776023089885712 0.0052800364792346954346 0.0074296477250754833221 0.014182353392243385315 0.0031964080408215522766 0.00030887202592566609383 0.012474461458623409271 0.0083031840622425079346 0.0052308505401015281677 0 0 0 6.4347245412292998316e-16 0.0014150108909234404564 0.0084439963102340698242 0 0 0 0.0012910291552543640137 0.053045395761728286743 3.2458078861236572266 2.4872446060180664063 0.016610149294137954712 0.0011069483589380979538 1.6960318579791779092e-15 0.0037296134978532791138 0.00097707030363380908966 0.00047812834964133799076 3.1689251045463606715e-06 0 0 0 1.0735941032180562615e-05 1.3238861356512643397e-05
0.00095508404774591326714 0.0054724351502954959869 7.2341944709129030709e-16 0.001590816187672317028 0.0056690350174903869629 9.6353796834591776133e-05 6.0531849157996475697e-05 0.0098040075972676277161 0.011654109694063663483 0.0026770252734422683716 0.0051610814407467842102 0.02773896045982837677 0.0011127731995657086372 0.0049763205461204051971 0.0013472954742610454559 0.0012004054151475429535 0.023867087438702583313 0.013949029147624969482 0.0027623807545751333237 0.0078027360141277313232 0.038192138075828552246 0.016899466514587402344 0.00031624699477106332779 4.2325569665990769863e-05 0 0 9.6309399725712560971e-17 0.00021178660972509533167 0.001269219093956053257 0 0 0 0.010372271761298179626 0.83762496709823608398 16.797809600830078125 3.8670084476470947266 0.0026252805255353450775 0.00033118831925094127655 0 0 0 7.2694075151785719768e-13 1.5985596179962158203 0.82511448860168457031 0 0 5.8528195950202643871e-05 7.2173148510046303272e-05
0.0028825222980231046677 0.0038263010792434215546 0.0052613625302910804749 0.0050287474878132343292 0.011093658395111560822 0.00041328594670630991459 9.5580212189361191122e-08 0.048519454896450042725 0.054823476821184158325 0.005124220624566078186 0.0063348975963890552521 1.8324067596608983877e-08 0.0014834942994639277458 0.0097425924614071846008 0.018287980929017066956 0.035603012889623641968 2.596982369853595516e-16 7.0418142303501382422e-16 0.00071703153662383556366 0.00063931092154234647751 0.0098229171708226203918 0.0077577657066285610199 0.00097798975184559822083 0.00085127563215792179108 1.041046107275178656e-05 1.7201688024215400219e-05 5.2972334084496592276e-16 2.8364134377517646098e-16 0 0 1.5059925517848279496e-16 2.0114580072209535836e-16 0.0044852681457996368408 0.088271878659725189209 2.0557727813720703125 0.27453622221946716309 0.00020621845033019781113 0 0 0 0 5.3095668053199096548e-13 1.1675860881805419922 0.73358327150344848633 0 0 0 0
0.015432663261890411377 4.5897500967839732766e-05 0.00024308294814545661211 0.00042311963625252246857 0.0016280540730804204941 0.023173242807388305664 0.0024196440353989601135 0.00019820588931906968355 0.00022693972277920693159 4.7150073127042867356e-16 0.0010368410730734467506 0.0028002818580716848373 0.0011271281400695443153 0.0025069243274629116058 0.0074212504550814628601 0.013259482569992542267 0.0022843298502266407013 0.00045779289212077856064 0.0232802610844373703 0.022511545568704605103 0.077341720461845397949 0.0010269065387547016144 0.00075914117041975259781 0.0019436017610132694244 0.003037272254005074501 0.0049537401646375656128 0.0046594957821071147919 0.0024949356447905302048 0 0 0.0013246850576251745224 0.0017692971741780638695 8.1569589383434504271e-05 6.234059128473745659e-06 0.00025523695512674748898 0.00013143903925083577633 0 0 0 0 0 5.3018889132860056758e-16 0.0011658977018669247627 0.00043811454088427126408 0 0 0 0
0.0051729553379118442535 3.8131311157485470176e-05 0.016347648575901985168 0.021838152781128883362 0.016394890844821929932 0.0098368013277649879456 0.0028138831257820129395 0.0023164465092122554779 0.012142946012318134308 3.1163583562149029058e-16 0.00068529444979503750801 0.001868355204351246357 0.013929575681686401367 0.017832204699516296387 4.1251947550335898995e-05 0.0007881411002017557621 0.0078974589705467224121 0.01114651653915643692 1.9735203279557195308e-16 0.00043398170964792370796 0.01855947449803352356 0.00020767809473909437656 0.00026147274184040725231 0.0017686237115412950516 0.0045935749076306819916 5.4919928516028448939e-06 0.00075635866960510611534 0.00040517668821848928928 0 0 0.00043246784480288624763 0.00057754758745431900024 0.0085468925535678863525 0.00046750734327360987663 0.00071910500992089509964 0.00037021894240751862526 0 0 0 0 0 0 0 0 0 0 0 0
0.0084409313276410102844 0.0004943227977491915226 0.0020762975327670574188 0.011407949961721897125 0.017726803198456764221 0.0040002218447625637054 0.0022888332605361938477 0.011508258990943431854 0.00512022385373711586 0.00057059730170294642448 0.0047932951711118221283 0.00072280358290299773216 0.0025831349194049835205 0.001083559822291135788 0 0.00033354441984556615353 0.0026056326460093259811 0.0040425844490528106689 0 1.8891166181958215023e-15 0.0041542113758623600006 0.0059673208743333816528 0.00058471248485147953033 0 9.2310402333514339143e-16 0.0020299272146075963974 0.0025796419940888881683 0 1.3214368310118839236e-15 0.0029058703221380710602 0.00019063988293055444956 0 0.0053455918096005916595 0.00029198336414992809296 1.0152374778389983471e-16 0.00022325308236759155989 0.00010960358486045151949 0.136354789137840271 1.5059680938720703125 0.098319470882415771484 0 0 0 0 0 0 0 0
0.0034495333675295114517 0.0035874801687896251678 2.6650693030205729883e-07 0.00079504231689497828484 0.0014878135407343506813 0.0043515833094716072083 0.03342661634087562561 0.013978535309433937073 0.035241290926933288574 0.044927094131708145142 0.0010442208731546998024 0.0018935630796477198601 0.0020775289740413427353 0.0046882266178727149963 0 1.0746064637895830365e-18 1.1277259347762070912e-17 0 0 1.5767524930583701236e-16 0.00034673154004849493504 0.00049069710075855255127 0 0 2.6636467744782651394e-16 0.0005857421201653778553 0.00074470811523497104645 0.001010007108561694622 0.00018565723439678549767 0.02803631126880645752 0.0059075653553009033203 0.00030343589605763554573 1.9014927436430961727e-14 0.020907133817672729492 0.0054409047588706016541 0.00079086422920227050781 0.00038827507523819804192 0.17033536732196807861 1.9706346988677978516 0.16485565900802612305 2.1116360975843521529e-17 2.3286393212260034756e-17 5.1067596359644085169e-05 1.8412236386211588979e-05 0 0 7.2689901571720838547e-05 3.3113199606304988265e-05
0.055949557572603225708 0.0017950966721400618553 2.3614825295226182789e-06 0.0070367981679737567902 0.00020624445460271090269 0.000466818659333512187 0.015890954062342643738 0.013572549447417259216 0.052664145827293395996 0.058513287454843521118 0.00041164335561916232109 0.0001601308467797935009 5.4774034651927649975e-05 0.00011525398440426215529 0 9.4523384177591651678e-06 9.9195822258479893208e-05 0 0 0 0 0 0 0 0 0 7.4381128884040475721e-16 0.0016356583219021558762 0.0015530415112152695656 0.0022971476428210735321 0.0094026140868663787842 0.00070139812305569648743 2.5469057608360975986e-14 0.028003524988889694214 0.0074268588796257972717 4.4366220208758022636e-06 0.00018459380953572690487 0.00015970108506735414267 0 8.4465443903374086117e-17 0.00018574147543404251337 5.5889768191264010966e-07 1.8521926676839939319e-06 6.6780137331079458818e-07 0 0 0.0015054438263177871704 0.0038400925695896148682
0.15784858167171478271 0.0014476095093414187431 0 0 1.8346737607995085599e-16 0.00040344902663491666317 0.0031057300511747598648 0.0048291324637830257416 0.0068776877596974372864 0.0012741006212309002876 0.038008693605661392212 0.043630603700876235962 0.00010257180110784247518 0.00021822615235578268766 0 5.3187730372883379459e-05 0.00055816886015236377716 0 0 0 0 0 0 0 0 0 0 3.4303719986077932293e-16 0.00075434678001329302788 0.0044835121370851993561 0.0055649392306804656982 0.0031964078079909086227 0.0018141374457627534866 2.394580769760068506e-05 4.5462602429324761033e-05 0.00010932357690762728453 0.017264597117900848389 0.018963146954774856567 0.0051144338212907314301 0.0013017139863222837448 0.00036931794602423906326 1.0611020115902647376e-06 0.00010434073919896036386 1.8594868151922128163e-06 3.5226428735768422484e-05 6.4616529016348067671e-06 0.00084770016837865114212 0.002899539656937122345
0.61992043256759643555 0.61571663618087768555 0.13083152472972869873 0.026475476101040840149 0.00014942977577447891235 1.7637631403055837264e-17 3.8785561628174036741e-05 0.00051952362991869449615 0.00081789732212200760841 0.00011334237933624535799 0.42888554930686950684 1.0409597158432006836 0.025153480470180511475 0.00019267779134679585695 0 0 0 0 0 8.772764571593621454e-17 0.00019291513308417052031 0.00016560743097215890884 3.4356171260565736012e-18 7.5550019573711324483e-06 7.7332661021500825882e-05 0 0 1.0085528658728348198e-16 0.00022178312065079808235 0.0018518578726798295975 0.0032436470501124858856 0.003667181357741355896 0.0039383862167596817017 0.0002455710491631180048 7.1119939093478024006e-06 9.4816156740319584352e-18 2.0850293367402628064e-05 0.0076385317370295524597 0.0089632682502269744873 0.0065312371589243412018 0.0028216305654495954514 2.3997503717509971466e-07 8.8465036242268979549e-05 0.0064476216211915016174 0.00092844612663611769676 7.0563895860686898232e-05 0 0
0.089403681457042694092 0.32146430015563964844 0.23051758110523223877 0.21656937897205352783 0.084793686866760253906 0.00079954747343435883522 0.0022936048917472362518 0.00046046153875067830086 0.070953294634819030762 0.21206624805927276611 0.39286923408508300781 1.550803065299987793 0.19346372783184051514 0.0027316575869917869568 0.00023657284327782690525 2.6702353352447971702e-05 6.8855538302159402519e-06 4.2966360348361144067e-15 0.0047242012806236743927 0.00096511357696726918221 0.00024487913469783961773 0.00047035684110596776009 0.00011729741527233272791 0.00020645532640628516674 0.00012650735152419656515 1.5983147755219124066e-16 0 2.5455775284715081302e-16 0.00055977841839194297791 0.0001106142372009344399 0.00041544734267517924309 0.0015209097182378172874 0.0010767320636659860611 0.00041916631744243204594 5.1952603826066479087e-05 0.00089684268459677696228 7.7900949690956622362e-05 2.4616333769496217157e-29 8.3305933884432773959e-16 0.0017128796316683292389 0.0015568046364933252335 2.1360153823479777202e-06 2.9889961297158151865e-05 0.0063558886758983135223 0.0007818166632205247879 5.3437968745129182935e-05 2.3867509099274463076e-17 0.00041833741124719381332
1.2612693279113323941e-15 0.0013867802917957305908 0.045473184436559677124 0.1740284264087677002 0.31291395425796508789 0.060511302202939987183 0.006347743794322013855 0.0013263295404613018036 0.54965490102767944336 1.2652317285537719727 0.16068921983242034912 0.015333899296820163727 0.025517920032143592834 0.0054167658090591430664 0.0050480295903980731964 1.9175438410456990823e-06 4.9446396133134840056e-07 3.016923411531266877e-15 0.0033171423710882663727 0.00072956294752657413483 0.00018697958148550242186 6.2649305618833750486e-05 4.229115802445448935e-05 4.839291796088218689e-05 7.9326011473312973976e-05 0.0014058925444260239601 0 2.0578303346958275524e-15 0.004525216761976480484 0.00014142757572699338198 0.00050699332496151328087 0.00088963482994586229324 0 9.738539626652153937e-17 0.00010707637557061389089 0.00037453050026670098305 1.5842768334550783038e-05 2.1652756170220882961e-16 0.00047614914365112781525 0.0021145667415112257004 2.191755083913449198e-05 0.00014862071839161217213 5.8199697377858683467e-05 2.240463436464779079e-05 4.5707634853897616267e-05 0 0.00020994083024561405182 0.00042028914322145283222
0.0053372890688478946686 0.0007892149733379483223 6.0649317674688063562e-06 0.0024110474623739719391 0.25938424468040466309 0.24400526285171508789 0.012553595937788486481 0.00016051165584940463305 0.036697648465633392334 0.11298707127571105957 0.017460463568568229675 0.0020730006508529186249 0.027730213478207588196 0.010402040556073188782 0.013370679691433906555 0 0 0 8.4124847323071701654e-18 1.8499249563319608569e-05 6.6496519139036536217e-05 0 1.6701196113452315651e-16 0.00036726318649016320705 0.0019006401998922228813 0.0029152294155210256577 8.9415683760307729244e-05 0.00024377374211326241493 0.019373055547475814819 0.0013968781568109989166 0.0012434937525540590286 0.0033667040988802909851 0.00040668781730346381664 0.0098026189953088760376 0 0 0 9.0184762564467831764e-16 0.0019831839017570018768 0.0025731164496392011642 0.00079137511784210801125 0.00023942261759657412767 0.0069904513657093048096 0.0063590533100068569183 0.0014520306140184402466 0 0.00045134575339034199715 0.00057935522636398673058
