data/water_occ_95.asc
ncols        384
nrows        480
xllcorner    138.000000000000
yllcorner    -29.000000000000
cellsize     0.041666666667
NODATA_value -9999
[rows 114 to 132 of 480, columns 210 to 251 of 384]
156.3934478759765625 160.03594970703125 163.720947265625 167.4456024169921875 171.2073516845703125 175.0037841796875 178.8326873779296875 182.6920318603515625 186.579925537109375 190.49462890625 194.4344940185546875 198.3980560302734375 202.3839111328125 206.3907470703125 210.4174041748046875 214.4627227783203125 218.52569580078125 222.6053466796875 226.7007904052734375 230.8111572265625 234.9356842041015625 239.0736236572265625 243.22430419921875 247.3870849609375 251.5613555908203125 255.7465667724609375 259.942169189453125 264.147674560546875 268.362640380859375 272.58660888671875 276.81915283203125 281.059906005859375 285.308502197265625 289.4296875 293.5533447265625 297.687744140625 301.832427978515625 305.98699951171875 310.151031494140625 314.324188232421875 317.16827392578125 315.16961669921875
153.6781768798828125 157.38287353515625 161.1278839111328125 164.910430908203125 168.72802734375 172.57830810546875 176.4591522216796875 180.36859130859375 184.3047943115234375 188.2660980224609375 192.2509307861328125 196.25787353515625 200.28558349609375 204.332855224609375 208.398529052734375 212.4815673828125 216.580963134765625 220.695831298828125 224.8253021240234375 228.968597412109375 233.124969482421875 237.2937469482421875 241.474273681640625 245.6659393310546875 249.8682098388671875 254.0805511474609375 258.302459716796875 262.533477783203125 266.773193359375 271.021148681640625 275.1983642578125 279.31439208984375 283.441925048828125 287.5804443359375 291.729461669921875 295.88861083984375 300.057373046875 304.235443115234375 308.42236328125 312.617828369140625 313.0313720703125 311.006500244140625
151.0565338134765625 154.82330322265625 158.6280517578125 162.4681396484375 166.3410797119140625 170.244659423828125 174.176788330078125 178.1356201171875 182.1193695068359375 186.12646484375 190.1554107666015625 194.204864501953125 198.2735595703125 202.360321044921875 206.464111328125 210.5839080810546875 214.7187957763671875 218.867919921875 223.030487060546875 227.2057647705078125 231.3930511474609375 235.591705322265625 239.8011474609375 244.02081298828125 248.250152587890625 252.4887237548828125 256.736053466796875 260.974639892578125 265.08221435546875 269.202117919921875 273.33380126953125 277.47674560546875 281.630462646484375 285.794464111328125 289.968292236328125 294.15155029296875 298.343841552734375 302.5447998046875 306.754058837890625 310.97125244140625 308.90869140625 306.857025146484375
148.5334625244140625 152.3619384765625 156.2259521484375 160.1229400634765625 164.0505523681640625 168.0066375732421875 171.9892425537109375 175.996551513671875 180.02691650390625 184.078826904296875 188.1508941650390625 192.2418365478515625 196.3504638671875 200.4756927490234375 204.6165313720703125 208.7720489501953125 212.9413604736328125 217.1237030029296875 221.3183135986328125 225.5245208740234375 229.74169921875 233.9692230224609375 238.206573486328125 242.453216552734375 246.7086639404296875 250.857574462890625 254.9689788818359375 259.09307861328125 263.229248046875 267.376953125 271.535675048828125 275.704864501953125 279.88409423828125 284.07293701171875 288.27093505859375 292.47772216796875 296.692901611328125 300.916107177734375 305.147064208984375 306.93121337890625 304.80084228515625 302.721710205078125
146.114105224609375 150.003631591796875 153.9261474609375 157.8791961669921875 161.8605499267578125 165.8681488037109375 169.900146484375 173.9548492431640625 178.0307159423828125 182.1262969970703125 186.2403106689453125 190.3715667724609375 194.518951416015625 198.6814727783203125 202.8581695556640625 207.0482177734375 211.25079345703125 215.4651947021484375 219.690704345703125 223.926727294921875 228.1726531982421875 232.427947998046875 236.641448974609375 240.7433013916015625 244.858856201171875 248.9874725341796875 253.1284942626953125 257.281341552734375 261.445404052734375 265.620208740234375 269.80523681640625 274 278.2041015625 282.417083740234375 286.6385498046875 290.8681640625 295.105560302734375 299.35040283203125 303.602386474609375 302.867156982421875 300.708404541015625 298.6011962890625
143.80364990234375 147.7532958984375 151.7332916259765625 155.7412872314453125 159.775177001953125 163.83306884765625 167.9132080078125 172.014007568359375 176.134033203125 180.27197265625 184.426605224609375 188.596832275390625 192.7816314697265625 196.9801025390625 201.191375732421875 205.414642333984375 209.649200439453125 213.894378662109375 218.149566650390625 222.414154052734375 226.526031494140625 230.6319732666015625 234.7520599365234375 238.885589599609375 243.0318603515625 247.1902313232421875 251.360107421875 255.5409088134765625 259.732147216796875 263.933258056640625 268.14385986328125 272.363433837890625 276.59161376953125 280.8280029296875 285.072265625 289.323974609375 293.5828857421875 297.848663330078125 301.058258056640625 298.819793701171875 296.63201904296875 294.496063232421875
141.6074676513671875 145.615966796875 149.652069091796875 153.7136077880859375 157.7985992431640625 161.9052886962890625 166.0320587158203125 170.1774444580078125 174.340118408203125 178.518890380859375 182.712615966796875 186.9203338623046875 191.141082763671875 195.3740386962890625 199.618408203125 203.873504638671875 208.138641357421875 212.31842041015625 216.41339111328125 220.5238037109375 224.6488494873046875 228.7877197265625 232.9396820068359375 237.1040496826171875 241.2801666259765625 245.4674530029296875 249.6653289794921875 253.8732757568359375 258.0908203125 262.31744384765625 266.552764892578125 270.79638671875 275.047882080078125 279.306915283203125 283.5731201171875 287.846221923828125 292.125885009765625 296.411834716796875 297.0582275390625 294.78985595703125 292.572357177734375 290.406951904296875
139.5309295654296875 143.5966644287109375 147.687225341796875 151.80059814453125 155.934967041015625 160.088714599609375 164.2603607177734375 168.4485931396484375 172.652191162109375 176.8700714111328125 181.1012115478515625 185.3447418212890625 189.59979248046875 193.865631103515625 198.1220703125 202.2043914794921875 206.3037261962890625 210.4190826416015625 214.549530029296875 218.694244384765625 222.852386474609375 227.0232391357421875 231.2061309814453125 235.400390625 239.605438232421875 243.820709228515625 248.0456695556640625 252.2798614501953125 256.5228271484375 260.774078369140625 265.033294677734375 269.300079345703125 273.57403564453125 277.8548583984375 282.142242431640625 286.4359130859375 290.73553466796875 295.0408935546875 293.0770263671875 290.77801513671875 288.530120849609375 286.334564208984375
137.5794677734375 141.7004547119140625 145.84344482421875 150.006622314453125 154.1883392333984375 158.3871307373046875 162.6016845703125 166.8307952880859375 171.0733795166015625 175.328460693359375 179.59515380859375 183.872650146484375 188.0066375732421875 192.093109130859375 196.197296142578125 200.318084716796875 204.4544830322265625 208.605560302734375 212.7704620361328125 216.9483795166015625 221.1385955810546875 225.3404083251953125 229.5531768798828125 233.7763214111328125 238.00927734375 242.2515411376953125 246.50262451171875 250.7621002197265625 255.029510498046875 259.304473876953125 263.586669921875 267.87567138671875 272.17120361328125 276.472991943359375 280.780670166015625 285.09405517578125 289.412811279296875 291.49578857421875 289.115386962890625 286.785064697265625 284.506072998046875 282.2796630859375
135.7584686279296875 139.9323272705078125 144.125396728515625 148.336029052734375 152.562774658203125 156.8043212890625 161.0595245361328125 165.327301025390625 169.6067047119140625 173.8223114013671875 177.8936920166015625 181.9848175048828125 186.0943756103515625 190.22119140625 194.3641357421875 198.522216796875 202.6945037841796875 206.880126953125 211.07830810546875 215.2882843017578125 219.5094146728515625 223.7410430908203125 227.9825897216796875 232.2335052490234375 236.4933013916015625 240.7614898681640625 245.0376434326171875 249.32135009765625 253.612213134765625 257.909881591796875 262.21405029296875 266.52435302734375 270.840545654296875 275.16229248046875 279.489410400390625 283.82159423828125 288.15863037109375 287.586700439453125 285.17413330078125 282.811798095703125 280.5009765625 278.242950439453125
134.0732421875 138.297210693359375 142.53759765625 146.7930145263671875 151.0621490478515625 155.343902587890625 159.637237548828125 163.707794189453125 167.783447265625 171.879791259765625 175.995361328125 180.12884521484375 184.2790374755859375 188.44482421875 192.625213623046875 196.8192596435546875 201.026123046875 205.2449951171875 209.47515869140625 213.7159423828125 217.96673583984375 222.226959228515625 226.4960784912109375 230.773590087890625 235.059051513671875 239.352020263671875 243.6521148681640625 247.958953857421875 252.2722015380859375 256.591522216796875 260.9166259765625 265.247222900390625 269.583038330078125 273.923858642578125 278.2694091796875 282.6195068359375 286.194061279296875 283.6995849609375 281.254150390625 278.85906982421875 276.51568603515625 274.225250244140625
132.5289764404296875 136.7998504638671875 141.08447265625 145.3816375732421875 149.5385894775390625 153.5956268310546875 157.6761474609375 161.7783660888671875 165.900665283203125 170.041595458984375 174.1998443603515625 178.3741607666015625 182.5634765625 186.766754150390625 190.9831085205078125 195.2116546630859375 199.4516448974609375 203.70233154296875 207.963104248046875 212.233306884765625 216.512420654296875 220.7999114990234375 225.0952911376953125 229.3981475830078125 233.7080230712890625 238.024566650390625 242.347412109375 246.676239013671875 251.0107269287109375 255.3505859375 259.695556640625 264.045379638671875 268.399810791015625 272.758636474609375 277.12164306640625 281.488677978515625 282.36346435546875 279.8353271484375 277.356292724609375 274.927734375 272.550994873046875 270.227447509765625
131.130645751953125 135.3905792236328125 139.4247589111328125 143.4860076904296875 147.5720672607421875 151.68096923828125 155.8108673095703125 159.9601593017578125 164.12738037109375 168.3111724853515625 172.510345458984375 176.7238006591796875 180.9505462646484375 185.189666748046875 189.4403228759765625 193.7017669677734375 197.973297119140625 202.2542724609375 206.5441131591796875 210.84228515625 215.14825439453125 219.4615936279296875 223.7818756103515625 228.1086883544921875 232.441680908203125 236.7805023193359375 241.1248626708984375 245.47442626953125 249.8289642333984375 254.1881866455078125 258.5518798828125 262.9197998046875 267.291778564453125 271.667572021484375 276.047027587890625 280.429962158203125 278.557403564453125 275.994903564453125 273.4815673828125 271.018768310546875 268.60791015625 266.250396728515625
129.31304931640625 133.379180908203125 137.471649169921875 141.588165283203125 145.7266845703125 149.885406494140625 154.06268310546875 158.2570343017578125 162.4671630859375 166.6918487548828125 170.930023193359375 175.1807098388671875 179.4430084228515625 183.71612548828125 187.9993133544921875 192.291900634765625 196.59326171875 200.902862548828125 205.22015380859375 209.5446624755859375 213.8759613037109375 218.213653564453125 222.557342529296875 226.906707763671875 231.26141357421875 235.6211700439453125 239.985687255859375 244.3547210693359375 248.7280426025390625 253.1054229736328125 257.486663818359375 261.87152099609375 266.2598876953125 270.65155029296875 275.046356201171875 277.422332763671875 274.77691650390625 272.1793212890625 269.63092041015625 267.133087158203125 264.68731689453125 262.2950439453125
127.37537384033203125 131.50067138671875 135.6490478515625 139.8184661865234375 144.007080078125 148.213287353515625 152.43560791015625 156.6727447509765625 160.92352294921875 165.1869049072265625 169.4619293212890625 173.74774169921875 178.043548583984375 182.348663330078125 186.6624298095703125 190.9842681884765625 195.313629150390625 199.6500396728515625 203.9930419921875 208.34222412109375 212.69720458984375 217.0576324462890625 221.423187255859375 225.7935791015625 230.1685333251953125 234.54779052734375 238.9311065673828125 243.318267822265625 247.7090606689453125 252.1033172607421875 256.5008544921875 260.901458740234375 265.3050537109375 269.711456298828125 274.120513916015625 273.7042236328125 271.023040771484375 268.3896484375 265.805389404296875 263.27178955078125 260.790313720703125 258.362396240234375
125.57917022705078125 129.76080322265625 133.9622955322265625 138.1818389892578125 142.417816162109375 146.6688079833984375 150.9335479736328125 155.210906982421875 159.4998626708984375 163.79949951171875 168.1090087890625 172.427642822265625 176.7547454833984375 181.089691162109375 185.4319305419921875 189.780975341796875 194.1363677978515625 198.4976806640625 202.8645477294921875 207.2365875244140625 211.6135101318359375 215.9950103759765625 220.38079833984375 224.7706451416015625 229.164306640625 233.5615692138671875 237.9622344970703125 242.3661041259765625 246.7730255126953125 251.182830810546875 255.595367431640625 260.010498046875 264.4281005859375 268.848052978515625 272.77850341796875 270.01458740234375 267.29693603515625 264.626953125 262.006134033203125 259.435943603515625 256.917877197265625 254.453521728515625
123.93061065673828125 128.165252685546875 132.416595458984375 136.6830596923828125 140.963287353515625 145.2560577392578125 149.5602874755859375 153.8750152587890625 158.1993865966796875 162.5326385498046875 166.874053955078125 171.2230377197265625 175.579010009765625 179.94146728515625 184.3099517822265625 188.684051513671875 193.0633697509765625 197.44757080078125 201.8363189697265625 206.2293548583984375 210.6263885498046875 215.0271759033203125 219.431488037109375 223.8391265869140625 228.2498931884765625 232.6636199951171875 237.0801239013671875 241.4992523193359375 245.9208831787109375 250.344879150390625 254.7711029052734375 259.199432373046875 263.629791259765625 268.06207275390625 269.155548095703125 266.3546142578125 263.599761962890625 260.892486572265625 258.2342529296875 255.6266632080078125 253.0712127685546875 250.56951904296875
122.435638427734375 126.71945953369140625 131.0169219970703125 135.32672119140625 139.6477203369140625 143.978912353515625 148.3194122314453125 152.66839599609375 157.0251922607421875 161.3891448974609375 165.75970458984375 170.1363525390625 174.5186309814453125 178.9061279296875 183.2984771728515625 187.6953125 192.0963592529296875 196.501312255859375 200.909912109375 205.3219451904296875 209.7371673583984375 214.1554107666015625 218.5764617919921875 223.0001678466796875 227.4263916015625 231.854949951171875 236.2857513427734375 240.7186279296875 245.1535186767578125 249.59027099609375 254.02880859375 258.46905517578125 262.910888671875 267.354248046875 265.564178466796875 262.725494384765625 259.9327392578125 257.187408447265625 254.49102783203125 251.8451690673828125 249.25146484375 246.7115478515625
121.09995269775390625 125.4285888671875 129.76800537109375 134.11712646484375 138.475067138671875 142.84100341796875 147.2142333984375 151.5941162109375 155.9801025390625 160.371673583984375 164.768402099609375 169.1698760986328125 173.5757293701171875 177.98565673828125 182.3993377685546875 186.8165130615234375 191.2369537353515625 195.660430908203125 200.08673095703125 204.51568603515625 208.9471282958984375 213.380889892578125 217.81683349609375 222.2548370361328125 226.69476318359375 231.1365203857421875 235.579986572265625 240.02508544921875 244.471710205078125 248.9197845458984375 253.369232177734375 257.819976806640625 262.27197265625 264.926971435546875 262.00567626953125 259.128570556640625 256.29718017578125 253.5130157470703125 250.777679443359375 248.0927581787109375 245.459930419921875 242.880859375
