data/water_occ_97.asc
ncols        384
nrows        480
xllcorner    138.000000000000
yllcorner    -29.000000000000
cellsize     0.041666666667
NODATA_value -9999
[rows 19 to 37 of 480, columns 126 to 167 of 384]
0 0 0 0 0 0 0 0 0 0 0 0 0 0 0 0 0 0 0 0 0 0 2.0784032047499456652e-12 4.5704569816589355469 9.1409139633178710938 13.711371421813964844 18.281827926635742188 22.852285385131835938 27.422740936279296875 31.993198394775390625 36.563655853271484375 41.1341094970703125 45.70456695556640625 50.2750244140625 54.845478057861328125 59.415935516357421875 63.98638916015625 68.55684661865234375 73.1273040771484375 77.69775390625 82.26821136474609375 86.83866119384765625
0 0 0 0 0 0 0 0 0 0 0 0 0 0 0 0 0 0 0 0 0 0 2.0781412615050731674e-12 4.5698809623718261719 9.1397619247436523438 13.709642410278320313 18.279523849487304688 22.849405288696289063 27.419284820556640625 31.989166259765625 36.559047698974609375 41.128925323486328125 45.6988067626953125 50.268688201904296875 54.838565826416015625 59.408447265625 63.97832489013671875 68.5482025146484375 73.11808013916015625 77.68796539306640625 82.257843017578125 86.82772064208984375
0 0 0 0 0 0 0 0 0 0 0 0 2.077878234058028184e-12 4.5693025588989257813 4.5693025588989257813 2.077878234058028184e-12 0 0 4.155756468116056368e-12 4.5693025588989257813 0 0 2.077878234058028184e-12 4.5693025588989257813 9.1386051177978515625 13.707907676696777344 18.277210235595703125 22.8465118408203125 27.415813446044921875 31.985116958618164063 36.554416656494140625 41.123722076416015625 45.693023681640625 50.262325286865234375 54.831623077392578125 59.4009246826171875 63.970226287841796875 68.53952789306640625 73.10882568359375 77.678131103515625 82.24742889404296875 86.8167266845703125
0 0 0 0 0 0 0 0 2.0776141224088107151e-12 4.568721771240234375 4.6383123397827148438 4.6383123397827148438 4.6383123397827148438 6.510746002197265625 4.568721771240234375 2.0776141224088107151e-12 0 0 4.568721771240234375 4.568721771240234375 0 0 2.0776141224088107151e-12 4.568721771240234375 9.13744354248046875 13.706164360046386719 18.2748870849609375 22.843606948852539063 27.412328720092773438 31.981050491333007813 36.549770355224609375 41.11849212646484375 45.687213897705078125 50.255931854248046875 54.82465362548828125 59.393375396728515625 63.962093353271484375 68.53081512451171875 73.0995330810546875 77.66825103759765625 82.236968994140625 86.80568695068359375
0 0 0 0 0 0 0 0 2.0773487097169862636e-12 4.56813812255859375 9.1362762451171875 9.2766246795654296875 9.2766246795654296875 9.1362762451171875 4.56813812255859375 2.0773487097169862636e-12 0 0 0 0 0 0 2.0773487097169862636e-12 4.56813812255859375 9.1362762451171875 13.70441436767578125 18.272552490234375 22.84069061279296875 27.4088287353515625 31.97696685791015625 36.54510498046875 41.11324310302734375 45.6813812255859375 50.249515533447265625 54.817653656005859375 59.385791778564453125 63.95392608642578125 68.522064208984375 73.09020233154296875 77.65833282470703125 82.226470947265625 86.79460906982421875
0 0 0 0 0 2.3610653731881130834e-25 2.5960188317596111229e-13 2.3407400150110557746e-12 4.5675525665283203125 6.5099272727966308594 10.245720863342285156 13.914936065673828125 13.702657699584960938 9.135105133056640625 4.5675525665283203125 2.3366842315242219996e-12 1.2180006213636600236e-25 3.6886874001662075357e-27 0 3.3548416469477229254e-39 3.6886874001662075357e-27 4.1541648593268476475e-12 4.5675525665283203125 6.5099272727966308594 10.245720863342285156 14.467233657836914063 18.850923538208007813 23.305456161499023438 27.79679107666015625 32.3095855712890625 36.8359527587890625 41.371440887451171875 45.913341522216796875 50.459926605224609375 55.010036468505859375 59.56285858154296875 64.11782073974609375 68.67449188232421875 73.23255157470703125 77.7917633056640625 82.3519287109375 86.91290283203125
0 0 0 0 3.3544058431253179073e-39 4.1536301308153777967e-12 4.5669646263122558594 4.6383123397827148438 6.5095152854919433594 10.244673728942871094 13.019442558288574219 16.547464370727539063 14.465565681457519531 10.244673728942871094 6.5095152854919433594 4.5669646263122558594 2.3404724339148863521e-12 2.5956830001366837379e-13 3.7467988695641924805e-27 2.3982278708759763048e-25 2.5956830001366837379e-13 4.4172877161630097476e-12 4.5669646263122558594 9.1339292526245117188 13.019442558288574219 16.547464370727539063 20.49039459228515625 24.649930953979492188 28.93280029296875 33.29143524169921875 37.699573516845703125 42.141674041748046875 46.6080322265625 51.09228515625 55.590106964111328125 60.09844207763671875 64.6150970458984375 69.1384429931640625 73.667236328125 78.2005462646484375 82.73761749267578125 87.27787017822265625
0 0 0 0 2.3604535129485010361e-25 4.4126273815447980553e-12 4.5663738250732421875 9.132747650146484375 10.339870452880859375 13.018617630004882813 16.546003341674804688 19.528543472290039063 16.546003341674804688 13.018617630004882813 10.243622779846191406 6.50910186767578125 4.6383123397827148438 4.5663738250732421875 2.6365753113752332659e-13 4.4167503855663259316e-12 4.5663738250732421875 4.6383123397827148438 6.50910186767578125 10.243622779846191406 14.463891029357910156 18.846363067626953125 22.964818954467773438 26.741756439208984375 30.73401641845703125 34.867717742919921875 39.0980224609375 43.39669036865234375 47.745258331298828125 52.1312408447265625 56.545932769775390625 60.983097076416015625 65.43817138671875 69.90771484375 74.38913726806640625 78.880401611328125 83.3799285888671875 87.88643646240234375
0 0 0 3.3535286302866505718e-39 4.1525537348985341879e-12 4.5657811164855957031 6.5086870193481445313 10.242568016052246094 14.462209701538085938 16.644617080688476563 19.527303695678710938 22.96294403076171875 19.527303695678710938 16.544534683227539063 13.017788887023925781 10.339609146118164063 9.2766246795654296875 6.5086870193481445313 4.6383123397827148438 4.6383123397827148438 6.5086870193481445313 9.2766246795654296875 10.339609146118164063 13.017788887023925781 16.544534683227539063 20.4861907958984375 24.64447021484375 28.9261016845703125 33.091999053955078125 36.96245574951171875 40.976581573486328125 45.096027374267578125 49.29439544677734375 53.553127288818359375 57.85889434814453125 62.201930999755859375 66.57494354248046875 70.97238922119140625 75.38999176025390625 79.82440948486328125 84.27298736572265625 88.73358917236328125
3.7467988695641924805e-27 3.7467988695641924805e-27 3.7467988695641924805e-27 2.3973044105788019579e-25 4.411478994603701409e-12 4.565185546875 9.13037109375 13.016956329345703125 16.543062210083007813 20.484075546264648438 23.062715530395507813 26.035573959350585938 22.961061477661132813 19.526058197021484375 16.643968582153320313 14.644948005676269531 13.016956329345703125 10.33934783935546875 9.2766246795654296875 9.2766246795654296875 10.33934783935546875 13.016956329345703125 14.644948005676269531 16.643968582153320313 19.526058197021484375 22.961061477661132813 26.736713409423828125 30.727697372436523438 34.860137939453125 39.089191436767578125 43.27277374267578125 47.19171905517578125 51.218090057373046875 55.32843780517578125 59.505359649658203125 63.735774993896484375 68.00969696044921875 72.3194122314453125 76.65888214111328125 81.0233306884765625 85.40892791748046875 89.8125762939453125
2.6365753113752332659e-13 2.6365753113752332659e-13 2.6365753113752332659e-13 4.4151258170310736517e-12 4.5645875930786132813 6.5078516006469726563 10.240444183349609375 14.458826065063476563 18.839452743530273438 22.959171295166015625 26.7341766357421875 29.417367935180664063 26.033908843994140625 23.061658859252929688 20.678693771362304688 19.10678863525390625 16.643316268920898438 14.644762992858886719 13.914936065673828125 13.914936065673828125 14.644762992858886719 16.643316268920898438 19.10678863525390625 20.678693771362304688 23.061658859252929688 26.033908843994140625 29.417367935180664063 33.086116790771484375 36.955291748046875 40.9681396484375 45.0863189697265625 49.2834320068359375 53.47592926025390625 57.424396514892578125 61.458530426025390625 65.56252288818359375 69.724029541015625 73.933349609375 78.18276214599609375 82.46605682373046875 86.778228759765625 91.11516571044921875
4.6383123397827148438 4.6383123397827148438 4.6383123397827148438 4.6383123397827148438 6.5074315071105957031 10.239376068115234375 13.015282630920410156 16.540098190307617188 20.47982025146484375 24.636196136474609375 28.915950775146484375 32.541339874267578125 29.518575668334960938 26.934011459350585938 24.924345016479492188 23.060596466064453125 20.678167343139648438 19.106645584106445313 18.553249359130859375 18.553249359130859375 19.106645584106445313 20.678167343139648438 23.060596466064453125 24.924345016479492188 26.934011459350585938 29.518575668334960938 32.541339874267578125 35.89176177978515625 39.486522674560546875 43.26476287841796875 47.182422637939453125 51.207515716552734375 55.316593170166015625 59.49225616455078125 63.69019317626953125 67.658447265625 71.69789886474609375 75.7971649169921875 79.9470367431640625 84.14003753662109375 88.370025634765625 92.631927490234375
9.2766246795654296875 9.2766246795654296875 9.2766246795654296875 9.2766246795654296875 10.338555335998535156 13.014440536499023438 16.538608551025390625 19.522291183471679688 22.9553680419921875 26.72907257080078125 30.7181243896484375 34.848651885986328125 33.28597259521484375 31.01725006103515625 29.289339065551757813 26.933101654052734375 24.923906326293945313 23.636552810668945313 23.191560745239257813 23.191560745239257813 23.636552810668945313 24.923906326293945313 26.933101654052734375 29.289339065551757813 31.01725006103515625 33.28597259521484375 35.99338531494140625 39.04834747314453125 42.375759124755859375 45.9164276123046875 49.624721527099609375 53.46578216552734375 57.412960052490234375 61.4458160400390625 65.54853057861328125 69.70877838134765625 73.91051483154296875 77.892913818359375 81.93619537353515625 86.0317840576171875 90.17253875732421875 94.3525238037109375
10.236146926879882813 13.011895179748535156 13.914936065673828125 13.914936065673828125 14.64420318603515625 16.641344070434570313 19.521026611328125 22.95345306396484375 26.02887725830078125 29.41040802001953125 33.07720947265625 36.94443511962890625 37.2504119873046875 35.23813629150390625 33.28466033935546875 31.01645660400390625 29.288965225219726563 28.201723098754882813 27.82987213134765625 27.82987213134765625 28.201723098754882813 29.288965225219726563 31.01645660400390625 33.28466033935546875 35.23813629150390625 37.2504119873046875 39.687992095947265625 42.47771453857421875 45.554931640625 48.865367889404296875 52.36479949951171875 56.017826080322265625 59.79630279541015625 63.6779022216796875 67.644866943359375 71.68303680419921875 75.78102874755859375 79.92962646484375 84.12136077880859375 88.12726593017578125 92.1734161376953125 96.2660369873046875
6.5057339668273925781 10.2350616455078125 14.450247764587402344 18.553249359130859375 19.1062164306640625 20.676578521728515625 23.057390213012695313 26.027187347412109375 29.408071517944335938 32.535037994384765625 35.883533477783203125 39.47634124755859375 41.3552703857421875 39.552631378173828125 37.249240875244140625 35.237438201904296875 33.727046966552734375 32.787433624267578125 32.4681854248046875 32.4681854248046875 32.787433624267578125 33.727046966552734375 35.237438201904296875 37.249240875244140625 39.552631378173828125 41.3552703857421875 43.56348419189453125 46.119045257568359375 48.9676055908203125 52.061092376708984375 55.35845947265625 58.82543182373046875 62.4337615966796875 66.1603240966796875 69.986236572265625 73.89606475830078125 77.87717437744140625 81.9191741943359375 86.01348114013671875 90.1529693603515625 94.3316802978515625 98.36119842529296875
4.5615625381469726563 9.1231250762939453125 13.684687614440917969 18.246250152587890625 22.807811737060546875 24.922586441040039063 26.930349349975585938 29.512636184692382813 32.53292083740234375 35.880767822265625 39.040771484375 42.3662567138671875 45.562610626220703125 43.561908721923828125 41.35420989990234375 39.55200958251953125 38.212718963623046875 37.386119842529296875 37.10649871826171875 37.10649871826171875 37.386119842529296875 38.212718963623046875 39.55200958251953125 41.35420989990234375 43.561908721923828125 45.562610626220703125 47.57567596435546875 49.92598724365234375 52.56832122802734375 55.46096038818359375 58.56682586669921875 61.853801727294921875 65.29454803466796875 68.86602020263671875 72.54891204833984375 76.32709503173828125 80.187103271484375 84.11767578125 88.10936737060546875 92.15422821044921875 96.24556732177734375 100.37769317626953125
4.5609502792358398438 9.1219005584716796875 13.682850837707519531 18.243801116943359375 22.804750442504882813 27.36569976806640625 31.014062881469726563 33.28069305419921875 35.985759735107421875 39.0382232666015625 42.36305999755859375 45.54607391357421875 48.854579925537109375 47.5742340087890625 45.5616455078125 43.9326019287109375 42.730991363525390625 41.993526458740234375 41.744808197021484375 41.744808197021484375 41.993526458740234375 42.730991363525390625 43.9326019287109375 45.5616455078125 47.5742340087890625 49.846485137939453125 51.69275665283203125 53.863433837890625 56.321025848388671875 59.029705047607421875 61.95655059814453125 65.0721282958984375 68.3506317138671875 71.769744873046875 75.31031036376953125 78.95599365234375 82.692901611328125 86.5092010498046875 90.39483642578125 94.34125518798828125 98.34112548828125 102.38819122314453125
4.5603356361389160156 9.1206712722778320313 13.681006431579589844 18.241342544555664063 22.801677703857421875 27.362012863159179688 31.9223480224609375 36.4826812744140625 39.681060791015625 42.468387603759765625 45.54309844970703125 48.850955963134765625 52.0509490966796875 51.691425323486328125 49.845600128173828125 48.361278533935546875 47.27252197265625 46.60706329345703125 46.383121490478515625 46.383121490478515625 46.60706329345703125 47.27252197265625 48.361278533935546875 49.845600128173828125 51.691425323486328125 53.86159515380859375 55.89154052734375 57.904773712158203125 60.197299957275390625 62.73851776123046875 65.49948883056640625 68.45361328125 71.576995849609375 74.84844970703125 78.24939727783203125 81.76367950439453125 85.37731170654296875 89.0782012939453125 92.8559112548828125 96.70143890380859375 100.6070098876953125 104.56589508056640625
4.5597186088562011719 9.1194372177124023438 13.679155349731445313 18.238872528076171875 22.79859161376953125 27.358308792114257813 31.918027877807617188 36.47774505615234375 41.037464141845703125 45.597179412841796875 48.956577301025390625 52.047542572021484375 55.3423309326171875 55.890308380126953125 54.18793487548828125 52.82595062255859375 51.831195831298828125 51.22507476806640625 51.021434783935546875 51.021434783935546875 51.22507476806640625 51.831195831298828125 52.82595062255859375 54.18793487548828125 55.890308380126953125 57.9030609130859375 60.15493011474609375 62.029697418212890625 64.1747589111328125 66.56398773193359375 69.172088623046875 71.97528076171875 74.95166015625 78.0814361572265625 81.3469085693359375 84.7323760986328125 88.22403717041015625 91.80977630615234375 95.4789886474609375 99.22241973876953125 103.031982421875 106.90059661865234375
