data/water_occ.asc
ncols        384
nrows        480
xllcorner    138.000000000000
yllcorner    -29.000000000000
cellsize     0.041666666667
NODATA_value -9999
[rows 357 to 377 of 480, columns 240 to 287 of 384]
0.020221266895532608032 0.034866180270910263062 0.0068840710446238517761 0.0096000814810395240784 0.0055009420029819011688 0.0061209988780319690704 0.018028598278760910034 0.0042651770636439323425 0.056192588061094284058 0.76626127958297729492 0.46431076526641845703 0.41521424055099487305 0.86349242925643920898 0.032959610223770141602 0.0053046979010105133057 0.014855600893497467041 0.025686973705887794495 0.010887952521443367004 0.072474665939807891846 0.48642468452453613281 0.27654320001602172852 0.002314219251275062561 0.018919525668025016785 0.031771507114171981812 0.0011944980360567569733 5.1414583140285685658e-05 6.009772876152145657e-17 3.5447150937400193679e-17 2.3260495639608062694e-29 5.1150370847164022543e-17 2.3274736913940182511e-16 1.1351276461590050892e-16 6.6527623857837170362e-05 0.00011392377200536429882 0.00341875455342233181 0.011894277296960353851 0.0071247601881623268127 0.0050570131279528141022 0.01562127377837896347 0.023292277008295059204 0.015745755285024642944 0.0053344378247857093811 0.086730949580669403076 1.9018462896347045898 0.23497122526168823242 0.013346082530915737152 0.0047878604382276535034 0.002743254881352186203
0.019190611317753791809 0.058615162968635559082 0.015346757136285305023 0.0022607897408306598663 0.004514812026172876358 0.0078088883310556411743 0.016665596514940261841 0.0063803335651755332947 1.0899561643600463867 1.6279848814010620117 0.41146865487098693848 0.0096362791955471038818 0.02648892626166343689 0.040691666305065155029 0.0074324999004602432251 0.0078157149255275726318 0.003758635837584733963 0.012101310305297374725 0.032047942280769348145 0.54647207260131835938 0.24643199145793914795 0.00038109140587039291859 0.0053400113247334957123 0.071682512760162353516 0.096777230501174926758 0.0019326206529513001442 0.00052862521260976791382 0.00031179643701761960983 2.0460148338865609017e-16 0.00044992342009209096432 0.0020472675096243619919 0.00073235837044194340706 0.00082078721607103943825 0.0020726947113871574402 0.0006445943727158010006 0.0014837257331237196922 0.0047849300317466259003 0.023778585717082023621 0.013574778102338314056 0.019130002707242965698 0.021950433030724525452 0.01702557690441608429 0.0097379144281148910522 0.03548699989914894104 0.080256193876266479492 0.043332047760486602783 0.067105829715728759766 0.041369091719388961792
0.001118038548156619072 0.0035687470808625221252 0.0042887651361525058746 0.0083225024864077568054 0.0095355939120054244995 0.015702914446592330933 0.054825715720653533936 0.014291984960436820984 0.21645805239677429199 0.21768543124198913574 0.01941139809787273407 0.42953431606292724609 0.45795673131942749023 0.0099737057462334632874 0.0049763927236199378967 0.0023094052448868751526 0.0036526492331176996231 0.010833339765667915344 0.016292072832584381104 0.45000830292701721191 0.21889306604862213135 6.4841107814572751522e-05 0.014708999544382095337 0.065843291580677032471 0.090540058910846710205 0.0066833086311817169189 0.00028169399593025445938 0.0031417324207723140717 1.563950490890420042e-06 0.00011484501010272651911 0.0063965977169573307037 0.0035321887116879224777 0.00062802678439766168594 0.002466339385136961937 0.0015286764828488230705 0.0012796284863725304604 0.0024700532667338848114 0.062733516097068786621 0.018685868009924888611 0.0068661775439977645874 0.0096561303362250328064 0.075931429862976074219 0.15390804409980773926 0.12718240916728973389 0.037068601697683334351 0.037240181118249893188 0.024619990959763526917 0.011065234430134296417
1.2357281081780630352e-15 0.0013586974237114191055 0.011314487084746360779 0.034777056425809860229 0.020863149315118789673 0.0076484950259327888489 0.092130973935127258301 0.99525928497314453125 0.019178956747055053711 0.03608401864767074585 0.21611133217811584473 2.0938091278076171875 2.8856256008148193359 0.11899347603321075439 0.0060886470600962638855 0.0016477713361382484436 0.0048269731923937797546 0.015901703387498855591 0.0065236161462962627411 0.09943927079439163208 0.036950524896383285522 0.0017882942920550704002 0.019531782716512680054 0.089884825050830841064 0.01753785647451877594 4.0050076677289325744e-06 0.0088903205469250679016 0.0078623006120324134827 5.6052090968705670093e-08 1.8906994646938886731e-17 4.157692092121578753e-05 0.001431131153367459774 0.010157670825719833374 0.033696737140417098999 0.01837732270359992981 0.0067558721639215946198 0.00093616463709622621536 0.00085174693958833813667 0.0058530909009277820587 0.031839188188314437866 0.030916683375835418701 0.022448249161243438721 0.23645281791687011719 0.35523346066474914551 0.036068100482225418091 0.021936140954494476318 0.10243006050586700439 0.09207118302583694458
2.9248343385759978415e-18 3.032555033995930566e-16 0.00032494767219759523869 0.0092694377526640892029 0.021083418279886245728 0.014166565611958503723 0.046099647879600524902 0.37668696045875549316 0.048130534589290618896 0.026107523590326309204 0.53509992361068725586 2.0837893486022949219 1.54837799072265625 0.52714067697525024414 0.011900278739631175995 0.021465461701154708862 0.029574947431683540344 0.045907240360975265503 0.019773861393332481384 0.073815889656543731689 0.07625217735767364502 0.0093074897304177284241 0.31606903672218322754 0.20831380784511566162 0.018594441935420036316 0.00015804478607606142759 0.0041351858526468276978 0.0014201741432771086693 0 1.2240042986853366625e-17 2.6916139177046716213e-05 0.0019662096165120601654 0.03676595538854598999 0.042961440980434417725 0.014829915016889572144 0.012831102125346660614 0.0035226109903305768967 0.0021363189443945884705 0.0017775085289031267166 0.014418246224522590637 0.044512704014778137207 0.018664227798581123352 0.54317414760589599609 0.59718596935272216797 0.035907354205846786499 0.030968094244599342346 0.13588699698448181152 0.068669363856315612793
2.5727114916662685573e-05 6.7882232542615383863e-05 0.0018883106531575322151 0.0024844603613018989563 0.015308484435081481934 0.029890013858675956726 0.028609830886125564575 0.015140253119170665741 0.0090441834181547164917 0.0084017785266041755676 0.036805491894483566284 0.027494447305798530579 0.028140235692262649536 0.037004429847002029419 0.0090375812724232673645 0.014786871150135993958 0.041269570589065551758 0.036522738635540008545 0.026446936652064323425 0.015331988222897052765 0.031562671065330505371 0.0094602424651384353638 0.10194364190101623535 0.046086296439170837402 0.012280827388167381287 0.00055259757209569215775 9.6752492027007974684e-06 0 0 3.1790139127188955358e-17 6.9907255237922072411e-05 0.0027594091370701789856 0.0083376895636320114136 0.0063835238106548786163 0.0060419845394790172577 0.0070091304369270801544 0.0068615744821727275848 0.0022453067358583211899 0.00017814626335166394711 0.0044114734046161174774 0.025845963507890701294 0.020997896790504455566 0.12523524463176727295 0.11718961596488952637 0.060187455266714096069 0.027862131595611572266 0.029571115970611572266 0.0377539023756980896
0.0028397990390658378601 0.0056937262415885925293 0.0032952290493994951248 9.8882745078299194574e-05 0.00081066484563052654266 0.001651956816203892231 0.012588027864694595337 0.0085536064580082893372 0.00088843482080847024918 0.0070713669992983341217 0.036530364304780960083 0.20585440099239349365 0.080383449792861938477 0.016736738383769989014 0.012307950295507907867 0.021111445501446723938 0.10799058526754379272 0.087899088859558105469 0.029947020113468170166 0.0097297681495547294617 0.0092883137986063957214 0.0038033009041100740433 0.028012221679091453552 0.019539196044206619263 0.00050778558943420648575 0 0 0 0 6.6631343869947103932e-17 0.00014652387471869587898 0.0092246429994702339172 0.015481630340218544006 0.0056859445758163928986 0.0031683887355029582977 0.0054138610139489173889 0.0030132394749671220779 0.0054998085834085941315 0.001124560600146651268 0.0007611789042130112648 0.0070017939433455467224 0.018042907118797302246 0.21818333864212036133 0.42896163463592529297 0.027555443346500396729 0.016568645834922790527 0.021896114572882652283 0.028929039835929870605
0.0004132366448175162077 5.1507446187315508723e-05 3.5232208386100534458e-15 0.0038423996884375810623 0.0022252129856497049332 7.754102261969819665e-05 0.00073176488513126969337 0.0029291757382452487946 0.0016461553750559687614 0.025923393666744232178 0.0050685866735875606537 0.0036881305277347564697 0.054634667932987213135 0.031639840453863143921 0.049245536327362060547 0.096064254641532897949 0.11135523766279220581 0.11474817991256713867 0.054193504154682159424 0.067537508904933929443 0.020419016480445861816 0.009287009015679359436 0.029839884489774703979 0.015206773765385150909 0 0 0 0 0 1.1136329484874114513e-18 2.4489047518727602437e-06 0.00042307397234253585339 0.0033825861755758523941 0.004365888889878988266 0.0093819824978709220886 0.0062668644823133945465 0.00053428678074851632118 0.0004281056462787091732 0.00010361799650127068162 9.3957380158826708794e-05 0.016373630613088607788 0.024290144443511962891 0.20754888653755187988 1.8210990428924560547 0.17550165951251983643 0.0069877947680652141571 0.022587643936276435852 0.018528167158365249634
0.010152859613299369812 0.0010021254420280456543 0.00025138119235634803772 0.016867751255631446838 0.010544597171247005463 0.001202477957122027874 0.0021794144995510578156 0.0016984530957415699959 0.0025522636715322732925 0.012758387252688407898 0.0017744281794875860214 0.0017904491396620869637 0.047423120588064193726 0.027703389525413513184 0.0018508312059566378593 0.032774962484836578369 0.014503127895295619965 0.068317659199237823486 0.083693273365497589111 0.039098616689443588257 0.082693494856357574463 0.011179867200553417206 0.0049306415021419525146 0.011420122347772121429 0 0 0 3.1312431074266063611e-29 6.8856764120180167892e-17 8.8454724239480525018e-17 9.5506715297233313322e-05 0.00036187426303513348103 0.00055512576363980770111 0.00065135752083733677864 0.0021860003471374511719 0.00035928993020206689835 4.8608081527063535208e-16 0.00053445150842890143394 0.00039348111022263765335 0.00015336828073486685753 0.0081578772515058517456 0.012578814290463924408 0.071313589811325073242 1.4949091672897338867 0.66359937191009521484 0.0073311235755681991577 0.01020372193306684494 0.018909484148025512695
0.012364096939563751221 0.0022194450721144676208 0.00087192229693755507469 0.0040991795249283313751 0.054326925426721572876 0.01760533452033996582 0.0032737918663769960403 0.027210880070924758911 0.037448763847351074219 0.0050262575969099998474 0.5921027064323425293 0.44278243184089660645 0.027774222195148468018 0.092091895639896392822 0.033467456698417663574 0.29403829574584960938 0.037438653409481048584 0.044097609817981719971 0.040428496897220611572 0.03839084133505821228 0.032839663326740264893 0.014232702553272247314 0.0078340042382478713989 0.01700274832546710968 0 0 0 2.7542705648072067157e-16 0.00060567050240933895111 0.00039602912147529423237 5.7461696055217069672e-17 0.0001263596059288829565 0.00030808043084107339382 0.00035244383616372942924 0.0023733081761747598648 0.00062344380421563982964 1.6226579677364530441e-14 0.017841313034296035767 0.028106810525059700012 0.00067201512865722179413 0.0015144186327233910561 0.0021902134176343679428 0.010822261683642864227 0.72029799222946166992 0.28277793526649475098 0.027372527867555618286 0.0057380120269954204559 0.011932086199522018433
0.37372055649757385254 0.0013122572563588619232 3.6425766747241305338e-15 0.0040050554089248180389 0.065620474517345428467 0.033872403204441070557 0.010816023685038089752 0.0042897420935332775116 0.0033658223692327737808 0.0013780387816950678825 0.11667906492948532104 0.095973834395408630371 0.010264068841934204102 0.14401251077651977539 0.23295605182647705078 0.53462821245193481445 0.056461714208126068115 0.073026418685913085938 0.056790482252836227417 0.011098673567175865173 0.0047726468183100223541 0.0068332571536302566528 0.0042223031632602214813 0.0037516911979764699936 2.3819567236085143987e-20 0 2.0568078679275626127e-29 1.0255412233607630844e-15 0.0021557279396802186966 0.0014145921450108289719 0.0029340970795601606369 0.0024275679606944322586 0.010086628608405590057 0.00061931577511131763458 0.0016143068205565214157 0.053104937076568603516 0.046221692115068435669 0.051454409956932067871 0.061491250991821289063 0.0020271998364478349686 0.0013321654405444860458 0.0024609984830021858215 0.11688323318958282471 1.9525651931762695313 0.33298417925834655762 0.013517305254936218262 0.01130661647766828537 0.0037540798075497150421
0.089545108377933502197 0.0012225212994962930679 2.1194509228173938342e-15 0.0023303609341382980347 0.011195162311196327209 0.014006713405251502991 0.015453130006790161133 0.00087361718760803341866 1.795989919628482312e-05 0.0019868151284754276276 0.00017821381334215402603 0.001787126762792468071 0.021417941898107528687 1.2598791122436523438 1.1411511898040771484 0.020396687090396881104 0.0011508683674037456512 0.049276988953351974487 0.017524775117635726929 0.012290025129914283752 0.010540314950048923492 0.00046971786650829017162 0.010742875747382640839 0.0042495555244386196136 2.095191291573428316e-07 0 1.8091873335100147136e-16 0.00039784450200386345387 2.9113976779626682401e-05 2.3029467683954862878e-06 0.0070549831725656986237 0.0059052999131381511688 0.0044868388213217258453 0.0055665904656052589417 0.014726729132235050201 0.021127188578248023987 0.034971803426742553711 0.039597421884536743164 0.018102677538990974426 0.0049732318148016929626 0.0026613804511725902557 0.0065424069762229919434 0.041918594390153884888 0.87039977312088012695 0.080956339836120605469 0.066378653049468994141 0.036329034715890884399 0.09767201542854309082
0.011172587983310222626 0.0030812371987849473953 1.2712216705652723542e-17 9.2198181055914985027e-16 0.0010121593950316309929 0.0034321278799325227737 0.0055381869897246360779 0.00013111627777107059956 0.207373008131980896 0.54989165067672729492 0.061856500804424285889 0.0067489841021597385406 0.02067229151725769043 0.19716057181358337402 0.28856652975082397461 0.01746660284698009491 0.0037534320726990699768 0.010687296278774738312 0.0013339767465367913246 0.005595944821834564209 0.048546101897954940796 0.045408114790916442871 0.21377968788146972656 0.04211947321891784668 4.1694311221363022923e-05 0 1.4557421898400685735e-16 0.00032012109295465052128 0.0040598213672637939453 0.0069363438524305820465 0.015618139877915382385 0.013036658056080341339 0.041755009442567825317 0.036487158387899398804 0.033502031117677688599 0.037440951913595199585 0.071355029940605163574 0.01299084443598985672 0.0057428805157542228699 0.014146734960377216339 0.079538144171237945557 0.024953454732894897461 0.012046913616359233856 0.29423373937606811523 0.071109123528003692627 0.11420535296201705933 0.11506433784961700439 0.10536254197359085083
0.0098764821887016296387 0.0011237163562327623367 0.00011181784066138789058 1.2562404663185589015e-05 1.6636959252314917649e-16 0.00018292530148755759001 0.0040696915239095687866 0.00050529977306723594666 0.29481086134910583496 0.95463871955871582031 0.15327781438827514648 0.0020569239277392625809 0.0019043924985453486443 0.010396874509751796722 0.05162118375301361084 0.020360859110951423645 0.013672396540641784668 0.012568590231239795685 0.018692282959818840027 0.011720049194991588593 0.13995115458965301514 0.18057419359683990479 0.38432034850120544434 0.10355715453624725342 0.0042647016234695911407 0 1.4909537465041238641e-15 0.0032786419615149497986 0.0075717866420745849609 0.0088010272011160850525 0.024843875318765640259 0.034414295107126235962 0.095101617276668548584 0.016399802640080451965 0.039246633648872375488 0.048663921654224395752 0.042193125933408737183 0.014789891429245471954 0.0056964214891195297241 0.0056940400972962379456 0.037904672324657440186 0.053856894373893737793 0.0080573623999953269958 0.18787559866905212402 0.10143064707517623901 0.085825175046920776367 0.14824765920639038086 0.092406131327152252197
0.015526611357927322388 0.00091119826538488268852 0.0015772026963531970978 5.6175972531491424888e-06 2.160364374503842555e-06 2.3255546693690121174e-05 0.0013571942690759897232 0.00017078462406061589718 0.014208367094397544861 0.2381436079740524292 0.034892026335000991821 0.00010266795288771390915 0.015850821509957313538 0.11257530748844146729 0.077281489968299865723 0.14311273396015167236 0.080194413661956787109 0.065037108957767486572 0.036619551479816436768 0.009747355245053768158 0.010546392761170864105 0.0068915477022528648376 0.060005359351634979248 0.19339039921760559082 0.045684076845645904541 9.8412647053832767849e-18 2.1641169951180927455e-05 0.0066634812392294406891 0.0091141415759921073914 0.015154283493757247925 0.0074176844209432601929 0.012561451643705368042 0.043485287576913833618 0.023386541754007339478 0.036716282367706298828 0.054082177579402923584 0.051938764750957489014 0.017877697944641113281 0.084496043622493743896 0.12327449023723602295 0.19067959487438201904 0.0098050646483898162842 0.0063089290633797645569 0.097747012972831726074 0.31409943103790283203 0.057335663586854934692 0.27209118008613586426 0.052301663905382156372
0.0015169855905696749687 0.00044546442222781479359 0.00081574212526902556419 3.6012788620792529745e-18 3.9596479837200604379e-06 4.2624189518392086029e-05 5.8293701049800302622e-15 0.012789654545485973358 0.18616393208503723145 0.25415086746215820313 0.01487520802766084671 0.017779022455215454102 0.058870479464530944824 0.016538128256797790527 0.043547064065933227539 0.10501232743263244629 0.089381329715251922607 0.024399837478995323181 0.029045987874269485474 0.13524805009365081787 0.0012961678439751267433 0.0023922326508909463882 0.058184374123811721802 0.24748942255973815918 0.032056279480457305908 6.9819238393722368773e-17 0.00015353412891272455454 0.0026714405976235866547 0.0062377378344535827637 0.010841872543096542358 0.01020833384245634079 0.032477699220180511475 0.4290186464786529541 0.02691442146897315979 0.082832410931587219238 0.039394754916429519653 0.072841405868530273438 0.12954705953598022461 0.58254510164260864258 0.4288921058177947998 0.28142154216766357422 0.0063301459886133670807 0.0058956420980393886566 0.074199639260768890381 0.27068728208541870117 0.19490975141525268555 0.16738142073154449463 0.089862093329429626465
2.5488654848857249828e-28 2.8025072382687670012e-16 6.7153996285627509362e-18 1.3642466173199451103e-16 0.00015000050188973546028 0.0018924730829894542694 0.00011706366785801947117 0.022611994296312332153 0.28334686160087585449 0.37023127079010009766 0.12482053786516189575 0.2484595179557800293 0.0075992029160261154175 0.14092944562435150146 0.11287948489189147949 0.02496787533164024353 0.034524094313383102417 0.03053949400782585144 0.013765650801360607147 0.069742321968078613281 0.013208432123064994812 0.0027236752212047576904 0.018832737579941749573 0.028928885236382484436 0.00058515614364296197891 2.6088755396136584458e-17 5.5779990361770614982e-05 0.0018083327449858188629 0.0063720406033098697662 0.0080126272514462471008 0.012682845816016197205 0.022353215143084526062 0.20227715373039245605 0.048153366893529891968 0.01673429831862449646 0.011501023545861244202 0.044123433530330657959 0.023952446877956390381 0.029567265883088111877 0.036270461976528167725 0.040103361010551452637 0.038292586803436279297 0.013152844272553920746 0.0082746185362339019775 0.061741434037685394287 0.42256796360015869141 0.14220581948757171631 0.15267448127269744873
2.242005790615013601e-15 0.0024651114363223314285 5.9069279814139008522e-05 2.2390050705202468352e-16 0.0002461812109686434269 0.0025735003873705863953 0.002960190875455737114 0.32234007120132446289 0.10741410404443740845 0.42308500409126281738 0.61602473258972167969 0.069350674748420715332 0.01482636667788028717 0.0079909199848771095276 0.072206370532512664795 0.85514044761657714844 1.7324210405349731445 0.1652259528636932373 0.10172699391841888428 0.078084662556648254395 0.0065701492130756378174 0.011604093946516513824 0.018800636753439903259 0.015258469618856906891 2.8918114273665027324e-18 6.3591605794499628246e-06 0.00010441221820656210184 0.0005090654594823718071 7.4350333306938409805e-05 0.0020407796837389469147 0.0073636956512928009033 0.017628656700253486633 0.021132575348019599915 0.026206389069557189941 0.02830742858350276947 0.025422574952244758606 0.046567976474761962891 0.12134308367967605591 0.036907386034727096558 0.019915722310543060303 0.035005886107683181763 0.036316756159067153931 0.20671735703945159912 0.086467027664184570313 0.05286035686731338501 1.0426576137542724609 1.2020711898803710938 1.7231092453002929688
0.0012851430801674723625 0.0068929116241633892059 0.00068248715251684188843 0 7.4139312678113491488e-30 1.2506455230495137389e-15 0.0013661363627761602402 0.074696466326713562012 0.11233795434236526489 0.12843145430088043213 1.1236313581466674805 0.40546748042106628418 0.097218833863735198975 0.025624250993132591248 0.042634069919586181641 0.95750951766967773438 2.9878513813018798828 0.59643381834030151367 0.068090558052062988281 0.066888153553009033203 0.069052830338478088379 0.042572733014822006226 0.047639913856983184814 0.034596856683492660522 1.7823635735457043355e-15 0.0039194589480757713318 0.0091230571269989013672 0.0026737574953585863113 0.00041630439227446913719 0.0023318359162658452988 0.037126071751117706299 0.040516290813684463501 0.072456628084182739258 0.037996735423803329468 0.093071475625038146973 0.05454411730170249939 0.079013906419277191162 0.13354299962520599365 0.45857101678848266602 1.398302912712097168 0.05726839601993560791 0.09719295799732208252 0.84946852922439575195 0.056487128138542175293 0.020117415115237236023 0.1103422120213508606 0.94997888803482055664 1.572571873664855957
0.00019132011220790445805 0.00046999944606795907021 0.00026597309624776244164 0 6.5213629091925119164e-17 7.1703143476042896509e-05 0.00032702882890589535236 0.00016690137272235006094 0.079189538955688476563 3.499179840087890625 2.3319067955017089844 0.17295032739639282227 0.09776903688907623291 0.046082753688097000122 0.018331520259380340576 0.11650332063436508179 0.023602711036801338196 0.053219977766275405884 0.088184557855129241943 0.074254810810089111328 0.22696414589881896973 0.13130141794681549072 0.025193683803081512451 0.0054619531147181987762 1.2011249064585935442e-15 0.0023091188631951808929 0.0058955154381692409515 0.00091754610184580087662 0.0020673025865107774734 0.018188897520303726196 0.034152768552303314209 0.15000842511653900146 0.27423056960105895996 0.068466290831565856934 0.040302172303199768066 0.063932158052921295166 0.068571120500564575195 0.054450474679470062256 0.17971381545066833496 0.52042585611343383789 0.10235646367073059082 0.1422891467809677124 0.046184450387954711914 0.14458380639553070068 0.012180684134364128113 0.0085695739835500717163 0.21871529519557952881 0.45482426881790161133
6.4413263015455078069e-31 7.0823131668486631133e-19 3.9820185175088358709e-18 0 1.8932875473944445861e-17 2.0816916730836965144e-05 0.00012939827865920960903 0.00044092052849009633064 0.17450684309005737305 0.35590764880180358887 0.15308250486850738525 0.03540792316198348999 0.088870331645011901855 0.10500644892454147339 0.0025238296948373317719 0.011390579864382743835 0.010668842121958732605 0.058327950537204742432 0.045330677181482315063 0.11164797097444534302 0.14336116611957550049 0.11923743784427642822 0.15290968120098114014 0.017879204824566841125 0.0013287314213812351227 0.00041352162952534854412 0.00076747935963794589043 0.0017072337213903665543 0.91798692941665649414 1.3923450708389282227 0.024178873747587203979 0.098062656819820404053 0.12927168607711791992 0.050186756998300552368 0.044774778187274932861 0.11941771954298019409 0.011367253959178924561 0.011297911405563354492 0.013720078393816947937 0.043245423585176467896 0.35669076442718505859 0.28473806381225585938 0.16256454586982727051 0.23480950295925140381 0.013491694815456867218 0.0070527330972254276276 0.080929763615131378174 0.95277374982833862305
