data/water_occ_99.asc
ncols        384
nrows        480
xllcorner    138.000000000000
yllcorner    -29.000000000000
cellsize     0.041666666667
NODATA_value -9999
[rows 342 to 360 of 480, columns 210 to 251 of 384]
407.8095703125 404.159393310546875 400.52191162109375 396.897491455078125 393.286468505859375 389.689178466796875 386.1060791015625 382.53753662109375 378.98394775390625 375.44573974609375 371.923370361328125 368.41729736328125 364.927978515625 361.455902099609375 358.001556396484375 354.56549072265625 351.148193359375 347.750274658203125 344.37225341796875 341.0147705078125 337.678436279296875 334.36383056640625 331.0716552734375 327.802581787109375 324.557281494140625 321.33648681640625 318.140960693359375 314.971466064453125 311.82879638671875 308.7137451171875 305.627197265625 302.569976806640625 299.54302978515625 296.547271728515625 293.5836181640625 290.653106689453125 287.756744384765625 284.004669189453125 279.77569580078125 275.5478515625 271.32122802734375 267.0958251953125
410.21044921875 406.58294677734375 402.96844482421875 399.367340087890625 395.779937744140625 392.206634521484375 388.6478271484375 385.103912353515625 381.5753173828125 378.06243896484375 374.565765380859375 371.085693359375 367.622772216796875 364.17742919921875 360.750213623046875 357.34161376953125 353.952178955078125 350.58245849609375 347.2330322265625 343.90447998046875 340.59747314453125 337.31256103515625 334.050445556640625 330.811798095703125 327.5972900390625 324.407684326171875 321.243682861328125 318.106048583984375 314.99560546875 311.913116455078125 308.859466552734375 305.83551025390625 302.84210205078125 299.880218505859375 296.95074462890625 293.045654296875 288.82440185546875 284.60443115234375 280.385833740234375 276.168670654296875 271.9530029296875 267.738922119140625
412.649444580078125 409.044677734375 405.4532470703125 401.87548828125 398.311767578125 394.762481689453125 391.227996826171875 387.708740234375 384.20513916015625 380.717620849609375 377.246612548828125 373.792572021484375 370.35601806640625 366.9373779296875 363.5372314453125 360.156036376953125 356.79437255859375 353.452789306640625 350.1318359375 346.832122802734375 343.554290771484375 340.298919677734375 337.06671142578125 333.858306884765625 330.674407958984375 327.515716552734375 324.38299560546875 321.2769775390625 318.198455810546875 315.14825439453125 312.127197265625 309.1361083984375 306.1759033203125 302.123046875 297.909576416015625 293.697601318359375 289.487152099609375 285.2783203125 281.0711669921875 276.865753173828125 272.662200927734375 268.460540771484375
415.125885009765625 411.543914794921875 407.9755859375 404.421234130859375 400.8812255859375 397.35595703125 393.845855712890625 390.351287841796875 386.8726806640625 383.41046142578125 379.965118408203125 376.537078857421875 373.1268310546875 369.734893798828125 366.361724853515625 363.00787353515625 359.67388916015625 356.360321044921875 353.067718505859375 349.796722412109375 346.54791259765625 343.321929931640625 340.11944580078125 336.941070556640625 333.787567138671875 330.659576416015625 327.557861328125 324.483184814453125 321.43634033203125 318.418060302734375 315.429229736328125 311.233367919921875 307.02777099609375 302.823822021484375 298.62158203125 294.421112060546875 290.22247314453125 286.025787353515625 281.83111572265625 277.6385498046875 273.44818115234375 269.2601318359375
417.63909912109375 414.079986572265625 410.534759521484375 407.00384521484375 403.487579345703125 399.98638916015625 396.500640869140625 393.030731201171875 389.577117919921875 386.140228271484375 382.720489501953125 379.31842041015625 375.9344482421875 372.569091796875 369.22283935546875 365.896240234375 362.58984375 359.304168701171875 356.039825439453125 352.79736328125 349.57745361328125 346.380645751953125 343.207672119140625 340.05914306640625 336.935760498046875 333.838226318359375 330.767303466796875 327.723663330078125 324.572967529296875 320.373565673828125 316.1759033203125 311.980010986328125 307.78594970703125 303.593841552734375 299.403717041015625 295.215667724609375 291.02984619140625 286.846282958984375 282.66510009765625 278.48638916015625 274.310302734375 270.136932373046875
420.188446044921875 416.652191162109375 413.130126953125 409.6226806640625 406.130157470703125 402.65301513671875 399.19158935546875 395.746368408203125 392.317718505859375 388.906097412109375 385.511932373046875 382.1357421875 378.777984619140625 375.43914794921875 372.1197509765625 368.820281982421875 365.541351318359375 362.283447265625 359.04718017578125 355.8331298828125 352.64190673828125 349.47412109375 346.3304443359375 343.2115478515625 340.118072509765625 337.05072021484375 333.732635498046875 329.541015625 325.351226806640625 321.163330078125 316.977447509765625 312.793609619140625 308.6119384765625 304.4324951171875 300.255401611328125 296.08074951171875 291.90863037109375 287.739166259765625 283.57244873046875 279.40863037109375 275.24786376953125 271.090240478515625
422.77325439453125 419.2598876953125 415.761016845703125 412.277008056640625 408.8082275390625 405.3551025390625 401.91802978515625 398.4974365234375 395.09368896484375 391.707305908203125 388.33868408203125 384.988311767578125 381.65667724609375 378.344268798828125 375.051605224609375 371.7791748046875 368.527557373046875 365.297271728515625 362.088958740234375 358.903106689453125 355.74041748046875 352.6014404296875 349.48687744140625 346.3973388671875 342.917144775390625 338.73321533203125 334.551239013671875 330.371337890625 326.193511962890625 322.017913818359375 317.844573974609375 313.67364501953125 309.50518798828125 305.33929443359375 301.17608642578125 297.01568603515625 292.858184814453125 288.7037353515625 284.552490234375 280.404541015625 276.26007080078125 272.119232177734375
425.39288330078125 421.90240478515625 418.42669677734375 414.96612548828125 411.5211181640625 408.092010498046875 404.679229736328125 401.283203125 397.90435791015625 394.543121337890625 391.199951171875 387.875335693359375 384.569732666015625 381.28363037109375 378.017578125 374.772064208984375 371.547637939453125 368.3448486328125 365.16424560546875 362.0064697265625 358.872100830078125 355.76171875 352.12432861328125 347.948028564453125 343.773834228515625 339.601776123046875 335.43194580078125 331.26446533203125 327.099365234375 322.936798095703125 318.776824951171875 314.619537353515625 310.465087890625 306.313568115234375 302.16510009765625 298.01983642578125 293.87786865234375 289.739349365234375 285.60443115234375 281.473297119140625 277.346099853515625 273.2230224609375
428.04669189453125 424.5791015625 421.126556396484375 417.689422607421875 414.268096923828125 410.86297607421875 407.474456787109375 404.10296630859375 400.748931884765625 397.412811279296875 394.095001220703125 390.7960205078125 387.516357421875 384.2564697265625 381.01690673828125 377.79815673828125 374.600738525390625 371.425262451171875 368.27227783203125 365.142333984375 361.352264404296875 357.18353271484375 353.0169677734375 348.8526611328125 344.69073486328125 340.531219482421875 336.374237060546875 332.219879150390625 328.0682373046875 323.91943359375 319.7735595703125 315.6307373046875 311.4910888671875 307.354736328125 303.221832275390625 299.092498779296875 294.966888427734375 290.845184326171875 286.7275390625 282.6141357421875 278.505126953125 274.400787353515625
430.734039306640625 427.289337158203125 423.85992431640625 420.446197509765625 417.048553466796875 413.6673583984375 410.30303955078125 406.956024169921875 403.626739501953125 400.31561279296875 397.023101806640625 393.749664306640625 390.495819091796875 387.261993408203125 384.04876708984375 380.85662841796875 377.686126708984375 374.53778076171875 370.59918212890625 366.437896728515625 362.278900146484375 358.12225341796875 353.96807861328125 349.81640625 345.667388916015625 341.521087646484375 337.37762451171875 333.237091064453125 329.099609375 324.96527099609375 320.834228515625 316.706573486328125 312.582489013671875 308.462066650390625 304.34552001953125 300.232940673828125 296.124542236328125 292.020477294921875 287.920928955078125 283.82611083984375 279.736236572265625 275.651519775390625
433.454315185546875 430.032470703125 426.62615966796875 423.235809326171875 419.861785888671875 416.50445556640625 413.164306640625 409.8416748046875 406.53704833984375 403.250823974609375 399.983489990234375 396.735504150390625 393.50732421875 390.299468994140625 387.112457275390625 383.94677734375 379.863525390625 375.709564208984375 371.558013916015625 367.408905029296875 363.2623291015625 359.118377685546875 354.9771728515625 350.838775634765625 346.70330810546875 342.57086181640625 338.441558837890625 334.315521240234375 330.192840576171875 326.07366943359375 321.958160400390625 317.846405029296875 313.738616943359375 309.6348876953125 305.535430908203125 301.440399169921875 297.3499755859375 293.264373779296875 289.18377685546875 285.1083984375 281.0384521484375 276.974212646484375
436.2069091796875 432.807861328125 429.42462158203125 426.057586669921875 422.707122802734375 419.373626708984375 416.057525634765625 412.75921630859375 409.479156494140625 406.217742919921875 402.975494384765625 399.7528076171875 396.550201416015625 393.292938232421875 389.143829345703125 384.99713134765625 380.85284423828125 376.71112060546875 372.572052001953125 368.4356689453125 364.302093505859375 360.17144775390625 356.043792724609375 351.91925048828125 347.797943115234375 343.679962158203125 339.565460205078125 335.45452880859375 331.34735107421875 327.2440185546875 323.14471435546875 319.049560546875 314.958770751953125 310.872467041015625 306.79083251953125 302.714080810546875 298.64239501953125 294.576019287109375 290.515106201171875 286.4599609375 282.41082763671875 278.367889404296875
438.991180419921875 435.61492919921875 432.25469970703125 428.910919189453125 425.583953857421875 422.274200439453125 418.982086181640625 415.7080078125 412.452392578125 409.2156982421875 405.998382568359375 402.5809326171875 398.4388427734375 394.299224853515625 390.162139892578125 386.027679443359375 381.895904541015625 377.766937255859375 373.640838623046875 369.51776123046875 365.397735595703125 361.280914306640625 357.167388916015625 353.057281494140625 348.95074462890625 344.84783935546875 340.74871826171875 336.653564453125 332.5625 328.47564697265625 324.393218994140625 320.315338134765625 316.2421875 312.173980712890625 308.11090087890625 304.053131103515625 300.00091552734375 295.954498291015625 291.9140625 287.879913330078125 283.852294921875 279.83148193359375
441.80657958984375 438.453033447265625 435.11578369140625 431.795196533203125 428.49163818359375 425.20556640625 421.93731689453125 418.6873779296875 415.45611572265625 411.882537841796875 407.747344970703125 403.61468505859375 399.484649658203125 395.3572998046875 391.232696533203125 387.110992431640625 382.992218017578125 378.87652587890625 374.763946533203125 370.6546630859375 366.548736572265625 362.4462890625 358.34747314453125 354.252349853515625 350.1611328125 346.073883056640625 341.99078369140625 337.911956787109375 333.837615966796875 329.76788330078125 325.702911376953125 321.6429443359375 317.588134765625 313.538665771484375 309.494781494140625 305.456695556640625 301.424652099609375 297.39886474609375 293.379638671875 289.3671875 285.361846923828125 281.3638916015625
444.6524658203125 441.32159423828125 438.007232666015625 434.709747314453125 431.4295654296875 428.167022705078125 424.922607421875 421.196685791015625 417.068267822265625 412.94244384765625 408.819305419921875 404.69891357421875 400.58135986328125 396.46673583984375 392.355133056640625 388.24664306640625 384.141357421875 380.039398193359375 375.940887451171875 371.84588623046875 367.75457763671875 363.66705322265625 359.58343505859375 355.503875732421875 351.428497314453125 347.35748291015625 343.29095458984375 339.22906494140625 335.172027587890625 331.119964599609375 327.0731201171875 323.031646728515625 318.99578857421875 314.965728759765625 310.941680908203125 306.923919677734375 302.912689208984375 298.908233642578125 294.91082763671875 290.9207763671875 286.938385009765625 282.9639892578125
447.528289794921875 444.22003173828125 440.928466796875 437.654022216796875 434.3970947265625 430.52239990234375 426.400634765625 422.281524658203125 418.165130615234375 414.051544189453125 409.940887451171875 405.83319091796875 401.72857666015625 397.62713623046875 393.528961181640625 389.43414306640625 385.34283447265625 381.255126953125 377.171112060546875 373.0909423828125 369.014739990234375 364.942626953125 360.874725341796875 356.811248779296875 352.75225830078125 348.697998046875 344.6485595703125 340.60418701171875 336.56500244140625 332.531219482421875 328.5030517578125 324.480682373046875 320.46435546875 316.454254150390625 312.45068359375 308.453857421875 304.46405029296875 300.481536865234375 296.506622314453125 292.53961181640625 288.580841064453125 284.630645751953125
450.4334716796875 447.147735595703125 443.87890625 439.8587646484375 435.743499755859375 431.630950927734375 427.521209716796875 423.414306640625 419.31036376953125 415.209442138671875 411.111663818359375 407.01708984375 402.92584228515625 398.8380126953125 394.75372314453125 390.673065185546875 386.596160888671875 382.523162841796875 378.454132080078125 374.389251708984375 370.32861328125 366.272430419921875 362.22076416015625 358.173858642578125 354.13177490234375 350.09478759765625 346.06298828125 342.03662109375 338.015838623046875 334.000885009765625 329.991943359375 325.989227294921875 321.99298095703125 318.003448486328125 314.020904541015625 310.04559326171875 306.07781982421875 302.117828369140625 298.166015625 294.22265625 290.2880859375 286.362701416015625
453.31646728515625 449.204925537109375 445.0960693359375 440.989959716796875 436.886688232421875 432.786346435546875 428.68896484375 424.59466552734375 420.503570556640625 416.41571044921875 412.331207275390625 408.25018310546875 404.1727294921875 400.098968505859375 396.028961181640625 391.962890625 387.900848388671875 383.842987060546875 379.789398193359375 375.740264892578125 371.695709228515625 367.6558837890625 363.620941162109375 359.591064453125 355.56640625 351.54718017578125 347.53350830078125 343.525665283203125 339.5238037109375 335.528167724609375 331.538970947265625 327.556427001953125 323.580841064453125 319.612396240234375 315.65142822265625 311.69818115234375 307.752960205078125 303.81610107421875 299.887908935546875 295.96875 292.0589599609375 288.158935546875
454.45758056640625 450.3577880859375 446.2608642578125 442.166900634765625 438.075958251953125 433.988128662109375 429.903533935546875 425.822235107421875 421.74432373046875 417.669921875 413.59912109375 409.53204345703125 405.468780517578125 401.409454345703125 397.354217529296875 393.303131103515625 389.256378173828125 385.214080810546875 381.1763916015625 377.1434326171875 373.115386962890625 369.092376708984375 365.074615478515625 361.062255859375 357.05548095703125 353.054473876953125 349.059417724609375 345.070587158203125 341.088134765625 337.1123046875 333.143341064453125 329.1815185546875 325.22705078125 321.28021240234375 317.34130859375 313.41064453125 309.488525390625 305.575286865234375 301.6712646484375 297.776824951171875 293.892333984375 290.018218994140625
