data/water_occ_97.asc
ncols        384
nrows        480
xllcorner    138.000000000000
yllcorner    -29.000000000000
cellsize     0.041666666667
NODATA_value -9999
[rows 57 to 75 of 480, columns 126 to 167 of 384]
9.0937404632568359375 12.989518165588378906 16.494464874267578125 20.41428375244140625 24.551061630249023438 22.734350204467773438 18.187480926513671875 13.640610694885253906 9.0937404632568359375 4.5468702316284179688 2.0676771926575465699e-12 0 0 0 0 0 2.0676771926575465699e-12 4.5468702316284179688 6.4954595565795898438 10.208926200866699219 12.991384506225585938 10.331303596496582031 9.2766246795654296875 10.331303596496582031 12.991384506225585938 16.497770309448242188 20.419034957885742188 24.557231903076171875 28.819063186645507813 33.156890869140625 37.54438018798828125 41.9659576416015625 46.411884307861328125 50.875774383544921875 55.353282928466796875 59.8413543701171875 64.33777618408203125 68.840911865234375 73.34952545166015625 77.86266326904296875 82.37958526611328125 86.8997039794921875
6.4945249557495117188 10.206546783447265625 14.404796600341796875 18.765727996826171875 23.197774887084960938 23.201051712036132813 18.768320083618164063 14.406696319580078125 10.207737922668457031 6.4949932098388671875 4.5462026596069335938 2.3257572083490440917e-12 1.1749926643681091047e-25 0 0 0 2.0673736160492506286e-12 4.5462026596069335938 9.0924053192138671875 12.990452766418457031 16.496120452880859375 14.639074325561523438 13.914936065673828125 14.639074325561523438 16.623287200927734375 19.486377716064453125 22.901052474975585938 26.6561737060546875 30.626771926879882813 34.73903656005859375 38.948123931884765625 43.225757598876953125 47.55344390869140625 51.918666839599609375 56.312694549560546875 60.729282379150390625 65.1638336181640625 69.61292266845703125 74.0739288330078125 78.54482269287109375 83.0240020751953125 87.51020050048828125
4.5455327033996582031 9.0910654067993164063 13.636597633361816406 18.182130813598632813 22.727663040161132813 24.551061630249023438 20.41428375244140625 16.494464874267578125 12.989518165588378906 10.206546783447265625 6.4945249557495117188 4.5455327033996582031 2.0670689552387822019e-12 0 0 0 2.0670689552387822019e-12 4.5455327033996582031 9.0910654067993164063 13.636597633361816406 18.182130813598632813 19.102277755737304688 18.553249359130859375 19.102277755737304688 20.662019729614257813 23.02800750732421875 25.980901718139648438 29.344051361083984375 32.9922332763671875 36.840869903564453125 40.833316802978515625 44.9312591552734375 49.108287811279296875 53.345836639404296875 57.630550384521484375 61.95264434814453125 66.30481719970703125 70.68149566650390625 75.0784149169921875 79.4922027587890625 83.920196533203125 88.36026763916015625
4.5448598861694335938 9.0897197723388671875 12.986693382263183594 16.489459991455078125 19.479330062866210938 22.890390396118164063 22.896810531616210938 19.483572006225585938 16.492801666259765625 12.988579750061035156 10.205350875854492188 6.4940547943115234375 4.6383123397827148438 4.6383123397827148438 4.5448598861694335938 2.0667629933857067925e-12 2.0667629933857067925e-12 4.5448598861694335938 9.0897197723388671875 13.634580612182617188 18.179439544677734375 22.724300384521484375 23.191560745239257813 23.633016586303710938 24.910486221313476563 26.9051513671875 29.471750259399414063 32.474956512451171875 35.80507659912109375 39.3792572021484375 43.136882781982421875 47.03399658203125 51.038665771484375 55.12744903564453125 59.2829437255859375 63.49205780029296875 67.7447967529296875 72.0334320068359375 76.3519134521484375 80.6954498291015625 85.060211181640625 89.44307708740234375
4.5441851615905761719 6.4931101799011230469 10.202946662902832031 12.985746383666992188 16.487779617309570313 19.101316452026367188 20.658464431762695313 22.894678115844726563 19.4821624755859375 16.4911346435546875 12.987638473510742188 10.330125808715820313 9.2766246795654296875 9.0883703231811523438 4.5441851615905761719 2.0664561641708933948e-12 2.0664561641708933948e-12 4.5441851615905761719 9.0883703231811523438 13.632555961608886719 18.176740646362304688 22.720926284790039063 27.265110015869140625 28.19875335693359375 29.277524948120117188 30.992145538330078125 33.24437713623046875 35.933269500732421875 38.968536376953125 42.27564239501953125 45.795726776123046875 49.483364105224609375 53.3037872314453125 57.230411529541015625 61.242809295654296875 65.3251800537109375 69.4651947021484375 73.6531219482421875 77.8812408447265625 82.143341064453125 86.43439483642578125 90.75029754638671875
0 4.5435080528259277344 6.4926357269287109375 10.201737403869628906 12.98479461669921875 14.637610435485839844 16.618127822875976563 18.553249359130859375 19.101154327392578125 19.480749130249023438 16.62035369873046875 14.638241767883300781 13.630523681640625 9.0870161056518554688 4.5435080528259277344 4.132296501507815023e-12 4.5435080528259277344 6.4931101799011230469 10.202946662902832031 14.399056434631347656 18.757894515991210938 23.18787384033203125 27.654827117919921875 32.143341064453125 33.71709442138671875 35.21600341796875 37.2131805419921875 39.6333770751953125 42.404224395751953125 45.46164703369140625 48.75176239013671875 52.23061370849609375 55.862949371337890625 59.6207275390625 63.4816741943359375 67.428070068359375 71.44574737548828125 75.523345947265625 79.6516571044921875 83.82318115234375 88.0317840576171875 92.27239227294921875
0 0 4.5428280830383300781 6.4921593666076660156 9.2766246795654296875 10.328932762145996094 12.983839988708496094 13.914936065673828125 14.637398719787597656 16.617382049560546875 19.475040435791015625 18.171312332153320313 13.628484725952148438 9.0856561660766601563 4.5428280830383300781 4.3953356579362612422e-12 4.5428280830383300781 9.0856561660766601563 12.985746383666992188 16.487779617309570313 20.404684066772460938 24.538587570190429688 28.796184539794921875 33.12982177734375 37.513156890869140625 39.53287506103515625 41.321674346923828125 43.513641357421875 46.051242828369140625 48.880672454833984375 51.954280853271484375 55.231311798095703125 58.67769622802734375 62.265316009521484375 65.97113800048828125 69.7763214111328125 73.6654815673828125 77.62599945068359375 81.6474761962890625 85.72135162353515625 89.84047698974609375 93.99892425537109375
0 0 4.1310579089459675828e-12 4.5421462059020996094 4.6383123397827148438 6.4916810989379882813 9.2766246795654296875 9.2766246795654296875 10.328631401062011719 12.982882499694824219 16.482706069946289063 18.752626419067382813 14.395195960998535156 10.200524330139160156 6.4921593666076660156 4.6383123397827148438 6.4921593666076660156 10.200524330139160156 14.395195960998535156 18.752626419067382813 22.88823699951171875 26.63896942138671875 30.605207443237304688 34.713161468505859375 38.91797637939453125 43.191379547119140625 45.532062530517578125 47.52996063232421875 49.863246917724609375 52.48720550537109375 55.360523223876953125 58.446437835693359375 61.7130584716796875 65.133209228515625 68.68395233154296875 72.3460693359375 76.1034698486328125 79.94274139404296875 83.8526153564453125 87.82367706298828125 91.847991943359375 95.91884613037109375
0 0 0 0 4.130435143218091909e-12 4.5414614677429199219 4.6383123397827148438 4.6383123397827148438 6.4912014007568359375 10.198085784912109375 12.981921195983886719 16.4810028076171875 16.484403610229492188 12.983839988708496094 10.328932762145996094 9.2766246795654296875 10.328932762145996094 12.983839988708496094 16.484403610229492188 20.399831771850585938 24.532283782958984375 28.788450241088867188 32.9721832275390625 36.816425323486328125 40.80451202392578125 44.898128509521484375 49.070865631103515625 51.650608062744140625 53.805179595947265625 56.24518585205078125 58.9351806640625 61.84255218505859375 64.9381103515625 68.1962432861328125 71.5947418212890625 75.11456298828125 78.73944091796875 82.45552825927734375 86.25101470947265625 90.1158905029296875 94.041595458984375 98.02081298828125
0 0 0 0 0 0 0 2.0649053213833701292e-12 4.5407748222351074219 6.4907197952270507813 10.196860313415527344 14.389353752136230469 18.744653701782226563 16.617382049560546875 14.637398719787597656 13.914936065673828125 14.637398719787597656 16.617382049560546875 19.475040435791015625 22.88390350341796875 26.633152008056640625 30.597917556762695313 34.704410552978515625 38.90778350830078125 43.109569549560546875 47.00229644775390625 51.002597808837890625 55.087039947509765625 57.85048675537109375 60.126220703125 62.649425506591796875 65.39147186279296875 68.3260040283203125 71.42931365966796875 74.68035125732421875 78.06067657470703125 81.55419921875 85.147003173828125 88.8270263671875 92.5838775634765625 96.40857696533203125 100.29335784912109375
0 0 0 0 3.3345102075288341545e-39 3.6663323609297271343e-27 0 0 2.0645917701150873214e-12 4.5400853157043457031 9.0801706314086914063 13.620256423950195313 18.160341262817382813 20.657260894775390625 19.100992202758789063 18.553249359130859375 19.100992202758789063 20.657260894775390625 23.018400192260742188 25.965761184692382813 29.3231048583984375 32.965404510498046875 36.808162689208984375 40.79477691650390625 44.886928558349609375 49.058216094970703125 53.269191741943359375 57.1914215087890625 61.199451446533203125 64.10796356201171875 66.4798736572265625 69.06963348388671875 71.85369873046875 74.8103790283203125 77.9200286865234375 81.16506195068359375 84.5298919677734375 88.0007781982421875 91.5656585693359375 95.2139739990234375 98.9365081787109375 102.7251739501953125
1.6669986661454456357e-39 0 0 0 2.3464527109950253659e-25 2.5799520397655484327e-13 0 0 2.0642773514850665251e-12 4.5393939018249511719 9.0787878036499023438 13.618181228637695313 18.157573699951171875 22.69696807861328125 23.631975173950195313 23.191560745239257813 23.631975173950195313 24.906534194946289063 26.896915435791015625 29.458379745483398438 32.455997467041015625 35.78031158447265625 39.34860992431640625 43.100337982177734375 46.9915771484375 50.9904022216796875 55.073383331298828125 59.223114013671875 63.426494598388671875 67.38176727294921875 70.40755462646484375 72.85747528076171875 75.5016021728515625 78.320281982421875 81.29534149169921875 84.41025543212890625 87.650115966796875 91.00157928466796875 94.4527587890625 97.993133544921875 101.61336517333984375 105.30522918701171875
1.2096983533742746375e-25 1.6667422285264741942e-39 0 0 4.1279232636248774924e-12 4.5386996269226074219 0 0 2.0639616318124387462e-12 4.5386996269226074219 9.0773992538452148438 13.616098403930664063 18.154798507690429688 22.6934967041015625 27.232196807861328125 27.82987213134765625 28.197879791259765625 29.274156570434570313 30.984983444213867188 33.23250579833984375 35.916107177734375 38.94574737548828125 42.24704742431640625 45.761249542236328125 49.4429779052734375 53.25749969482421875 57.17824554443359375 61.184795379638671875 65.2613525390625 69.39557647705078125 73.5777435302734375 76.7387542724609375 79.2531280517578125 81.9424591064453125 84.79010009765625 87.78064727783203125 90.90000152587890625 94.13535308837890625 97.47515106201171875 100.909027099609375 104.427703857421875 108.02289581298828125
2.3215609122606561954e-12 1.1728656981524069516e-25 0 0 4.1272896558752769636e-12 4.5380029678344726563 0 0 2.0636448279376384818e-12 4.5380029678344726563 9.0760059356689453125 13.614008903503417969 18.152011871337890625 22.690015792846679688 27.228017807006835938 31.766019821166992188 32.78411865234375 33.71416473388671875 35.209686279296875 37.202556610107421875 39.61779022216796875 42.383243560791015625 45.4350128173828125 48.719318389892578125 52.192287445068359375 55.8187103271484375 59.5705718994140625 63.425609588623046875 67.366119384765625 71.3779449462890625 75.44971466064453125 79.5722198486328125 83.09423065185546875 85.6626739501953125 88.39013671875 91.26236724853515625 94.26613616943359375 97.38925933837890625 100.620635986328125 103.950164794921875 107.36871337890625 110.86804962158203125
4.5373044013977050781 2.063327156701100229e-12 0 0 0 0 1.6662265506916026615e-39 3.664070163617049887e-27 2.063327156701100229e-12 4.5373044013977050781 9.0746088027954101563 13.611912727355957031 18.1492156982421875 22.686519622802734375 27.22382354736328125 31.761127471923828125 36.298431396484375 38.201328277587890625 39.527240753173828125 41.312091827392578125 43.499423980712890625 46.031894683837890625 48.855861663818359375 51.92378997802734375 55.19500732421875 58.63550567626953125 62.2172088623046875 65.9170989990234375 69.71636199951171875 73.59961700439453125 77.55423736572265625 81.569854736328125 85.63787841796875 89.46869659423828125 92.0831146240234375 94.8431549072265625 97.73650360107421875 100.7516632080078125 103.87802886962890625 107.105865478515625 110.42626953125 113.831146240234375
0 0 0 0 0 3.3319332196529408159e-39 1.2091373993149526337e-25 2.5783601599257965908e-13 2.3266657697695869444e-12 4.5366029739379882813 9.0732059478759765625 13.609808921813964844 18.146411895751953125 22.683013916015625 27.219615936279296875 31.756219863891601563 36.292819976806640625 40.8294219970703125 43.910266876220703125 45.52335357666015625 47.5169219970703125 49.845348358154296875 52.464061737060546875 55.331859588623046875 58.412075042724609375 61.672882080078125 65.0871429443359375 68.63196563720703125 72.28813934326171875 76.03960418701171875 79.8729400634765625 83.77690887451171875 87.74207305908203125 91.7605133056640625 95.8255157470703125 98.51221466064453125 101.3003997802734375 104.21205902099609375 107.2371368408203125 110.366302490234375 113.59096527099609375 116.90320587158203125
0 0 0 0 0 2.3446398100272143282e-25 2.3204840826629435924e-12 4.5358991622924804688 4.6383123397827148438 6.4877972602844238281 10.189417839050292969 14.377486228942871094 18.728458404541015625 23.150665283203125 27.609899520874023438 32.090732574462890625 36.585224151611328125 41.088893890380859375 45.599025726318359375 49.81053924560546875 51.63858795166015625 53.788562774658203125 56.22354888916015625 58.90821075439453125 61.810024261474609375 64.89986419677734375 68.15216827392578125 71.5447845458984375 75.05867767333984375 78.6776123046875 82.3877410888671875 86.1772918701171875 90.03623199462890625 93.9560089111328125 97.9293212890625 101.94991302490234375 104.9482879638671875 107.76100921630859375 110.68869781494140625 113.72248077392578125 116.85408782958984375 120.07587432861328125
0 0 0 0 0 4.1247339745142941325e-12 4.5351929664611816406 6.4873046875 9.2766246795654296875 10.3261871337890625 12.975101470947265625 16.468914031982421875 20.377580642700195313 24.503370285034179688 28.752969741821289063 33.07869720458984375 37.454181671142578125 41.863826751708984375 46.29787445068359375 50.7499237060546875 55.215625762939453125 57.835010528564453125 60.105945587158203125 62.62401580810546875 65.36065673828125 68.2895965576171875 71.38716888427734375 74.63238525390625 78.00681304931640625 81.49440765380859375 85.0812530517578125 88.75531768798828125 92.5062103271484375 96.32495880126953125 100.20379638671875 104.136016845703125 108.11579132080078125 111.39005279541015625 114.224334716796875 117.16616058349609375 120.20763397216796875 123.34137725830078125
0 0 0 0 0 4.1240895247429687487e-12 4.5344843864440917969 6.4863138198852539063 10.185639381408691406 12.97212982177734375 16.46364593505859375 19.461912155151367188 22.86403656005859375 26.606479644775390625 30.564483642578125 34.664287567138671875 38.8610382080078125 43.126445770263671875 47.441989898681640625 51.79514312744140625 56.17716217041015625 60.581783294677734375 64.08892059326171875 66.4558868408203125 69.04041290283203125 71.8190155029296875 74.77007293701171875 77.87397003173828125 81.11316680908203125 84.47210693359375 87.9370574951171875 91.49597930908203125 95.13832855224609375 98.854888916015625 102.6375885009765625 106.4793853759765625 110.37410736083984375 114.31634521484375 117.83647918701171875 120.68985748291015625 123.6442413330078125 126.6925506591796875
