data/water_occ_99.asc
ncols        384
nrows        480
xllcorner    138.000000000000
yllcorner    -29.000000000000
cellsize     0.041666666667
NODATA_value -9999
[rows 228 to 246 of 480, columns 84 to 125 of 384]
160.1976776123046875 162.1922760009765625 164.281280517578125 166.4611663818359375 168.7283782958984375 171.0794830322265625 173.51104736328125 176.0197296142578125 178.6023101806640625 181.2555999755859375 183.9765472412109375 186.76220703125 189.609710693359375 192.516326904296875 195.479400634765625 198.496429443359375 201.564971923828125 204.682708740234375 207.847442626953125 211.0570526123046875 214.30950927734375 217.6029205322265625 220.9354095458984375 224.3052825927734375 227.710845947265625 231.150543212890625 234.6228485107421875 238.1263580322265625 241.6597137451171875 245.22161865234375 248.8108367919921875 252.42620849609375 256.066650390625 259.7310791015625 263.418487548828125 267.127960205078125 270.858551025390625 274.609405517578125 278.379730224609375 282.168731689453125 285.975677490234375 289.799835205078125
164.369964599609375 166.3140716552734375 168.3514556884765625 170.478790283203125 172.6927642822265625 174.99005126953125 177.3674468994140625 179.82177734375 182.3498992919921875 184.948822021484375 187.6155853271484375 190.34735107421875 193.1413421630859375 195.9949188232421875 198.905487060546875 201.8706207275390625 204.8879241943359375 207.9551239013671875 211.070068359375 214.2306365966796875 217.43487548828125 220.680877685546875 223.9668121337890625 227.2909393310546875 230.651641845703125 234.04730224609375 237.4764556884765625 240.937652587890625 244.4295501708984375 247.9508209228515625 251.5002593994140625 255.0766754150390625 258.678955078125 262.3060302734375 265.956878662109375 269.63055419921875 273.32611083984375 277.042694091796875 280.77947998046875 284.535614013671875 288.3104248046875 292.103118896484375
168.5666046142578125 170.46240234375 172.4503173828125 174.5272064208984375 176.68994140625 178.935394287109375 181.260498046875 183.6622314453125 186.1376190185546875 188.68377685546875 191.2978515625 193.9771270751953125 196.71893310546875 199.5206756591796875 202.3798828125 205.2941436767578125 208.261138916015625 211.2786712646484375 214.3445892333984375 217.4568328857421875 220.6134796142578125 223.8126220703125 227.052459716796875 230.331298828125 233.6474761962890625 236.9994354248046875 240.3856658935546875 243.8047637939453125 247.255340576171875 250.736114501953125 254.2458343505859375 257.7833251953125 261.347442626953125 264.9371337890625 268.5513916015625 272.189178466796875 275.849578857421875 279.53173828125 283.23480224609375 286.95794677734375 290.70037841796875 294.461395263671875
172.78582763671875 174.6353912353515625 176.57586669921875 178.60430908203125 180.717742919921875 182.913238525390625 185.1878662109375 187.53875732421875 189.9630584716796875 192.4580230712890625 195.020904541015625 197.6490936279296875 200.3400115966796875 203.091156005859375 205.900115966796875 208.764556884765625 211.6822357177734375 214.650970458984375 217.668670654296875 220.73333740234375 223.8430328369140625 226.99591064453125 230.1902008056640625 233.4241943359375 236.696258544921875 240.0048675537109375 243.3484954833984375 246.7257232666015625 250.1352081298828125 253.5756378173828125 257.045745849609375 260.544403076171875 264.0704345703125 267.622772216796875 271.200347900390625 274.802215576171875 278.42742919921875 282.0750732421875 285.744293212890625 289.43426513671875 293.14422607421875 296.8734130859375
176.7335052490234375 178.831298828125 180.7262725830078125 182.7081756591796875 184.7741851806640625 186.921539306640625 189.147430419921875 191.44915771484375 193.8239898681640625 196.269287109375 198.7824554443359375 201.360931396484375 204.00225830078125 206.7040252685546875 209.4638824462890625 212.279571533203125 215.1489105224609375 218.0697479248046875 221.0400848388671875 224.05792236328125 227.121368408203125 230.2286224365234375 233.3779144287109375 236.5675811767578125 239.795989990234375 243.0616302490234375 246.36297607421875 249.6986541748046875 253.067291259765625 256.467559814453125 259.898284912109375 263.35821533203125 266.846221923828125 270.361236572265625 273.9022216796875 277.468170166015625 281.058135986328125 284.671234130859375 288.306549072265625 291.9632568359375 295.640594482421875 299.337799072265625
180.280029296875 183.048553466796875 184.899871826171875 186.8370361328125 188.8574066162109375 190.958343505859375 193.13720703125 195.391387939453125 197.7183380126953125 200.115478515625 202.5803375244140625 205.1104888916015625 207.703521728515625 210.35711669921875 213.0690155029296875 215.8370208740234375 218.65899658203125 221.5328826904296875 224.456695556640625 227.4284820556640625 230.4464263916015625 233.508697509765625 236.6136016845703125 239.7594757080078125 242.9447174072265625 246.1678009033203125 249.427276611328125 252.7217254638671875 256.0498046875 259.410186767578125 262.801666259765625 266.223052978515625 269.673187255859375 273.1510009765625 276.65545654296875 280.185516357421875 283.740264892578125 287.318756103515625 290.920135498046875 294.543548583984375 298.188201904296875 301.85333251953125
183.8751373291015625 186.6544647216796875 189.095123291015625 190.989288330078125 192.9657135009765625 195.0218963623046875 197.1553497314453125 199.36358642578125 201.6441497802734375 203.994598388671875 206.412567138671875 208.8957061767578125 211.4417266845703125 214.0483551025390625 216.71343994140625 219.434814453125 222.21044921875 225.0383148193359375 227.916473388671875 230.8430328369140625 233.8161773681640625 236.83416748046875 239.8953094482421875 242.997955322265625 246.140533447265625 249.321563720703125 252.5395660400390625 255.79315185546875 259.08099365234375 262.401763916015625 265.7542724609375 269.1373291015625 272.54974365234375 275.990509033203125 279.45849609375 282.952789306640625 286.47235107421875 290.01629638671875 293.583709716796875 297.173797607421875 300.78570556640625 304.418701171875
187.51605224609375 190.241546630859375 193.029205322265625 195.163421630859375 197.0975341796875 199.1105804443359375 201.2001800537109375 203.3639678955078125 205.5996246337890625 207.904815673828125 210.2772674560546875 212.7147064208984375 215.2149505615234375 217.7758026123046875 220.3951873779296875 223.0710296630859375 225.8013153076171875 228.5840911865234375 231.4174652099609375 234.2996063232421875 237.2287445068359375 240.203155517578125 243.221160888671875 246.28118896484375 249.3816680908203125 252.5211029052734375 255.698089599609375 258.911224365234375 262.1591796875 265.440643310546875 268.75445556640625 272.099395751953125 275.474334716796875 278.878204345703125 282.309906005859375 285.76849365234375 289.252960205078125 292.762420654296875 296.295928955078125 299.852691650390625 303.431854248046875 307.032684326171875
191.20013427734375 193.873199462890625 196.6087188720703125 199.3580780029296875 201.2514190673828125 203.2228546142578125 205.2700958251953125 207.39093017578125 209.583099365234375 211.8444061279296875 214.17266845703125 216.5656890869140625 219.0213775634765625 221.5376434326171875 224.112457275390625 226.7437896728515625 229.429718017578125 232.168365478515625 234.957855224609375 237.796417236328125 240.6822967529296875 243.6138458251953125 246.5894012451171875 249.6074066162109375 252.6663360595703125 255.7647247314453125 258.901153564453125 262.074249267578125 265.28271484375 268.5252685546875 271.8006591796875 275.1077880859375 278.445465087890625 281.8126220703125 285.208221435546875 288.631256103515625 292.08074951171875 295.5557861328125 299.055450439453125 302.578948974609375 306.125396728515625 309.69403076171875
194.924957275390625 197.5469970703125 200.2316741943359375 202.9765167236328125 205.4260406494140625 207.3573150634765625 209.3636474609375 211.44293212890625 213.5930023193359375 215.811767578125 218.0971221923828125 220.446990966796875 222.8593292236328125 225.3321533203125 227.86346435546875 230.4513702392578125 233.0939483642578125 235.7893829345703125 238.5358734130859375 241.3316802978515625 244.17510986328125 247.06451416015625 249.998291015625 252.97491455078125 255.992889404296875 259.050750732421875 262.147125244140625 265.2806396484375 268.450042724609375 271.65399169921875 274.891357421875 278.16094970703125 281.461639404296875 284.792327880859375 288.152008056640625 291.5396728515625 294.954315185546875 298.39508056640625 301.860992431640625 305.35125732421875 308.86505126953125 312.40155029296875
198.6882171630859375 201.2606201171875 203.895782470703125 206.5912933349609375 209.344818115234375 211.512664794921875 213.4794921875 215.5185699462890625 217.62786865234375 219.805389404296875 222.049102783203125 224.357025146484375 226.727203369140625 229.1576995849609375 231.6466217041015625 234.1920928955078125 236.7923126220703125 239.4454803466796875 242.1498565673828125 244.9037322998046875 247.7054901123046875 250.553497314453125 253.4462127685546875 256.382110595703125 259.359710693359375 262.37762451171875 265.4344482421875 268.52886962890625 271.65960693359375 274.82537841796875 278.025054931640625 281.2574462890625 284.52142333984375 287.81591796875 291.139892578125 294.49237060546875 297.87237548828125 301.27899169921875 304.711273193359375 308.16845703125 311.649627685546875 315.154022216796875
202.48779296875 205.01190185546875 207.59881591796875 210.2462158203125 212.9518585205078125 215.6876983642578125 217.6163330078125 219.61651611328125 221.68634033203125 223.8238525390625 226.0271453857421875 228.2943115234375 230.62347412109375 233.01275634765625 235.4603424072265625 237.96441650390625 240.5232391357421875 243.1350555419921875 245.7982025146484375 248.511016845703125 251.271881103515625 254.0792388916015625 256.93157958984375 259.827392578125 262.765228271484375 265.743743896484375 268.761566162109375 271.8173828125 274.909912109375 278.0379638671875 281.2003173828125 284.395843505859375 287.6234130859375 290.88201904296875 294.170562744140625 297.488067626953125 300.8336181640625 304.20623779296875 307.605072021484375 311.02923583984375 314.4779052734375 317.9503173828125
206.3216400146484375 208.7988128662109375 211.338775634765625 213.93927001953125 216.5981292724609375 219.3132171630859375 221.77301025390625 223.735565185546875 225.7671356201171875 227.8658599853515625 230.0299224853515625 232.257476806640625 234.546722412109375 236.8958740234375 239.30316162109375 241.7668609619140625 244.285247802734375 246.8566436767578125 249.47943115234375 252.1519927978515625 254.8727569580078125 257.640228271484375 260.452880859375 263.30926513671875 266.2080078125 269.147705078125 272.1270751953125 275.144775390625 278.1995849609375 281.290313720703125 284.415740966796875 287.57476806640625 290.76629638671875 293.9892578125 297.242645263671875 300.525482177734375 303.836761474609375 307.175628662109375 310.5411376953125 313.932464599609375 317.3487548828125 320.78924560546875
210.18792724609375 212.6194610595703125 215.11370849609375 217.668487548828125 220.2816925048828125 222.9512939453125 225.675262451171875 227.8745574951171875 229.8690643310546875 231.9301910400390625 234.05615234375 236.2452239990234375 238.4956512451171875 240.80572509765625 243.173736572265625 245.5980072021484375 248.076904296875 250.608795166015625 253.1920928955078125 255.825225830078125 258.506683349609375 261.2349853515625 264.008697509765625 266.826324462890625 269.68658447265625 272.58807373046875 275.529510498046875 278.5096435546875 281.5272216796875 284.5810546875 287.66998291015625 290.79290771484375 293.94873046875 297.13641357421875 300.354949951171875 303.60333251953125 306.880615234375 310.1859130859375 313.518310546875 316.876953125 320.261016845703125 323.66973876953125
214.0848541259765625 216.4720458984375 218.9217987060546875 221.432037353515625 224.000732421875 226.625885009765625 229.3055572509765625 232.032440185546875 233.99102783203125 236.015655517578125 238.104644775390625 240.2563018798828125 242.4689788818359375 244.740997314453125 247.0707244873046875 249.4565582275390625 251.8968963623046875 254.3901519775390625 256.934814453125 259.52935791015625 262.17230224609375 264.8621826171875 267.597625732421875 270.377197265625 273.1995849609375 276.0634765625 278.967559814453125 281.91064453125 284.8914794921875 287.90887451171875 290.961761474609375 294.048980712890625 297.169464111328125 300.32220458984375 303.50616455078125 306.72039794921875 309.963958740234375 313.23590087890625 316.535400390625 319.861572265625 323.213592529296875 326.590667724609375
218.01080322265625 220.3549041748046875 222.7613677978515625 225.2282257080078125 227.75347900390625 230.335235595703125 232.9716033935546875 235.6607513427734375 238.1319732666015625 240.1212158203125 242.174285888671875 244.2895965576171875 246.4655303955078125 248.7004852294921875 250.992919921875 253.34124755859375 255.743927001953125 258.199462890625 260.706329345703125 263.263092041015625 265.8682861328125 268.5205078125 271.2183837890625 273.9605712890625 276.7457275390625 279.572601318359375 282.439910888671875 285.346466064453125 288.29107666015625 291.272552490234375 294.289794921875 297.341705322265625 300.42724609375 303.54541015625 306.69512939453125 309.875518798828125 313.085601806640625 316.324493408203125 319.59130859375 322.88519287109375 326.205322265625 329.550933837890625
221.9642333984375 224.266448974609375 226.6308135986328125 229.055389404296875 231.5383148193359375 234.0777130126953125 236.6717529296875 239.318695068359375 242.0167694091796875 244.2458343505859375 246.2640380859375 248.343994140625 250.48419189453125 252.683074951171875 254.93914794921875 257.250885009765625 259.6168212890625 262.03546142578125 264.50537109375 267.025146484375 269.593353271484375 272.20867919921875 274.86968994140625 277.575164794921875 280.32373046875 283.11419677734375 285.945343017578125 288.815887451171875 291.724761962890625 294.6707763671875 297.652862548828125 300.669921875 303.720916748046875 306.804840087890625 309.920684814453125 313.067535400390625 316.24444580078125 319.450531005859375 322.684906005859375 325.946746826171875 329.235198974609375 332.549530029296875
225.943695068359375 228.2052154541015625 230.5286102294921875 232.91204833984375 235.3536834716796875 237.8517303466796875 240.4044342041015625 243.0100860595703125 245.6669769287109375 248.3734588623046875 250.372894287109375 252.4185028076171875 254.52392578125 256.68768310546875 258.9083251953125 261.184356689453125 263.514404296875 265.89703369140625 268.330810546875 270.81439208984375 273.34637451171875 275.92547607421875 278.550384521484375 281.219757080078125 283.932403564453125 286.687103271484375 289.482574462890625 292.317718505859375 295.19140625 298.102447509765625 301.0498046875 304.032440185546875 307.049285888671875 310.099365234375 313.18170166015625 316.29534912109375 319.43939208984375 322.612945556640625 325.815155029296875 329.045166015625 332.30218505859375 335.58538818359375
229.947845458984375 232.1698150634765625 234.453369140625 236.796722412109375 239.1981201171875 241.6558380126953125 244.16815185546875 246.733428955078125 249.350006103515625 252.01629638671875 254.49993896484375 256.51214599609375 258.583740234375 260.713287353515625 262.899383544921875 265.140625 267.435638427734375 269.783050537109375 272.1815185546875 274.629669189453125 277.126190185546875 279.6697998046875 282.259246826171875 284.89324951171875 287.570587158203125 290.29010009765625 293.050537109375 295.850799560546875 298.689788818359375 301.566375732421875 304.4794921875 307.428131103515625 310.4112548828125 313.427886962890625 316.47705078125 319.557830810546875 322.669342041015625 325.8106689453125 328.98095703125 332.179412841796875 335.40521240234375 338.657562255859375
